 5.874196431E+01	 1.684000000E+03
 6.371206119E+01	 4.091800049E+03
 6.867965313E+01	 6.509399902E+03
 7.364474049E+01	 7.439799805E+03
 7.860732366E+01	 7.684000000E+03
 8.356740304E+01	 7.833399902E+03
 8.852497903E+01	 7.852399902E+03
 9.348005205E+01	 7.859200195E+03
 9.843262250E+01	 7.881600098E+03
 1.033826908E+02	 7.871000000E+03
 1.083302575E+02	 7.844200195E+03
 1.132753228E+02	 7.757200195E+03
 1.182178874E+02	 7.873000000E+03
 1.231579517E+02	 7.783200195E+03
 1.280955161E+02	 7.749799805E+03
 1.330305811E+02	 7.596200195E+03
 1.379631473E+02	 7.537399902E+03
 1.428932150E+02	 7.479600098E+03
 1.478207848E+02	 7.515200195E+03
 1.527458573E+02	 7.460799805E+03
 1.576684328E+02	 7.355399902E+03
 1.625885121E+02	 7.239399902E+03
 1.675060955E+02	 7.097799805E+03
 1.724211837E+02	 7.087799805E+03
 1.773337772E+02	 7.040399902E+03
 1.822438765E+02	 6.996600098E+03
 1.871514822E+02	 6.945600098E+03
 1.920565950E+02	 6.840000000E+03
 1.969592153E+02	 6.752000000E+03
 2.018593437E+02	 6.621399902E+03
 2.067569809E+02	 6.589200195E+03
 2.116521275E+02	 6.553200195E+03
 2.165447841E+02	 6.586200195E+03
 2.214349512E+02	 6.569200195E+03
 2.263226296E+02	 6.459000000E+03
 2.312078198E+02	 6.428799805E+03
 2.360905225E+02	 6.355799805E+03
 2.409707384E+02	 6.286600098E+03
 2.458484680E+02	 6.207000000E+03
 2.507237122E+02	 6.150600098E+03
 2.555964714E+02	 6.142799805E+03
 2.604667465E+02	 6.137200195E+03
 2.653345381E+02	 6.152799805E+03
 2.701998469E+02	 6.189000000E+03
 2.750626735E+02	 6.122000000E+03
 2.799230188E+02	 6.076200195E+03
 2.847808833E+02	 6.033799805E+03
 2.896362679E+02	 6.000600098E+03
 2.944891732E+02	 6.017600098E+03
 2.993396000E+02	 6.048799805E+03
 3.041875491E+02	 6.015000000E+03
 3.090330211E+02	 5.956399902E+03
 3.138760168E+02	 5.911200195E+03
 3.187165370E+02	 5.907000000E+03
 3.235545825E+02	 5.857799805E+03
 3.283901540E+02	 5.792000000E+03
 3.332232523E+02	 5.802000000E+03
 3.380538782E+02	 5.779200195E+03
 3.428820325E+02	 5.815600098E+03
 3.477077159E+02	 5.849200195E+03
 3.525309293E+02	 5.889200195E+03
 3.573516736E+02	 5.916799805E+03
 3.621699494E+02	 5.900200195E+03
 3.669857577E+02	 5.952600098E+03
 3.717990992E+02	 5.970200195E+03
 3.766099749E+02	 5.996600098E+03
 3.814183855E+02	 6.016200195E+03
 3.862243319E+02	 6.018200195E+03
 3.910278150E+02	 6.045799805E+03
 3.958288355E+02	 6.027399902E+03
 4.006273945E+02	 6.046200195E+03
 4.054234927E+02	 6.050799805E+03
 4.102171310E+02	 6.059000000E+03
 4.150083103E+02	 6.039600098E+03
 4.197970316E+02	 6.005000000E+03
 4.245832956E+02	 5.907799805E+03
 4.293671033E+02	 5.889600098E+03
 4.341484557E+02	 5.798200195E+03
 4.389273536E+02	 5.767200195E+03
 4.437037979E+02	 5.678600098E+03
 4.484777896E+02	 5.583399902E+03
 4.532493296E+02	 5.527200195E+03
 4.580184188E+02	 5.443600098E+03
 4.627850582E+02	 5.359000000E+03
 4.675492487E+02	 5.349000000E+03
 4.723109913E+02	 5.323200195E+03
 4.770702869E+02	 5.281600098E+03
 4.818271365E+02	 5.280000000E+03
 4.865815411E+02	 5.248399902E+03
 4.913335016E+02	 5.224200195E+03
 4.960830191E+02	 5.217000000E+03
 5.008300944E+02	 5.251000000E+03
 5.055747286E+02	 5.201200195E+03
 5.103169227E+02	 5.207799805E+03
 5.150566777E+02	 5.201799805E+03
 5.197939945E+02	 5.181799805E+03
 5.245288743E+02	 5.138200195E+03
 5.292613180E+02	 5.098799805E+03
 5.339913266E+02	 5.130600098E+03
 5.387189012E+02	 5.105600098E+03
 5.434440427E+02	 5.104200195E+03
 5.481667523E+02	 5.070000000E+03
 5.528870309E+02	 5.057200195E+03
 5.576048796E+02	 5.028799805E+03
 5.623202995E+02	 5.020399902E+03
 5.670332916E+02	 5.035600098E+03
 5.717438570E+02	 5.007600098E+03
 5.764519967E+02	 5.062799805E+03
 5.811577118E+02	 5.077200195E+03
 5.858610033E+02	 5.047200195E+03
 5.905618725E+02	 5.090200195E+03
 5.952603202E+02	 5.048200195E+03
 5.999563477E+02	 5.073200195E+03
 6.046499559E+02	 5.094200195E+03
 6.093411461E+02	 4.998600098E+03
 6.140299193E+02	 4.919799805E+03
 6.187162766E+02	 4.867600098E+03
 6.234002191E+02	 4.807200195E+03
 6.280817479E+02	 4.727000000E+03
 6.327608642E+02	 4.747399902E+03
 6.374375690E+02	 4.722200195E+03
 6.421118636E+02	 4.747000000E+03
 6.467837489E+02	 4.729000000E+03
 6.514532263E+02	 4.732200195E+03
 6.561202967E+02	 4.730000000E+03
 6.607849614E+02	 4.748399902E+03
 6.654472214E+02	 4.763000000E+03
 6.701070780E+02	 4.806600098E+03
 6.747645323E+02	 4.821600098E+03
 6.794195855E+02	 4.823000000E+03
 6.840722386E+02	 4.868600098E+03
 6.887224930E+02	 4.883200195E+03
 6.933703497E+02	 4.926600098E+03
 6.980158099E+02	 4.943399902E+03
 7.026588748E+02	 4.957200195E+03
 7.072995457E+02	 4.976000000E+03
 7.119378236E+02	 4.982000000E+03
 7.165737098E+02	 5.023399902E+03
 7.212072054E+02	 5.032399902E+03
 7.258383117E+02	 5.036799805E+03
 7.304670299E+02	 5.074799805E+03
 7.350933611E+02	 5.021799805E+03
 7.397173066E+02	 4.997600098E+03
 7.443388676E+02	 4.999600098E+03
 7.489580453E+02	 5.003799805E+03
 7.535748409E+02	 4.948799805E+03
 7.581892557E+02	 4.968600098E+03
 7.628012909E+02	 4.902399902E+03
 7.674109476E+02	 4.868200195E+03
 7.720182272E+02	 4.867600098E+03
 7.766231309E+02	 4.832000000E+03
 7.812256599E+02	 4.790000000E+03
 7.858258154E+02	 4.824200195E+03
 7.904235988E+02	 4.792600098E+03
 7.950190112E+02	 4.785200195E+03
 7.996120539E+02	 4.800600098E+03
 8.042027282E+02	 4.816399902E+03
 8.087910353E+02	 4.941200195E+03
 8.133769766E+02	 5.256600098E+03
 8.179605532E+02	 5.764600098E+03
 8.225417664E+02	 6.067600098E+03
 8.271206175E+02	 5.841600098E+03
 8.316971078E+02	 5.355799805E+03
 8.362712385E+02	 5.082399902E+03
 8.408430111E+02	 5.128799805E+03
 8.454124266E+02	 5.305200195E+03
 8.499794864E+02	 5.734399902E+03
 8.545441919E+02	 6.085000000E+03
 8.591065442E+02	 5.827600098E+03
 8.636665448E+02	 5.297600098E+03
 8.682241949E+02	 4.920399902E+03
 8.727794957E+02	 4.764399902E+03
 8.773324487E+02	 4.766799805E+03
 8.818830551E+02	 4.690399902E+03
 8.864313162E+02	 4.619000000E+03
 8.909772334E+02	 4.521799805E+03
 8.955208079E+02	 4.490000000E+03
 9.000620411E+02	 4.459000000E+03
 9.046009344E+02	 4.459200195E+03
 9.091374889E+02	 4.415200195E+03
 9.136717061E+02	 4.446600098E+03
 9.182035873E+02	 4.443799805E+03
 9.227331339E+02	 4.442000000E+03
 9.272603471E+02	 4.414399902E+03
 9.317852282E+02	 4.405000000E+03
 9.363077788E+02	 4.402200195E+03
 9.408280000E+02	 4.447799805E+03
 9.453458932E+02	 4.443399902E+03
 9.498614598E+02	 4.497200195E+03
 9.543747012E+02	 4.517799805E+03
 9.588856186E+02	 4.555799805E+03
 9.633942135E+02	 4.532799805E+03
 9.679004872E+02	 4.530000000E+03
 9.724044410E+02	 4.429200195E+03
 9.769060763E+02	 4.402799805E+03
 9.814053946E+02	 4.305200195E+03
 9.859023970E+02	 4.319600098E+03
 9.903970852E+02	 4.266399902E+03
 9.948894603E+02	 4.199200195E+03
 9.993795238E+02	 4.173799805E+03
 1.003867277E+03	 4.114799805E+03
 1.008352721E+03	 4.027399902E+03
 1.012835858E+03	 3.982199951E+03
 1.017316689E+03	 3.919800049E+03
 1.021795215E+03	 3.823399902E+03
 1.026271438E+03	 3.780199951E+03
 1.030745358E+03	 3.717800049E+03
 1.035216979E+03	 3.639199951E+03
 1.039686300E+03	 3.596000000E+03
 1.044153323E+03	 3.521600098E+03
 1.048618050E+03	 3.467800049E+03
 1.053080482E+03	 3.443199951E+03
 1.057540620E+03	 3.365399902E+03
 1.061998466E+03	 3.324399902E+03
 1.066454022E+03	 3.321000000E+03
 1.070907288E+03	 3.283600098E+03
 1.075358266E+03	 3.233600098E+03
 1.079806958E+03	 3.181199951E+03
 1.084253364E+03	 3.162199951E+03
 1.088697487E+03	 3.088000000E+03
 1.093139327E+03	 3.030199951E+03
 1.097578887E+03	 2.953399902E+03
 1.102016167E+03	 2.922800049E+03
 1.106451169E+03	 2.863000000E+03
 1.110883895E+03	 2.834000000E+03
 1.115314345E+03	 2.788000000E+03
 1.119742522E+03	 2.749199951E+03
 1.124168426E+03	 2.726199951E+03
 1.128592060E+03	 2.697800049E+03
 1.133013424E+03	 2.697600098E+03
 1.137432520E+03	 2.660399902E+03
 1.141849349E+03	 2.652199951E+03
 1.146263913E+03	 2.645000000E+03
 1.150676214E+03	 2.610199951E+03
 1.155086252E+03	 2.584399902E+03
 1.159494029E+03	 2.589600098E+03
 1.163899547E+03	 2.545600098E+03
 1.168302807E+03	 2.538800049E+03
 1.172703810E+03	 2.516399902E+03
 1.177102559E+03	 2.521800049E+03
 1.181499054E+03	 2.491800049E+03
 1.185893296E+03	 2.486000000E+03
 1.190285288E+03	 2.458600098E+03
 1.194675031E+03	 2.439000000E+03
 1.199062526E+03	 2.446199951E+03
 1.203447774E+03	 2.426600098E+03
 1.207830778E+03	 2.427399902E+03
 1.212211538E+03	 2.426199951E+03
 1.216590056E+03	 2.433800049E+03
 1.220966334E+03	 2.431800049E+03
 1.225340372E+03	 2.437000000E+03
 1.229712173E+03	 2.415800049E+03
 1.234081738E+03	 2.415000000E+03
 1.238449069E+03	 2.393600098E+03
 1.242814166E+03	 2.393600098E+03
 1.247177031E+03	 2.395600098E+03
 1.251537666E+03	 2.385199951E+03
 1.255896072E+03	 2.387000000E+03
 1.260252251E+03	 2.381399902E+03
 1.264606204E+03	 2.364199951E+03
 1.268957932E+03	 2.356000000E+03
 1.273307438E+03	 2.329199951E+03
 1.277654722E+03	 2.353000000E+03
 1.281999787E+03	 2.346399902E+03
 1.286342633E+03	 2.354000000E+03
 1.290683261E+03	 2.339800049E+03
 1.295021675E+03	 2.348399902E+03
 1.299357874E+03	 2.328399902E+03
 1.303691861E+03	 2.337000000E+03
 1.308023636E+03	 2.334399902E+03
 1.312353202E+03	 2.310399902E+03
 1.316680560E+03	 2.337199951E+03
 1.321005711E+03	 2.332199951E+03
 1.325328657E+03	 2.348600098E+03
 1.329649400E+03	 2.340000000E+03
 1.333967940E+03	 2.339800049E+03
 1.338284279E+03	 2.317399902E+03
 1.342598420E+03	 2.301199951E+03
 1.346910362E+03	 2.319600098E+03
 1.351220109E+03	 2.324399902E+03
 1.355527660E+03	 2.321199951E+03
 1.359833018E+03	 2.314800049E+03
 1.364136185E+03	 2.297600098E+03
 1.368437161E+03	 2.301199951E+03
 1.372735949E+03	 2.298199951E+03
 1.377032549E+03	 2.277600098E+03
 1.381326964E+03	 2.310000000E+03
 1.385619194E+03	 2.316000000E+03
 1.389909241E+03	 2.297199951E+03
 1.394197107E+03	 2.311600098E+03
 1.398482793E+03	 2.296600098E+03
 1.402766301E+03	 2.280000000E+03
 1.407047632E+03	 2.293000000E+03
 1.411326788E+03	 2.287000000E+03
 1.415603770E+03	 2.306399902E+03
 1.419878580E+03	 2.322199951E+03
 1.424151219E+03	 2.284000000E+03
 1.428421688E+03	 2.310800049E+03
 1.432689990E+03	 2.324000000E+03
 1.436956126E+03	 2.295000000E+03
 1.441220096E+03	 2.273600098E+03
 1.445481903E+03	 2.299600098E+03
 1.449741549E+03	 2.277600098E+03
 1.453999034E+03	 2.284600098E+03
 1.458254360E+03	 2.282000000E+03
 1.462507529E+03	 2.280800049E+03
 1.466758543E+03	 2.290000000E+03
 1.471007402E+03	 2.276000000E+03
 1.475254108E+03	 2.259000000E+03
 1.479498663E+03	 2.260399902E+03
 1.483741068E+03	 2.280199951E+03
 1.487981325E+03	 2.260199951E+03
 1.492219435E+03	 2.259399902E+03
 1.496455400E+03	 2.256199951E+03
 1.500689221E+03	 2.260800049E+03
 1.504920900E+03	 2.248600098E+03
 1.509150438E+03	 2.235199951E+03
 1.513377836E+03	 2.232800049E+03
 1.517603098E+03	 2.259600098E+03
 1.521826222E+03	 2.243800049E+03
 1.526047213E+03	 2.241199951E+03
 1.530266070E+03	 2.219199951E+03
 1.534482795E+03	 2.222199951E+03
 1.538697390E+03	 2.229000000E+03
 1.542909856E+03	 2.207000000E+03
 1.547120196E+03	 2.229399902E+03
 1.551328409E+03	 2.223000000E+03
 1.555534499E+03	 2.225000000E+03
 1.559738465E+03	 2.216800049E+03
 1.563940311E+03	 2.191600098E+03
 1.568140037E+03	 2.209800049E+03
 1.572337645E+03	 2.187199951E+03
 1.576533136E+03	 2.165399902E+03
 1.580726512E+03	 2.194600098E+03
 1.584917774E+03	 2.188399902E+03
 1.589106925E+03	 2.171199951E+03
 1.593293965E+03	 2.194600098E+03
 1.597478896E+03	 2.161399902E+03
 1.601661719E+03	 2.160399902E+03
 1.605842436E+03	 2.190600098E+03
 1.610021048E+03	 2.180800049E+03
 1.614197558E+03	 2.178800049E+03
 1.618371966E+03	 2.178199951E+03
 1.622544274E+03	 2.148399902E+03
 1.626714484E+03	 2.162000000E+03
 1.630882596E+03	 2.151199951E+03
 1.635048613E+03	 2.137600098E+03
 1.639212536E+03	 2.143000000E+03
 1.643374367E+03	 2.143800049E+03
 1.647534106E+03	 2.132600098E+03
 1.651691756E+03	 2.127600098E+03
 1.655847318E+03	 2.146600098E+03
 1.660000794E+03	 2.130800049E+03
 1.664152185E+03	 2.111199951E+03
 1.668301492E+03	 2.129800049E+03
 1.672448717E+03	 2.138600098E+03
 1.676593862E+03	 2.110800049E+03
 1.680736928E+03	 2.125199951E+03
 1.684877916E+03	 2.140399902E+03
 1.689016829E+03	 2.134399902E+03
 1.693153667E+03	 2.120600098E+03
 1.697288433E+03	 2.130399902E+03
 1.701421127E+03	 2.125000000E+03
 1.705551751E+03	 2.121600098E+03
 1.709680306E+03	 2.137399902E+03
 1.713806795E+03	 2.116399902E+03
 1.717931218E+03	 2.125399902E+03
 1.722053578E+03	 2.104800049E+03
 1.726173875E+03	 2.099199951E+03
 1.730292111E+03	 2.098800049E+03
 1.734408288E+03	 2.102800049E+03
 1.738522407E+03	 2.098000000E+03
 1.742634469E+03	 2.087600098E+03
 1.746744477E+03	 2.090000000E+03
 1.750852431E+03	 2.083800049E+03
 1.754958334E+03	 2.091199951E+03
 1.759062186E+03	 2.069600098E+03
 1.763163989E+03	 2.079600098E+03
 1.767263745E+03	 2.053399902E+03
 1.771361455E+03	 2.080399902E+03
 1.775457121E+03	 2.065399902E+03
 1.779550743E+03	 2.056600098E+03
 1.783642325E+03	 2.065800049E+03
 1.787731866E+03	 2.042199951E+03
 1.791819369E+03	 2.053399902E+03
 1.795904835E+03	 2.033599976E+03
 1.799988266E+03	 2.037400024E+03
 1.804069663E+03	 2.039199951E+03
 1.808149027E+03	 2.053600098E+03
 1.812226361E+03	 2.043199951E+03
 1.816301665E+03	 2.021800049E+03
 1.820374941E+03	 2.025000000E+03
 1.824446190E+03	 2.043199951E+03
 1.828515415E+03	 2.012400024E+03
 1.832582616E+03	 2.018800049E+03
 1.836647796E+03	 2.020199951E+03
 1.840710954E+03	 2.010199951E+03
 1.844772094E+03	 2.010599976E+03
 1.848831216E+03	 2.005400024E+03
 1.852888323E+03	 1.992000000E+03
 1.856943414E+03	 1.996800049E+03
 1.860996493E+03	 2.005800049E+03
 1.865047560E+03	 1.995400024E+03
 1.869096617E+03	 1.980000000E+03
 1.873143665E+03	 1.998800049E+03
 1.877188707E+03	 1.997000000E+03
 1.881231742E+03	 2.008000000E+03
 1.885272774E+03	 1.984599976E+03
 1.889311803E+03	 1.997400024E+03
 1.893348830E+03	 1.989400024E+03
 1.897383858E+03	 1.989199951E+03
 1.901416888E+03	 1.982400024E+03
 1.905447921E+03	 1.988800049E+03
 1.909476959E+03	 1.986400024E+03
 1.913504003E+03	 1.989000000E+03
 1.917529054E+03	 1.980599976E+03
 1.921552115E+03	 1.953199951E+03
 1.925573187E+03	 1.983800049E+03
 1.929592270E+03	 1.983199951E+03
 1.933609367E+03	 1.968000000E+03
 1.937624479E+03	 1.957800049E+03
 1.941637608E+03	 1.952599976E+03
 1.945648755E+03	 1.959000000E+03
 1.949657921E+03	 1.955199951E+03
 1.953665108E+03	 1.958199951E+03
 1.957670317E+03	 1.954800049E+03
 1.961673551E+03	 1.962800049E+03
 1.965674810E+03	 1.947599976E+03
 1.969674095E+03	 1.967800049E+03
 1.973671409E+03	 1.936400024E+03
 1.977666753E+03	 1.959400024E+03
 1.981660127E+03	 1.970800049E+03
 1.985651535E+03	 1.956599976E+03
 1.989640976E+03	 1.973400024E+03
 1.993628453E+03	 1.963400024E+03
 1.997613968E+03	 1.975199951E+03
 2.001597520E+03	 1.971000000E+03
 2.005579113E+03	 1.952000000E+03
 2.009558747E+03	 1.942800049E+03
 2.013536424E+03	 1.969599976E+03
 2.017512146E+03	 1.943599976E+03
 2.021485913E+03	 1.948800049E+03
 2.025457727E+03	 1.940400024E+03
 2.029427590E+03	 1.961800049E+03
 2.033395504E+03	 1.938599976E+03
 2.037361469E+03	 1.922000000E+03
 2.041325487E+03	 1.916000000E+03
 2.045287559E+03	 1.918400024E+03
 2.049247687E+03	 1.928000000E+03
 2.053205873E+03	 1.920800049E+03
 2.057162118E+03	 1.914400024E+03
 2.061116423E+03	 1.901800049E+03
 2.065068790E+03	 1.921000000E+03
 2.069019220E+03	 1.904000000E+03
 2.072967714E+03	 1.906400024E+03
 2.076914275E+03	 1.902800049E+03
 2.080858903E+03	 1.913400024E+03
 2.084801600E+03	 1.924400024E+03
 2.088742368E+03	 1.906199951E+03
 2.092681207E+03	 1.892400024E+03
 2.096618120E+03	 1.923400024E+03
 2.100553107E+03	 1.898400024E+03
 2.104486171E+03	 1.901000000E+03
 2.108417312E+03	 1.902800049E+03
 2.112346532E+03	 1.902199951E+03
 2.116273832E+03	 1.889800049E+03
 2.120199215E+03	 1.906000000E+03
 2.124122681E+03	 1.873599976E+03
 2.128044231E+03	 1.887599976E+03
 2.131963868E+03	 1.879000000E+03
 2.135881592E+03	 1.867599976E+03
 2.139797405E+03	 1.861599976E+03
 2.143711309E+03	 1.877800049E+03
 2.147623305E+03	 1.872800049E+03
 2.151533393E+03	 1.867800049E+03
 2.155441577E+03	 1.876800049E+03
 2.159347857E+03	 1.845599976E+03
 2.163252234E+03	 1.852400024E+03
 2.167154710E+03	 1.833400024E+03
 2.171055287E+03	 1.835400024E+03
 2.174953965E+03	 1.850400024E+03
 2.178850747E+03	 1.854800049E+03
 2.182745633E+03	 1.854199951E+03
 2.186638626E+03	 1.848199951E+03
 2.190529726E+03	 1.857800049E+03
 2.194418934E+03	 1.838599976E+03
 2.198306253E+03	 1.836599976E+03
 2.202191684E+03	 1.851000000E+03
 2.206075228E+03	 1.849800049E+03
 2.209956886E+03	 1.852000000E+03
 2.213836660E+03	 1.835800049E+03
 2.217714552E+03	 1.845000000E+03
 2.221590562E+03	 1.820400024E+03
 2.225464692E+03	 1.833400024E+03
 2.229336944E+03	 1.836199951E+03
 2.233207319E+03	 1.824599976E+03
 2.237075818E+03	 1.829000000E+03
 2.240942443E+03	 1.809599976E+03
 2.244807195E+03	 1.820000000E+03
 2.248670076E+03	 1.807400024E+03
 2.252531086E+03	 1.828199951E+03
 2.256390228E+03	 1.814800049E+03
 2.260247502E+03	 1.803400024E+03
 2.264102911E+03	 1.815000000E+03
 2.267956455E+03	 1.809000000E+03
 2.271808136E+03	 1.802400024E+03
 2.275657955E+03	 1.815800049E+03
 2.279505914E+03	 1.807599976E+03
 2.283352013E+03	 1.792000000E+03
 2.287196256E+03	 1.813800049E+03
 2.291038642E+03	 1.802400024E+03
 2.294879173E+03	 1.809400024E+03
 2.298717851E+03	 1.799800049E+03
 2.302554676E+03	 1.793599976E+03
 2.306389651E+03	 1.801400024E+03
 2.310222777E+03	 1.797599976E+03
 2.314054054E+03	 1.802800049E+03
 2.317883486E+03	 1.791000000E+03
 2.321711072E+03	 1.779599976E+03
 2.325536814E+03	 1.793800049E+03
 2.329360713E+03	 1.801599976E+03
 2.333182772E+03	 1.791400024E+03
 2.337002991E+03	 1.787599976E+03
 2.340821371E+03	 1.769400024E+03
 2.344637915E+03	 1.793000000E+03
 2.348452623E+03	 1.780599976E+03
 2.352265497E+03	 1.763199951E+03
 2.356076538E+03	 1.781000000E+03
 2.359885747E+03	 1.766199951E+03
 2.363693126E+03	 1.757400024E+03
 2.367498676E+03	 1.757599976E+03
 2.371302399E+03	 1.756000000E+03
 2.375104296E+03	 1.758800049E+03
 2.378904368E+03	 1.771199951E+03
 2.382702617E+03	 1.741199951E+03
 2.386499044E+03	 1.754400024E+03
 2.390293650E+03	 1.750599976E+03
 2.394086436E+03	 1.767000000E+03
 2.397877405E+03	 1.735000000E+03
 2.401666557E+03	 1.749400024E+03
 2.405453894E+03	 1.745000000E+03
 2.409239416E+03	 1.752199951E+03
 2.413023127E+03	 1.723000000E+03
 2.416805026E+03	 1.734400024E+03
 2.420585115E+03	 1.759400024E+03
 2.424363395E+03	 1.744599976E+03
 2.428139868E+03	 1.746199951E+03
 2.431914536E+03	 1.746599976E+03
 2.435687399E+03	 1.742800049E+03
 2.439458458E+03	 1.736599976E+03
 2.443227716E+03	 1.739599976E+03
 2.446995173E+03	 1.737199951E+03
 2.450760831E+03	 1.711800049E+03
 2.454524691E+03	 1.718000000E+03
 2.458286754E+03	 1.729400024E+03
 2.462047022E+03	 1.723199951E+03
 2.465805497E+03	 1.699199951E+03
 2.469562178E+03	 1.717599976E+03
 2.473317069E+03	 1.719800049E+03
 2.477070169E+03	 1.709800049E+03
 2.480821481E+03	 1.725599976E+03
 2.484571005E+03	 1.728800049E+03
 2.488318744E+03	 1.708400024E+03
 2.492064698E+03	 1.700800049E+03
 2.495808868E+03	 1.709800049E+03
 2.499551257E+03	 1.712000000E+03
 2.503291865E+03	 1.727000000E+03
 2.507030693E+03	 1.690400024E+03
 2.510767743E+03	 1.715599976E+03
 2.514503017E+03	 1.704199951E+03
 2.518236515E+03	 1.708199951E+03
 2.521968239E+03	 1.715599976E+03
 2.525698189E+03	 1.709599976E+03
 2.529426369E+03	 1.686599976E+03
 2.533152778E+03	 1.688000000E+03
 2.536877418E+03	 1.712199951E+03
 2.540600291E+03	 1.704000000E+03
 2.544321397E+03	 1.712800049E+03
 2.548040738E+03	 1.687800049E+03
 2.551758315E+03	 1.692400024E+03
 2.555474130E+03	 1.688199951E+03
 2.559188184E+03	 1.699000000E+03
 2.562900478E+03	 1.694000000E+03
 2.566611013E+03	 1.666400024E+03
 2.570319791E+03	 1.683199951E+03
 2.574026813E+03	 1.673800049E+03
 2.577732080E+03	 1.680599976E+03
 2.581435594E+03	 1.686000000E+03
 2.585137355E+03	 1.682400024E+03
 2.588837366E+03	 1.663199951E+03
 2.592535627E+03	 1.668800049E+03
 2.596232140E+03	 1.671400024E+03
 2.599926906E+03	 1.670000000E+03
 2.603619926E+03	 1.675800049E+03
 2.607311201E+03	 1.665199951E+03
 2.611000734E+03	 1.656000000E+03
 2.614688524E+03	 1.666599976E+03
 2.618374574E+03	 1.659000000E+03
 2.622058885E+03	 1.656400024E+03
 2.625741457E+03	 1.669000000E+03
 2.629422293E+03	 1.682000000E+03
 2.633101393E+03	 1.658400024E+03
 2.636778759E+03	 1.651199951E+03
 2.640454391E+03	 1.666199951E+03
 2.644128292E+03	 1.655000000E+03
 2.647800463E+03	 1.657000000E+03
 2.651470904E+03	 1.647800049E+03
 2.655139617E+03	 1.649199951E+03
 2.658806604E+03	 1.644199951E+03
 2.662471865E+03	 1.648599976E+03
 2.666135402E+03	 1.648000000E+03
 2.669797216E+03	 1.644599976E+03
 2.673457308E+03	 1.630400024E+03
 2.677115680E+03	 1.639000000E+03
 2.680772333E+03	 1.646000000E+03
 2.684427267E+03	 1.632800049E+03
 2.688080485E+03	 1.633599976E+03
 2.691731988E+03	 1.625800049E+03
 2.695381776E+03	 1.624400024E+03
 2.699029852E+03	 1.616199951E+03
 2.702676216E+03	 1.630599976E+03
 2.706320869E+03	 1.623400024E+03
 2.709963813E+03	 1.608400024E+03
 2.713605049E+03	 1.623199951E+03
 2.717244579E+03	 1.609199951E+03
 2.720882403E+03	 1.634400024E+03
 2.724518522E+03	 1.627599976E+03
 2.728152939E+03	 1.610000000E+03
 2.731785654E+03	 1.618800049E+03
 2.735416668E+03	 1.621199951E+03
 2.739045983E+03	 1.616000000E+03
 2.742673600E+03	 1.610199951E+03
 2.746299520E+03	 1.608000000E+03
 2.749923744E+03	 1.613800049E+03
 2.753546274E+03	 1.620800049E+03
 2.757167111E+03	 1.614199951E+03
 2.760786255E+03	 1.610000000E+03
 2.764403710E+03	 1.606800049E+03
 2.768019474E+03	 1.600800049E+03
 2.771633550E+03	 1.608199951E+03
 2.775245939E+03	 1.593800049E+03
 2.778856643E+03	 1.595000000E+03
 2.782465661E+03	 1.600199951E+03
 2.786072997E+03	 1.600199951E+03
 2.789678650E+03	 1.600599976E+03
 2.793282621E+03	 1.583800049E+03
 2.796884914E+03	 1.575400024E+03
 2.800485527E+03	 1.573800049E+03
 2.804084464E+03	 1.584199951E+03
 2.807681724E+03	 1.561599976E+03
 2.811277309E+03	 1.568800049E+03
 2.814871220E+03	 1.583599976E+03
 2.818463459E+03	 1.588000000E+03
 2.822054026E+03	 1.567800049E+03
 2.825642924E+03	 1.576400024E+03
 2.829230152E+03	 1.559800049E+03
 2.832815713E+03	 1.555199951E+03
 2.836399607E+03	 1.575000000E+03
 2.839981835E+03	 1.558400024E+03
 2.843562400E+03	 1.566000000E+03
 2.847141301E+03	 1.570000000E+03
 2.850718541E+03	 1.572000000E+03
 2.854294120E+03	 1.570599976E+03
 2.857868040E+03	 1.592800049E+03
 2.861440302E+03	 1.559599976E+03
 2.865010906E+03	 1.574199951E+03
 2.868579855E+03	 1.579400024E+03
 2.872147149E+03	 1.576000000E+03
 2.875712790E+03	 1.568599976E+03
 2.879276779E+03	 1.578000000E+03
 2.882839116E+03	 1.576400024E+03
 2.886399803E+03	 1.569599976E+03
 2.889958842E+03	 1.565400024E+03
 2.893516233E+03	 1.569199951E+03
 2.897071978E+03	 1.554000000E+03
 2.900626077E+03	 1.569000000E+03
 2.904178533E+03	 1.556599976E+03
 2.907729346E+03	 1.572400024E+03
 2.911278517E+03	 1.550199951E+03
 2.914826047E+03	 1.553199951E+03
 2.918371938E+03	 1.550199951E+03
 2.921916191E+03	 1.567199951E+03
 2.925458807E+03	 1.564800049E+03
 2.928999787E+03	 1.551599976E+03
 2.932539133E+03	 1.547199951E+03
 2.936076845E+03	 1.546599976E+03
 2.939612924E+03	 1.550000000E+03
 2.943147373E+03	 1.532400024E+03
 2.946680191E+03	 1.553000000E+03
 2.950211381E+03	 1.547199951E+03
 2.953740943E+03	 1.523800049E+03
 2.957268878E+03	 1.538400024E+03
 2.960795188E+03	 1.527400024E+03
 2.964319874E+03	 1.549000000E+03
 2.967842936E+03	 1.512800049E+03
 2.971364377E+03	 1.528199951E+03
 2.974884197E+03	 1.530000000E+03
 2.978402397E+03	 1.519000000E+03
 2.981918979E+03	 1.527000000E+03
 2.985433943E+03	 1.509000000E+03
 2.988947291E+03	 1.522000000E+03
 2.992459024E+03	 1.536599976E+03
 2.995969144E+03	 1.518199951E+03
 2.999477650E+03	 1.511599976E+03
 3.002984545E+03	 1.514400024E+03
 3.006489830E+03	 1.507800049E+03
 3.009993505E+03	 1.502199951E+03
 3.013495572E+03	 1.514400024E+03
 3.016996032E+03	 1.519199951E+03
 3.020494886E+03	 1.505599976E+03
 3.023992135E+03	 1.512000000E+03
 3.027487780E+03	 1.513000000E+03
 3.030981823E+03	 1.525000000E+03
 3.034474265E+03	 1.512400024E+03
 3.037965106E+03	 1.520199951E+03
 3.041454348E+03	 1.502000000E+03
 3.044941993E+03	 1.524800049E+03
 3.048428040E+03	 1.522000000E+03
 3.051912492E+03	 1.519000000E+03
 3.055395349E+03	 1.530000000E+03
 3.058876612E+03	 1.504599976E+03
 3.062356283E+03	 1.504199951E+03
 3.065834363E+03	 1.498199951E+03
 3.069310853E+03	 1.496199951E+03
 3.072785754E+03	 1.504400024E+03
 3.076259067E+03	 1.514400024E+03
 3.079730793E+03	 1.509199951E+03
 3.083200933E+03	 1.512599976E+03
 3.086669489E+03	 1.498000000E+03
 3.090136462E+03	 1.482400024E+03
 3.093601852E+03	 1.496400024E+03
 3.097065661E+03	 1.496199951E+03
 3.100527890E+03	 1.487000000E+03
 3.103988540E+03	 1.515000000E+03
 3.107447612E+03	 1.489400024E+03
 3.110905108E+03	 1.507599976E+03
 3.114361027E+03	 1.496599976E+03
 3.117815372E+03	 1.468800049E+03
 3.121268144E+03	 1.476400024E+03
 3.124719344E+03	 1.485000000E+03
 3.128168972E+03	 1.477199951E+03
 3.131617030E+03	 1.468800049E+03
 3.135063519E+03	 1.474400024E+03
 3.138508440E+03	 1.477400024E+03
 3.141951794E+03	 1.477000000E+03
 3.145393583E+03	 1.462000000E+03
 3.148833807E+03	 1.450800049E+03
 3.152272467E+03	 1.454199951E+03
 3.155709565E+03	 1.465599976E+03
 3.159145102E+03	 1.449800049E+03
 3.162579078E+03	 1.442000000E+03
 3.166011495E+03	 1.455199951E+03
 3.169442355E+03	 1.452800049E+03
 3.172871657E+03	 1.446199951E+03
 3.176299403E+03	 1.449000000E+03
 3.179725594E+03	 1.466800049E+03
 3.183150232E+03	 1.450000000E+03
 3.186573317E+03	 1.437599976E+03
 3.189994851E+03	 1.441400024E+03
 3.193414834E+03	 1.451000000E+03
 3.196833268E+03	 1.442400024E+03
 3.200250154E+03	 1.440599976E+03
 3.203665492E+03	 1.456400024E+03
 3.207079284E+03	 1.451599976E+03
 3.210491531E+03	 1.436599976E+03
 3.213902234E+03	 1.430599976E+03
 3.217311395E+03	 1.457800049E+03
 3.220719013E+03	 1.453199951E+03
 3.224125091E+03	 1.460000000E+03
 3.227529629E+03	 1.451400024E+03
 3.230932628E+03	 1.439000000E+03
 3.234334090E+03	 1.442000000E+03
 3.237734016E+03	 1.435199951E+03
 3.241132406E+03	 1.434199951E+03
 3.244529262E+03	 1.443800049E+03
 3.247924585E+03	 1.447000000E+03
 3.251318375E+03	 1.441599976E+03
 3.254710635E+03	 1.438199951E+03
 3.258101364E+03	 1.435599976E+03
 3.261490564E+03	 1.444000000E+03
 3.264878237E+03	 1.433000000E+03
 3.268264383E+03	 1.444000000E+03
 3.271649003E+03	 1.445400024E+03
 3.275032098E+03	 1.441599976E+03
 3.278413670E+03	 1.436400024E+03
 3.281793719E+03	 1.453000000E+03
 3.285172246E+03	 1.458000000E+03
 3.288549253E+03	 1.435599976E+03
 3.291924741E+03	 1.453000000E+03
 3.295298710E+03	 1.448400024E+03
 3.298671162E+03	 1.448599976E+03
 3.302042098E+03	 1.438199951E+03
 3.305411519E+03	 1.443800049E+03
 3.308779425E+03	 1.436800049E+03
 3.312145819E+03	 1.433800049E+03
 3.315510700E+03	 1.439400024E+03
 3.318874071E+03	 1.451800049E+03
 3.322235931E+03	 1.432199951E+03
 3.325596283E+03	 1.425000000E+03
 3.328955127E+03	 1.439000000E+03
 3.332312464E+03	 1.438400024E+03
 3.335668295E+03	 1.436000000E+03
 3.339022622E+03	 1.430400024E+03
 3.342375445E+03	 1.446400024E+03
 3.345726766E+03	 1.439400024E+03
 3.349076585E+03	 1.439400024E+03
 3.352424904E+03	 1.449000000E+03
 3.355771723E+03	 1.438199951E+03
 3.359117044E+03	 1.448400024E+03
 3.362460867E+03	 1.450000000E+03
 3.365803194E+03	 1.435199951E+03
 3.369144026E+03	 1.446599976E+03
 3.372483363E+03	 1.437800049E+03
 3.375821208E+03	 1.442000000E+03
 3.379157560E+03	 1.443599976E+03
 3.382492421E+03	 1.440000000E+03
 3.385825792E+03	 1.440800049E+03
 3.389157674E+03	 1.437599976E+03
 3.392488068E+03	 1.450599976E+03
 3.395816975E+03	 1.434400024E+03
 3.399144396E+03	 1.428599976E+03
 3.402470332E+03	 1.435800049E+03
 3.405794785E+03	 1.434000000E+03
 3.409117754E+03	 1.453199951E+03
 3.412439242E+03	 1.442599976E+03
 3.415759248E+03	 1.448000000E+03
 3.419077775E+03	 1.436800049E+03
 3.422394824E+03	 1.417599976E+03
 3.425710394E+03	 1.433000000E+03
 3.429024488E+03	 1.432400024E+03
 3.432337107E+03	 1.435000000E+03
 3.435648250E+03	 1.435199951E+03
 3.438957921E+03	 1.432199951E+03
 3.442266118E+03	 1.436800049E+03
 3.445572844E+03	 1.441599976E+03
 3.448878100E+03	 1.416400024E+03
 3.452181886E+03	 1.435199951E+03
 3.455484203E+03	 1.439400024E+03
 3.458785053E+03	 1.429800049E+03
 3.462084437E+03	 1.424199951E+03
 3.465382355E+03	 1.433800049E+03
 3.468678809E+03	 1.425199951E+03
 3.471973800E+03	 1.440800049E+03
 3.475267328E+03	 1.432000000E+03
 3.478559395E+03	 1.430800049E+03
 3.481850002E+03	 1.436400024E+03
 3.485139149E+03	 1.435800049E+03
 3.488426838E+03	 1.432199951E+03
 3.491713070E+03	 1.425800049E+03
 3.494997845E+03	 1.422199951E+03
 3.498281165E+03	 1.428599976E+03
 3.501563031E+03	 1.417000000E+03
 3.504843444E+03	 1.415400024E+03
 3.508122405E+03	 1.415400024E+03
 3.511399914E+03	 1.443199951E+03
 3.514675974E+03	 1.426599976E+03
 3.517950584E+03	 1.420400024E+03
 3.521223746E+03	 1.424599976E+03
 3.524495461E+03	 1.432400024E+03
 3.527765730E+03	 1.435800049E+03
 3.531034554E+03	 1.424199951E+03
 3.534301933E+03	 1.435000000E+03
 3.537567870E+03	 1.427400024E+03
 3.540832364E+03	 1.429800049E+03
 3.544095418E+03	 1.423800049E+03
 3.547357031E+03	 1.415800049E+03
 3.550617205E+03	 1.417199951E+03
 3.553875941E+03	 1.430800049E+03
 3.557133241E+03	 1.417000000E+03
 3.560389104E+03	 1.417800049E+03
 3.563643532E+03	 1.429800049E+03
 3.566896526E+03	 1.424000000E+03
 3.570148087E+03	 1.419599976E+03
 3.573398216E+03	 1.416800049E+03
 3.576646914E+03	 1.423400024E+03
 3.579894182E+03	 1.393800049E+03
 3.583140021E+03	 1.414800049E+03
 3.586384432E+03	 1.402199951E+03
 3.589627416E+03	 1.406199951E+03
 3.592868974E+03	 1.392199951E+03
 3.596109107E+03	 1.402599976E+03
 3.599347816E+03	 1.404800049E+03
 3.602585102E+03	 1.384800049E+03
 3.605820966E+03	 1.368800049E+03
 3.609055409E+03	 1.376400024E+03
 3.612288432E+03	 1.368400024E+03
 3.615520035E+03	 1.350599976E+03
 3.618750221E+03	 1.369800049E+03
 3.621978990E+03	 1.354800049E+03
 3.625206343E+03	 1.348800049E+03
 3.628432281E+03	 1.342000000E+03
 3.631656805E+03	 1.346800049E+03
 3.634879915E+03	 1.335400024E+03
 3.638101614E+03	 1.328800049E+03
 3.641321902E+03	 1.337400024E+03
 3.644540780E+03	 1.323400024E+03
 3.647758248E+03	 1.325599976E+03
 3.650974309E+03	 1.329800049E+03
 3.654188962E+03	 1.326800049E+03
 3.657402210E+03	 1.282800049E+03
 3.660614052E+03	 1.302599976E+03
 3.663824491E+03	 1.288800049E+03
 3.667033526E+03	 1.282000000E+03
 3.670241159E+03	 1.281800049E+03
 3.673447391E+03	 1.283800049E+03
 3.676652223E+03	 1.274599976E+03
 3.679855656E+03	 1.269199951E+03
 3.683057691E+03	 1.258000000E+03
 3.686258328E+03	 1.273000000E+03
 3.689457570E+03	 1.255199951E+03
 3.692655416E+03	 1.250400024E+03
 3.695851868E+03	 1.257800049E+03
 3.699046927E+03	 1.245599976E+03
 3.702240594E+03	 1.250199951E+03
 3.705432870E+03	 1.252400024E+03
 3.708623755E+03	 1.251400024E+03
 3.711813251E+03	 1.243400024E+03
 3.715001359E+03	 1.243400024E+03
 3.718188080E+03	 1.244400024E+03
 3.721373415E+03	 1.254599976E+03
 3.724557364E+03	 1.250800049E+03
 3.727739929E+03	 1.230599976E+03
 3.730921111E+03	 1.244400024E+03
 3.734100910E+03	 1.233599976E+03
 3.737279329E+03	 1.234000000E+03
 3.740456367E+03	 1.242800049E+03
 3.743632025E+03	 1.243599976E+03
 3.746806305E+03	 1.246599976E+03
 3.749979208E+03	 1.238599976E+03
 3.753150735E+03	 1.233000000E+03
 3.756320886E+03	 1.228800049E+03
 3.759489663E+03	 1.227800049E+03
 3.762657067E+03	 1.223599976E+03
 3.765823098E+03	 1.223800049E+03
 3.768987757E+03	 1.228400024E+03
 3.772151047E+03	 1.236599976E+03
 3.775312966E+03	 1.234400024E+03
 3.778473518E+03	 1.213599976E+03
 3.781632702E+03	 1.224599976E+03
 3.784790519E+03	 1.220000000E+03
 3.787946971E+03	 1.225800049E+03
 3.791102058E+03	 1.216000000E+03
 3.794255782E+03	 1.206000000E+03
 3.797408144E+03	 1.222599976E+03
 3.800559144E+03	 1.213599976E+03
 3.803708783E+03	 1.215599976E+03
 3.806857062E+03	 1.220400024E+03
 3.810003984E+03	 1.201400024E+03
 3.813149547E+03	 1.202199951E+03
 3.816293754E+03	 1.208800049E+03
 3.819436605E+03	 1.199800049E+03
 3.822578102E+03	 1.201199951E+03
 3.825718245E+03	 1.206599976E+03
 3.828857035E+03	 1.207599976E+03
 3.831994474E+03	 1.198199951E+03
 3.835130562E+03	 1.203599976E+03
 3.838265300E+03	 1.206199951E+03
 3.841398689E+03	 1.211400024E+03
 3.844530731E+03	 1.207000000E+03
 3.847661426E+03	 1.203000000E+03
 3.850790775E+03	 1.191800049E+03
 3.853918780E+03	 1.195400024E+03
 3.857045440E+03	 1.191000000E+03
 3.860170758E+03	 1.197800049E+03
 3.863294734E+03	 1.186199951E+03
 3.866417369E+03	 1.190800049E+03
 3.869538665E+03	 1.185599976E+03
 3.872658621E+03	 1.188800049E+03
 3.875777240E+03	 1.201599976E+03
 3.878894522E+03	 1.190800049E+03
 3.882010468E+03	 1.182800049E+03
 3.885125078E+03	 1.188199951E+03
 3.888238356E+03	 1.183599976E+03
 3.891350300E+03	 1.188400024E+03
 3.894460912E+03	 1.181400024E+03
 3.897570193E+03	 1.179400024E+03
 3.900678144E+03	 1.183000000E+03
 3.903784767E+03	 1.184800049E+03
 3.906890061E+03	 1.177599976E+03
 3.909994028E+03	 1.181000000E+03
 3.913096669E+03	 1.182199951E+03
 3.916197986E+03	 1.176000000E+03
 3.919297978E+03	 1.175000000E+03
 3.922396647E+03	 1.188800049E+03
 3.925493994E+03	 1.172400024E+03
 3.928590020E+03	 1.174199951E+03
 3.931684726E+03	 1.167000000E+03
 3.934778113E+03	 1.165199951E+03
 3.937870182E+03	 1.170400024E+03
 3.940960934E+03	 1.155199951E+03
 3.944050369E+03	 1.165400024E+03
 3.947138490E+03	 1.166800049E+03
 3.950225296E+03	 1.167599976E+03
 3.953310789E+03	 1.167599976E+03
 3.956394970E+03	 1.161599976E+03
 3.959477840E+03	 1.166400024E+03
 3.962559400E+03	 1.166800049E+03
 3.965639650E+03	 1.156800049E+03
 3.968718593E+03	 1.172800049E+03
 3.971796228E+03	 1.154199951E+03
 3.974872557E+03	 1.162400024E+03
 3.977947581E+03	 1.168800049E+03
 3.981021301E+03	 1.149000000E+03
 3.984093717E+03	 1.164800049E+03
 3.987164831E+03	 1.169800049E+03
 3.990234644E+03	 1.150599976E+03
 3.993303157E+03	 1.155800049E+03
 3.996370371E+03	 1.153199951E+03
 3.999436286E+03	 1.152599976E+03
 4.002500904E+03	 1.144400024E+03
 4.005564226E+03	 1.152199951E+03
 4.008626253E+03	 1.152599976E+03
 4.011686985E+03	 1.139599976E+03
 4.014746424E+03	 1.140599976E+03
 4.017804571E+03	 1.155599976E+03
 4.020861427E+03	 1.140800049E+03
 4.023916992E+03	 1.151199951E+03
 4.026971269E+03	 1.149199951E+03
 4.030024257E+03	 1.139199951E+03
 4.033075957E+03	 1.141599976E+03
 4.036126372E+03	 1.150400024E+03
 4.039175501E+03	 1.136800049E+03
 4.042223346E+03	 1.147400024E+03
 4.045269908E+03	 1.147400024E+03
