 1.042452273E+03	 1.132500000E+03
 1.043018714E+03	 1.124000000E+03
 1.043585098E+03	 1.126750000E+03
 1.044151424E+03	 1.134750000E+03
 1.044717692E+03	 1.136750000E+03
 1.045283903E+03	 1.122750000E+03
 1.045850056E+03	 1.131500000E+03
 1.046416151E+03	 1.111750000E+03
 1.046982188E+03	 1.127750000E+03
 1.047548167E+03	 1.133750000E+03
 1.048114089E+03	 1.134750000E+03
 1.048679953E+03	 1.122750000E+03
 1.049245760E+03	 1.127000000E+03
 1.049811509E+03	 1.126500000E+03
 1.050377200E+03	 1.138250000E+03
 1.050942833E+03	 1.136250000E+03
 1.051508408E+03	 1.134250000E+03
 1.052073926E+03	 1.129500000E+03
 1.052639387E+03	 1.121000000E+03
 1.053204789E+03	 1.135000000E+03
 1.053770134E+03	 1.137250000E+03
 1.054335421E+03	 1.116000000E+03
 1.054900651E+03	 1.130000000E+03
 1.055465823E+03	 1.133000000E+03
 1.056030937E+03	 1.129000000E+03
 1.056595993E+03	 1.140000000E+03
 1.057160992E+03	 1.131000000E+03
 1.057725934E+03	 1.121500000E+03
 1.058290817E+03	 1.132500000E+03
 1.058855643E+03	 1.117500000E+03
 1.059420411E+03	 1.118250000E+03
 1.059985122E+03	 1.119250000E+03
 1.060549775E+03	 1.124750000E+03
 1.061114371E+03	 1.130500000E+03
 1.061678908E+03	 1.124500000E+03
 1.062243389E+03	 1.136000000E+03
 1.062807811E+03	 1.118750000E+03
 1.063372176E+03	 1.131250000E+03
 1.063936483E+03	 1.127750000E+03
 1.064500733E+03	 1.124750000E+03
 1.065064925E+03	 1.123250000E+03
 1.065629060E+03	 1.141250000E+03
 1.066193137E+03	 1.115500000E+03
 1.066757156E+03	 1.114750000E+03
 1.067321118E+03	 1.121000000E+03
 1.067885022E+03	 1.127250000E+03
 1.068448869E+03	 1.147000000E+03
 1.069012658E+03	 1.139250000E+03
 1.069576390E+03	 1.131250000E+03
 1.070140063E+03	 1.131000000E+03
 1.070703680E+03	 1.133000000E+03
 1.071267239E+03	 1.125250000E+03
 1.071830740E+03	 1.123250000E+03
 1.072394184E+03	 1.133750000E+03
 1.072957570E+03	 1.137250000E+03
 1.073520899E+03	 1.138750000E+03
 1.074084170E+03	 1.137000000E+03
 1.074647383E+03	 1.131250000E+03
 1.075210540E+03	 1.137000000E+03
 1.075773638E+03	 1.129500000E+03
 1.076336679E+03	 1.133250000E+03
 1.076899663E+03	 1.134500000E+03
 1.077462589E+03	 1.132000000E+03
 1.078025457E+03	 1.137000000E+03
 1.078588268E+03	 1.121500000E+03
 1.079151022E+03	 1.140250000E+03
 1.079713718E+03	 1.123500000E+03
 1.080276356E+03	 1.140750000E+03
 1.080838937E+03	 1.141750000E+03
 1.081401461E+03	 1.144000000E+03
 1.081963927E+03	 1.145750000E+03
 1.082526336E+03	 1.141250000E+03
 1.083088687E+03	 1.141750000E+03
 1.083650981E+03	 1.119000000E+03
 1.084213217E+03	 1.141500000E+03
 1.084775396E+03	 1.136250000E+03
 1.085337517E+03	 1.133750000E+03
 1.085899581E+03	 1.144750000E+03
 1.086461587E+03	 1.137750000E+03
 1.087023536E+03	 1.143500000E+03
 1.087585428E+03	 1.138000000E+03
 1.088147262E+03	 1.131500000E+03
 1.088709039E+03	 1.138750000E+03
 1.089270758E+03	 1.140250000E+03
 1.089832420E+03	 1.144500000E+03
 1.090394024E+03	 1.139000000E+03
 1.090955571E+03	 1.132250000E+03
 1.091517061E+03	 1.137750000E+03
 1.092078493E+03	 1.128750000E+03
 1.092639868E+03	 1.143000000E+03
 1.093201185E+03	 1.146750000E+03
 1.093762445E+03	 1.136500000E+03
 1.094323648E+03	 1.141500000E+03
 1.094884793E+03	 1.140750000E+03
 1.095445881E+03	 1.142250000E+03
 1.096006911E+03	 1.142000000E+03
 1.096567884E+03	 1.134750000E+03
 1.097128800E+03	 1.147750000E+03
 1.097689659E+03	 1.134750000E+03
 1.098250460E+03	 1.137250000E+03
 1.098811203E+03	 1.136500000E+03
 1.099371890E+03	 1.155000000E+03
 1.099932518E+03	 1.152250000E+03
 1.100493090E+03	 1.135500000E+03
 1.101053604E+03	 1.148500000E+03
 1.101614061E+03	 1.142500000E+03
 1.102174461E+03	 1.144750000E+03
 1.102734803E+03	 1.138250000E+03
 1.103295088E+03	 1.135250000E+03
 1.103855316E+03	 1.141750000E+03
 1.104415486E+03	 1.149000000E+03
 1.104975599E+03	 1.131750000E+03
 1.105535655E+03	 1.137750000E+03
 1.106095653E+03	 1.141750000E+03
 1.106655594E+03	 1.139000000E+03
 1.107215478E+03	 1.149250000E+03
 1.107775305E+03	 1.148000000E+03
 1.108335074E+03	 1.136750000E+03
 1.108894786E+03	 1.147500000E+03
 1.109454440E+03	 1.148250000E+03
 1.110014038E+03	 1.157000000E+03
 1.110573578E+03	 1.143250000E+03
 1.111133061E+03	 1.143250000E+03
 1.111692486E+03	 1.162500000E+03
 1.112251854E+03	 1.137500000E+03
 1.112811165E+03	 1.145500000E+03
 1.113370419E+03	 1.155000000E+03
 1.113929616E+03	 1.148250000E+03
 1.114488755E+03	 1.156250000E+03
 1.115047837E+03	 1.139500000E+03
 1.115606862E+03	 1.153250000E+03
 1.116165830E+03	 1.144750000E+03
 1.116724740E+03	 1.145250000E+03
 1.117283593E+03	 1.147000000E+03
 1.117842389E+03	 1.146500000E+03
 1.118401128E+03	 1.146250000E+03
 1.118959809E+03	 1.158250000E+03
 1.119518433E+03	 1.148000000E+03
 1.120077000E+03	 1.153000000E+03
 1.120635510E+03	 1.149250000E+03
 1.121193963E+03	 1.166500000E+03
 1.121752358E+03	 1.148750000E+03
 1.122310697E+03	 1.151250000E+03
 1.122868978E+03	 1.145500000E+03
 1.123427202E+03	 1.155000000E+03
 1.123985368E+03	 1.150250000E+03
 1.124543478E+03	 1.150500000E+03
 1.125101530E+03	 1.151000000E+03
 1.125659526E+03	 1.146750000E+03
 1.126217464E+03	 1.159500000E+03
 1.126775345E+03	 1.156000000E+03
 1.127333168E+03	 1.172750000E+03
 1.127890935E+03	 1.175000000E+03
 1.128448644E+03	 1.161000000E+03
 1.129006297E+03	 1.175500000E+03
 1.129563892E+03	 1.168500000E+03
 1.130121430E+03	 1.161250000E+03
 1.130678911E+03	 1.154500000E+03
 1.131236335E+03	 1.176000000E+03
 1.131793701E+03	 1.170250000E+03
 1.132351011E+03	 1.153750000E+03
 1.132908263E+03	 1.157500000E+03
 1.133465458E+03	 1.175750000E+03
 1.134022597E+03	 1.156250000E+03
 1.134579678E+03	 1.168250000E+03
 1.135136702E+03	 1.145250000E+03
 1.135693669E+03	 1.164250000E+03
 1.136250578E+03	 1.165750000E+03
 1.136807431E+03	 1.157250000E+03
 1.137364227E+03	 1.177000000E+03
 1.137920965E+03	 1.160250000E+03
 1.138477647E+03	 1.171000000E+03
 1.139034271E+03	 1.166250000E+03
 1.139590839E+03	 1.156250000E+03
 1.140147349E+03	 1.158250000E+03
 1.140703802E+03	 1.172500000E+03
 1.141260198E+03	 1.173000000E+03
 1.141816537E+03	 1.167500000E+03
 1.142372820E+03	 1.180750000E+03
 1.142929045E+03	 1.164000000E+03
 1.143485213E+03	 1.163500000E+03
 1.144041323E+03	 1.180250000E+03
 1.144597377E+03	 1.165500000E+03
 1.145153374E+03	 1.169750000E+03
 1.145709314E+03	 1.169250000E+03
 1.146265197E+03	 1.161500000E+03
 1.146821023E+03	 1.173000000E+03
 1.147376792E+03	 1.189000000E+03
 1.147932503E+03	 1.182500000E+03
 1.148488158E+03	 1.185250000E+03
 1.149043756E+03	 1.172500000E+03
 1.149599297E+03	 1.174750000E+03
 1.150154781E+03	 1.184750000E+03
 1.150710207E+03	 1.236750000E+03
 1.151265577E+03	 1.240750000E+03
 1.151820890E+03	 1.207250000E+03
 1.152376146E+03	 1.179750000E+03
 1.152931345E+03	 1.184000000E+03
 1.153486487E+03	 1.176750000E+03
 1.154041572E+03	 1.182000000E+03
 1.154596600E+03	 1.181000000E+03
 1.155151571E+03	 1.181500000E+03
 1.155706485E+03	 1.198250000E+03
 1.156261342E+03	 1.190500000E+03
 1.156816142E+03	 1.177000000E+03
 1.157370885E+03	 1.188500000E+03
 1.157925572E+03	 1.184500000E+03
 1.158480201E+03	 1.177000000E+03
 1.159034774E+03	 1.195750000E+03
 1.159589289E+03	 1.186750000E+03
 1.160143748E+03	 1.192000000E+03
 1.160698149E+03	 1.184000000E+03
 1.161252494E+03	 1.173250000E+03
 1.161806782E+03	 1.185750000E+03
 1.162361013E+03	 1.183250000E+03
 1.162915187E+03	 1.191750000E+03
 1.163469304E+03	 1.200000000E+03
 1.164023364E+03	 1.200500000E+03
 1.164577368E+03	 1.188750000E+03
 1.165131314E+03	 1.189500000E+03
 1.165685204E+03	 1.182250000E+03
 1.166239036E+03	 1.194750000E+03
 1.166792812E+03	 1.186500000E+03
 1.167346531E+03	 1.178250000E+03
 1.167900193E+03	 1.193500000E+03
 1.168453798E+03	 1.196000000E+03
 1.169007347E+03	 1.202500000E+03
 1.169560838E+03	 1.201000000E+03
 1.170114273E+03	 1.193750000E+03
 1.170667650E+03	 1.200000000E+03
 1.171220971E+03	 1.197000000E+03
 1.171774235E+03	 1.193000000E+03
 1.172327443E+03	 1.185750000E+03
 1.172880593E+03	 1.195750000E+03
 1.173433687E+03	 1.194750000E+03
 1.173986723E+03	 1.189750000E+03
 1.174539703E+03	 1.197500000E+03
 1.175092626E+03	 1.194000000E+03
 1.175645493E+03	 1.185750000E+03
 1.176198302E+03	 1.208500000E+03
 1.176751055E+03	 1.194000000E+03
 1.177303751E+03	 1.187000000E+03
 1.177856390E+03	 1.205250000E+03
 1.178408972E+03	 1.189000000E+03
 1.178961498E+03	 1.197500000E+03
 1.179513966E+03	 1.198000000E+03
 1.180066378E+03	 1.207250000E+03
 1.180618733E+03	 1.200250000E+03
 1.181171032E+03	 1.194250000E+03
 1.181723273E+03	 1.206750000E+03
 1.182275458E+03	 1.205750000E+03
 1.182827586E+03	 1.208250000E+03
 1.183379657E+03	 1.189500000E+03
 1.183931672E+03	 1.207250000E+03
 1.184483630E+03	 1.204750000E+03
 1.185035531E+03	 1.214500000E+03
 1.185587375E+03	 1.200000000E+03
 1.186139162E+03	 1.207000000E+03
 1.186690893E+03	 1.190250000E+03
 1.187242567E+03	 1.195250000E+03
 1.187794184E+03	 1.203500000E+03
 1.188345745E+03	 1.205750000E+03
 1.188897249E+03	 1.205000000E+03
 1.189448696E+03	 1.209250000E+03
 1.190000086E+03	 1.206500000E+03
 1.190551420E+03	 1.204750000E+03
 1.191102697E+03	 1.189250000E+03
 1.191653918E+03	 1.202000000E+03
 1.192205081E+03	 1.208000000E+03
 1.192756188E+03	 1.192500000E+03
 1.193307238E+03	 1.232750000E+03
 1.193858232E+03	 1.204750000E+03
 1.194409169E+03	 1.205500000E+03
 1.194960049E+03	 1.209750000E+03
 1.195510872E+03	 1.208750000E+03
 1.196061639E+03	 1.198250000E+03
 1.196612349E+03	 1.216250000E+03
 1.197163003E+03	 1.226500000E+03
 1.197713599E+03	 1.198500000E+03
 1.198264139E+03	 1.215000000E+03
 1.198814623E+03	 1.219000000E+03
 1.199365050E+03	 1.209250000E+03
 1.199915420E+03	 1.209500000E+03
 1.200465734E+03	 1.200750000E+03
 1.201015990E+03	 1.207250000E+03
 1.201566191E+03	 1.214750000E+03
 1.202116334E+03	 1.209500000E+03
 1.202666421E+03	 1.199000000E+03
 1.203216452E+03	 1.218500000E+03
 1.203766425E+03	 1.219750000E+03
 1.204316343E+03	 1.209250000E+03
 1.204866203E+03	 1.220250000E+03
 1.205416007E+03	 1.214500000E+03
 1.205965754E+03	 1.210500000E+03
 1.206515445E+03	 1.227500000E+03
 1.207065079E+03	 1.215250000E+03
 1.207614657E+03	 1.204500000E+03
 1.208164177E+03	 1.213000000E+03
 1.208713642E+03	 1.208500000E+03
 1.209263050E+03	 1.208000000E+03
 1.209812401E+03	 1.214750000E+03
 1.210361695E+03	 1.220500000E+03
 1.210910933E+03	 1.203750000E+03
 1.211460115E+03	 1.210000000E+03
 1.212009240E+03	 1.223000000E+03
 1.212558308E+03	 1.223250000E+03
 1.213107320E+03	 1.228750000E+03
 1.213656275E+03	 1.222500000E+03
 1.214205174E+03	 1.223250000E+03
 1.214754016E+03	 1.217500000E+03
 1.215302801E+03	 1.222000000E+03
 1.215851530E+03	 1.223000000E+03
 1.216400203E+03	 1.213000000E+03
 1.216948819E+03	 1.231750000E+03
 1.217497378E+03	 1.211000000E+03
 1.218045881E+03	 1.216500000E+03
 1.218594327E+03	 1.225250000E+03
 1.219142717E+03	 1.222750000E+03
 1.219691051E+03	 1.221000000E+03
 1.220239327E+03	 1.227750000E+03
 1.220787548E+03	 1.229500000E+03
 1.221335712E+03	 1.233750000E+03
 1.221883819E+03	 1.216500000E+03
 1.222431870E+03	 1.227500000E+03
 1.222979864E+03	 1.245500000E+03
 1.223527802E+03	 1.232250000E+03
 1.224075683E+03	 1.217500000E+03
 1.224623508E+03	 1.221250000E+03
 1.225171277E+03	 1.222750000E+03
 1.225718989E+03	 1.228000000E+03
 1.226266644E+03	 1.232500000E+03
 1.226814243E+03	 1.220750000E+03
 1.227361786E+03	 1.238000000E+03
 1.227909272E+03	 1.230000000E+03
 1.228456702E+03	 1.228750000E+03
 1.229004075E+03	 1.239000000E+03
 1.229551392E+03	 1.244500000E+03
 1.230098652E+03	 1.234250000E+03
 1.230645856E+03	 1.229000000E+03
 1.231193003E+03	 1.230750000E+03
 1.231740094E+03	 1.223500000E+03
 1.232287129E+03	 1.251500000E+03
 1.232834107E+03	 1.236000000E+03
 1.233381029E+03	 1.229250000E+03
 1.233927894E+03	 1.224500000E+03
 1.234474703E+03	 1.229750000E+03
 1.235021455E+03	 1.218750000E+03
 1.235568151E+03	 1.231500000E+03
 1.236114791E+03	 1.246500000E+03
 1.236661374E+03	 1.221750000E+03
 1.237207901E+03	 1.223250000E+03
 1.237754372E+03	 1.222000000E+03
 1.238300786E+03	 1.233250000E+03
 1.238847144E+03	 1.218000000E+03
 1.239393445E+03	 1.233750000E+03
 1.239939690E+03	 1.224500000E+03
 1.240485879E+03	 1.256000000E+03
 1.241032011E+03	 1.230250000E+03
 1.241578087E+03	 1.221750000E+03
 1.242124106E+03	 1.239000000E+03
 1.242670070E+03	 1.235750000E+03
 1.243215976E+03	 1.242500000E+03
 1.243761827E+03	 1.250500000E+03
 1.244307621E+03	 1.253750000E+03
 1.244853359E+03	 1.239250000E+03
 1.245399040E+03	 1.243500000E+03
 1.245944665E+03	 1.236500000E+03
 1.246490234E+03	 1.246750000E+03
 1.247035746E+03	 1.234500000E+03
 1.247581203E+03	 1.246750000E+03
 1.248126602E+03	 1.229000000E+03
 1.248671946E+03	 1.240000000E+03
 1.249217233E+03	 1.245750000E+03
 1.249762464E+03	 1.267000000E+03
 1.250307638E+03	 1.235500000E+03
 1.250852757E+03	 1.249250000E+03
 1.251397819E+03	 1.239750000E+03
 1.251942824E+03	 1.260500000E+03
 1.252487774E+03	 1.247250000E+03
 1.253032667E+03	 1.237750000E+03
 1.253577503E+03	 1.240750000E+03
 1.254122284E+03	 1.245000000E+03
 1.254667008E+03	 1.257000000E+03
 1.255211676E+03	 1.248250000E+03
 1.255756288E+03	 1.232000000E+03
 1.256300843E+03	 1.248750000E+03
 1.256845342E+03	 1.242750000E+03
 1.257389785E+03	 1.242500000E+03
 1.257934172E+03	 1.260500000E+03
 1.258478502E+03	 1.236750000E+03
 1.259022776E+03	 1.243000000E+03
 1.259566994E+03	 1.254750000E+03
 1.260111156E+03	 1.269500000E+03
 1.260655261E+03	 1.240250000E+03
 1.261199311E+03	 1.258000000E+03
 1.261743304E+03	 1.250250000E+03
 1.262287240E+03	 1.254000000E+03
 1.262831121E+03	 1.243500000E+03
 1.263374945E+03	 1.243500000E+03
 1.263918713E+03	 1.253250000E+03
 1.264462425E+03	 1.259750000E+03
 1.265006081E+03	 1.281250000E+03
 1.265549680E+03	 1.308750000E+03
 1.266093223E+03	 1.270750000E+03
 1.266636711E+03	 1.258500000E+03
 1.267180141E+03	 1.247000000E+03
 1.267723516E+03	 1.245250000E+03
 1.268266835E+03	 1.259000000E+03
 1.268810097E+03	 1.258500000E+03
 1.269353303E+03	 1.243250000E+03
 1.269896453E+03	 1.248500000E+03
 1.270439547E+03	 1.235000000E+03
 1.270982584E+03	 1.268250000E+03
 1.271525566E+03	 1.248250000E+03
 1.272068491E+03	 1.245000000E+03
 1.272611360E+03	 1.251250000E+03
 1.273154173E+03	 1.261000000E+03
 1.273696930E+03	 1.248750000E+03
 1.274239631E+03	 1.256250000E+03
 1.274782275E+03	 1.252500000E+03
 1.275324864E+03	 1.248250000E+03
 1.275867396E+03	 1.265000000E+03
 1.276409872E+03	 1.250250000E+03
 1.276952292E+03	 1.253250000E+03
 1.277494656E+03	 1.249000000E+03
 1.278036964E+03	 1.253750000E+03
 1.278579215E+03	 1.255250000E+03
 1.279121411E+03	 1.277000000E+03
 1.279663550E+03	 1.260750000E+03
 1.280205634E+03	 1.244500000E+03
 1.280747661E+03	 1.251750000E+03
 1.281289632E+03	 1.245750000E+03
 1.281831547E+03	 1.255000000E+03
 1.282373406E+03	 1.270000000E+03
 1.282915209E+03	 1.261000000E+03
 1.283456955E+03	 1.272250000E+03
 1.283998646E+03	 1.266500000E+03
 1.284540281E+03	 1.305000000E+03
 1.285081859E+03	 1.480500000E+03
 1.285623381E+03	 1.860000000E+03
 1.286164848E+03	 1.768250000E+03
 1.286706258E+03	 1.396250000E+03
 1.287247612E+03	 1.288000000E+03
 1.287788911E+03	 1.269750000E+03
 1.288330153E+03	 1.285500000E+03
 1.288871339E+03	 1.279750000E+03
 1.289412469E+03	 1.268250000E+03
 1.289953543E+03	 1.266000000E+03
 1.290494561E+03	 1.268000000E+03
 1.291035523E+03	 1.255750000E+03
 1.291576428E+03	 1.265500000E+03
 1.292117278E+03	 1.263750000E+03
 1.292658072E+03	 1.267000000E+03
 1.293198810E+03	 1.258000000E+03
 1.293739492E+03	 1.264750000E+03
 1.294280118E+03	 1.247750000E+03
 1.294820687E+03	 1.258750000E+03
 1.295361201E+03	 1.263250000E+03
 1.295901659E+03	 1.260750000E+03
 1.296442061E+03	 1.247250000E+03
 1.296982406E+03	 1.263750000E+03
 1.297522696E+03	 1.255000000E+03
 1.298062930E+03	 1.263000000E+03
 1.298603108E+03	 1.274750000E+03
 1.299143229E+03	 1.261250000E+03
 1.299683295E+03	 1.257250000E+03
 1.300223305E+03	 1.269250000E+03
 1.300763259E+03	 1.263500000E+03
 1.301303157E+03	 1.247500000E+03
 1.301842999E+03	 1.253500000E+03
 1.302382785E+03	 1.270000000E+03
 1.302922515E+03	 1.255250000E+03
 1.303462189E+03	 1.276500000E+03
 1.304001807E+03	 1.258500000E+03
 1.304541369E+03	 1.266250000E+03
 1.305080875E+03	 1.256750000E+03
 1.305620326E+03	 1.271750000E+03
 1.306159720E+03	 1.278250000E+03
 1.306699058E+03	 1.258250000E+03
 1.307238341E+03	 1.264000000E+03
 1.307777567E+03	 1.263750000E+03
 1.308316738E+03	 1.267500000E+03
 1.308855853E+03	 1.275000000E+03
 1.309394912E+03	 1.272250000E+03
 1.309933915E+03	 1.265250000E+03
 1.310472862E+03	 1.273750000E+03
 1.311011753E+03	 1.273750000E+03
 1.311550588E+03	 1.273750000E+03
 1.312089367E+03	 1.270000000E+03
 1.312628090E+03	 1.268500000E+03
 1.313166758E+03	 1.265500000E+03
 1.313705370E+03	 1.270250000E+03
 1.314243925E+03	 1.281000000E+03
 1.314782425E+03	 1.271000000E+03
 1.315320869E+03	 1.282750000E+03
 1.315859257E+03	 1.285750000E+03
 1.316397589E+03	 1.272000000E+03
 1.316935866E+03	 1.275500000E+03
 1.317474086E+03	 1.282750000E+03
 1.318012251E+03	 1.270500000E+03
 1.318550360E+03	 1.277250000E+03
 1.319088413E+03	 1.279250000E+03
 1.319626410E+03	 1.280250000E+03
 1.320164351E+03	 1.276750000E+03
 1.320702236E+03	 1.272000000E+03
 1.321240066E+03	 1.263250000E+03
 1.321777839E+03	 1.277750000E+03
 1.322315557E+03	 1.279750000E+03
 1.322853219E+03	 1.280000000E+03
 1.323390826E+03	 1.271250000E+03
 1.323928376E+03	 1.272000000E+03
 1.324465871E+03	 1.269250000E+03
 1.325003309E+03	 1.278750000E+03
 1.325540692E+03	 1.251750000E+03
 1.326078020E+03	 1.274250000E+03
 1.326615291E+03	 1.269000000E+03
 1.327152506E+03	 1.296500000E+03
 1.327689666E+03	 1.277500000E+03
 1.328226770E+03	 1.285000000E+03
 1.328763818E+03	 1.266750000E+03
 1.329300811E+03	 1.270250000E+03
 1.329837747E+03	 1.275000000E+03
 1.330374628E+03	 1.274750000E+03
 1.330911453E+03	 1.278000000E+03
 1.331448222E+03	 1.277000000E+03
 1.331984936E+03	 1.277250000E+03
 1.332521594E+03	 1.261500000E+03
 1.333058196E+03	 1.288500000E+03
 1.333594742E+03	 1.278500000E+03
 1.334131232E+03	 1.271750000E+03
 1.334667667E+03	 1.277000000E+03
 1.335204046E+03	 1.270500000E+03
 1.335740369E+03	 1.253500000E+03
 1.336276637E+03	 1.295750000E+03
 1.336812848E+03	 1.287750000E+03
 1.337349004E+03	 1.283750000E+03
 1.337885105E+03	 1.278250000E+03
 1.338421149E+03	 1.270750000E+03
 1.338957138E+03	 1.278500000E+03
 1.339493071E+03	 1.278500000E+03
 1.340028949E+03	 1.274000000E+03
 1.340564770E+03	 1.282500000E+03
 1.341100536E+03	 1.277750000E+03
 1.341636246E+03	 1.273250000E+03
 1.342171901E+03	 1.270750000E+03
 1.342707500E+03	 1.274500000E+03
 1.343243043E+03	 1.280500000E+03
 1.343778530E+03	 1.276000000E+03
 1.344313962E+03	 1.289750000E+03
 1.344849338E+03	 1.285500000E+03
 1.345384659E+03	 1.285500000E+03
 1.345919923E+03	 1.270250000E+03
 1.346455133E+03	 1.293500000E+03
 1.346990286E+03	 1.289750000E+03
 1.347525384E+03	 1.288000000E+03
 1.348060426E+03	 1.295000000E+03
 1.348595412E+03	 1.293000000E+03
 1.349130343E+03	 1.279250000E+03
 1.349665218E+03	 1.281750000E+03
 1.350200037E+03	 1.293000000E+03
 1.350734801E+03	 1.290000000E+03
 1.351269509E+03	 1.272000000E+03
 1.351804162E+03	 1.286750000E+03
 1.352338758E+03	 1.281250000E+03
 1.352873300E+03	 1.289000000E+03
 1.353407785E+03	 1.286000000E+03
 1.353942215E+03	 1.289000000E+03
 1.354476589E+03	 1.287500000E+03
 1.355010908E+03	 1.295000000E+03
 1.355545171E+03	 1.279500000E+03
 1.356079379E+03	 1.266500000E+03
 1.356613530E+03	 1.297750000E+03
 1.357147627E+03	 1.279000000E+03
 1.357681667E+03	 1.290500000E+03
 1.358215652E+03	 1.272250000E+03
 1.358749582E+03	 1.300250000E+03
 1.359283456E+03	 1.301250000E+03
 1.359817274E+03	 1.290250000E+03
 1.360351037E+03	 1.294000000E+03
 1.360884744E+03	 1.283500000E+03
 1.361418395E+03	 1.287000000E+03
 1.361951991E+03	 1.298000000E+03
 1.362485531E+03	 1.293750000E+03
 1.363019016E+03	 1.288000000E+03
 1.363552445E+03	 1.282750000E+03
 1.364085819E+03	 1.276250000E+03
 1.364619137E+03	 1.291500000E+03
 1.365152400E+03	 1.284250000E+03
 1.365685607E+03	 1.290750000E+03
 1.366218758E+03	 1.296500000E+03
 1.366751854E+03	 1.293000000E+03
 1.367284894E+03	 1.297750000E+03
 1.367817879E+03	 1.293750000E+03
 1.368350808E+03	 1.291250000E+03
 1.368883682E+03	 1.296500000E+03
 1.369416500E+03	 1.281750000E+03
 1.369949263E+03	 1.289500000E+03
 1.370481970E+03	 1.295000000E+03
 1.371014622E+03	 1.301250000E+03
 1.371547218E+03	 1.300000000E+03
 1.372079758E+03	 1.290750000E+03
 1.372612244E+03	 1.291000000E+03
 1.373144673E+03	 1.287500000E+03
 1.373677047E+03	 1.297000000E+03
 1.374209366E+03	 1.276750000E+03
 1.374741629E+03	 1.300000000E+03
 1.375273836E+03	 1.281000000E+03
 1.375805989E+03	 1.291750000E+03
 1.376338085E+03	 1.291750000E+03
 1.376870126E+03	 1.292000000E+03
 1.377402112E+03	 1.286250000E+03
 1.377934042E+03	 1.303000000E+03
 1.378465917E+03	 1.304250000E+03
 1.378997736E+03	 1.310750000E+03
 1.379529500E+03	 1.285000000E+03
 1.380061208E+03	 1.296250000E+03
 1.380592861E+03	 1.293250000E+03
 1.381124459E+03	 1.288250000E+03
 1.381656000E+03	 1.301000000E+03
 1.382187487E+03	 1.304750000E+03
 1.382718918E+03	 1.306000000E+03
 1.383250294E+03	 1.301250000E+03
 1.383781614E+03	 1.303250000E+03
 1.384312879E+03	 1.297000000E+03
 1.384844088E+03	 1.306250000E+03
 1.385375242E+03	 1.305500000E+03
 1.385906340E+03	 1.293750000E+03
 1.386437383E+03	 1.306500000E+03
 1.386968371E+03	 1.311750000E+03
 1.387499303E+03	 1.333500000E+03
 1.388030180E+03	 1.420250000E+03
 1.388561001E+03	 1.825250000E+03
 1.389091767E+03	 2.390000000E+03
 1.389622478E+03	 1.777250000E+03
 1.390153133E+03	 1.398750000E+03
 1.390683733E+03	 1.338500000E+03
 1.391214277E+03	 1.312000000E+03
 1.391744766E+03	 1.312750000E+03
 1.392275200E+03	 1.295750000E+03
 1.392805578E+03	 1.304000000E+03
 1.393335901E+03	 1.291750000E+03
 1.393866168E+03	 1.311000000E+03
 1.394396381E+03	 1.295000000E+03
 1.394926537E+03	 1.303750000E+03
 1.395456639E+03	 1.300250000E+03
 1.395986685E+03	 1.303250000E+03
 1.396516675E+03	 1.300250000E+03
 1.397046611E+03	 1.293500000E+03
 1.397576491E+03	 1.313500000E+03
 1.398106315E+03	 1.308000000E+03
 1.398636084E+03	 1.307250000E+03
 1.399165798E+03	 1.304750000E+03
 1.399695457E+03	 1.317250000E+03
 1.400225060E+03	 1.302250000E+03
 1.400754608E+03	 1.299750000E+03
 1.401284101E+03	 1.298000000E+03
 1.401813538E+03	 1.297250000E+03
 1.402342920E+03	 1.299750000E+03
 1.402872247E+03	 1.317000000E+03
 1.403401518E+03	 1.303750000E+03
 1.403930734E+03	 1.309000000E+03
 1.404459895E+03	 1.297000000E+03
 1.404989000E+03	 1.310750000E+03
 1.405518050E+03	 1.319750000E+03
 1.406047045E+03	 1.305250000E+03
 1.406575984E+03	 1.299250000E+03
 1.407104869E+03	 1.298000000E+03
 1.407633697E+03	 1.312000000E+03
 1.408162471E+03	 1.319000000E+03
 1.408691189E+03	 1.322500000E+03
 1.409219852E+03	 1.317500000E+03
 1.409748460E+03	 1.348250000E+03
 1.410277013E+03	 1.385250000E+03
 1.410805510E+03	 1.377500000E+03
 1.411333952E+03	 1.331000000E+03
 1.411862339E+03	 1.318250000E+03
 1.412390670E+03	 1.314250000E+03
 1.412918946E+03	 1.307250000E+03
 1.413447167E+03	 1.316500000E+03
 1.413975333E+03	 1.313750000E+03
 1.414503444E+03	 1.318250000E+03
 1.415031499E+03	 1.322500000E+03
 1.415559499E+03	 1.309750000E+03
 1.416087444E+03	 1.298500000E+03
 1.416615333E+03	 1.308250000E+03
 1.417143167E+03	 1.315250000E+03
 1.417670947E+03	 1.313750000E+03
 1.418198670E+03	 1.296750000E+03
 1.418726339E+03	 1.300000000E+03
 1.419253952E+03	 1.304000000E+03
 1.419781511E+03	 1.314750000E+03
 1.420309014E+03	 1.316500000E+03
 1.420836461E+03	 1.309000000E+03
 1.421363854E+03	 1.313500000E+03
 1.421891191E+03	 1.325250000E+03
 1.422418474E+03	 1.317750000E+03
 1.422945701E+03	 1.318750000E+03
 1.423472872E+03	 1.300500000E+03
 1.423999989E+03	 1.317250000E+03
 1.424527050E+03	 1.323500000E+03
 1.425054057E+03	 1.310500000E+03
 1.425581008E+03	 1.318000000E+03
 1.426107904E+03	 1.307750000E+03
 1.426634745E+03	 1.321500000E+03
 1.427161530E+03	 1.312000000E+03
 1.427688261E+03	 1.327500000E+03
 1.428214936E+03	 1.322000000E+03
 1.428741556E+03	 1.336250000E+03
 1.429268121E+03	 1.322750000E+03
 1.429794631E+03	 1.315500000E+03
 1.430321085E+03	 1.317750000E+03
 1.430847485E+03	 1.324500000E+03
 1.431373829E+03	 1.317000000E+03
 1.431900118E+03	 1.322750000E+03
 1.432426353E+03	 1.308500000E+03
 1.432952532E+03	 1.301750000E+03
 1.433478655E+03	 1.310750000E+03
 1.434004724E+03	 1.312500000E+03
 1.434530738E+03	 1.310500000E+03
 1.435056696E+03	 1.318500000E+03
 1.435582600E+03	 1.328750000E+03
 1.436108448E+03	 1.311000000E+03
 1.436634241E+03	 1.323250000E+03
 1.437159979E+03	 1.317250000E+03
 1.437685662E+03	 1.326500000E+03
 1.438211290E+03	 1.318000000E+03
 1.438736863E+03	 1.321250000E+03
 1.439262381E+03	 1.320250000E+03
 1.439787843E+03	 1.331250000E+03
 1.440313251E+03	 1.317000000E+03
 1.440838603E+03	 1.309250000E+03
 1.441363900E+03	 1.310000000E+03
 1.441889143E+03	 1.313000000E+03
 1.442414330E+03	 1.319500000E+03
 1.442939462E+03	 1.315750000E+03
 1.443464539E+03	 1.316750000E+03
 1.443989561E+03	 1.314500000E+03
 1.444514528E+03	 1.333250000E+03
 1.445039440E+03	 1.319500000E+03
 1.445564297E+03	 1.326500000E+03
 1.446089099E+03	 1.304250000E+03
 1.446613846E+03	 1.318500000E+03
 1.447138537E+03	 1.323500000E+03
 1.447663174E+03	 1.316500000E+03
 1.448187756E+03	 1.313750000E+03
 1.448712282E+03	 1.309250000E+03
 1.449236754E+03	 1.322000000E+03
 1.449761171E+03	 1.306750000E+03
 1.450285532E+03	 1.331750000E+03
 1.450809839E+03	 1.317500000E+03
 1.451334090E+03	 1.327750000E+03
 1.451858287E+03	 1.323500000E+03
 1.452382428E+03	 1.315750000E+03
 1.452906515E+03	 1.323750000E+03
 1.453430546E+03	 1.323250000E+03
 1.453954523E+03	 1.320500000E+03
 1.454478444E+03	 1.321000000E+03
 1.455002311E+03	 1.319500000E+03
 1.455526123E+03	 1.314250000E+03
 1.456049879E+03	 1.331750000E+03
 1.456573581E+03	 1.308000000E+03
 1.457097227E+03	 1.318000000E+03
 1.457620819E+03	 1.311000000E+03
 1.458144356E+03	 1.320750000E+03
 1.458667837E+03	 1.324500000E+03
 1.459191264E+03	 1.321750000E+03
 1.459714636E+03	 1.328000000E+03
 1.460237952E+03	 1.313750000E+03
 1.460761214E+03	 1.318250000E+03
 1.461284421E+03	 1.325500000E+03
 1.461807573E+03	 1.313500000E+03
 1.462330670E+03	 1.330750000E+03
 1.462853712E+03	 1.317250000E+03
 1.463376699E+03	 1.329750000E+03
 1.463899632E+03	 1.314750000E+03
 1.464422509E+03	 1.313250000E+03
 1.464945331E+03	 1.320750000E+03
 1.465468099E+03	 1.327250000E+03
 1.465990811E+03	 1.307000000E+03
 1.466513469E+03	 1.310500000E+03
 1.467036071E+03	 1.329750000E+03
 1.467558619E+03	 1.318000000E+03
 1.468081112E+03	 1.317250000E+03
 1.468603550E+03	 1.327250000E+03
 1.469125933E+03	 1.306750000E+03
 1.469648261E+03	 1.297000000E+03
 1.470170534E+03	 1.322750000E+03
 1.470692752E+03	 1.307000000E+03
 1.471214916E+03	 1.319750000E+03
 1.471737024E+03	 1.324250000E+03
 1.472259078E+03	 1.328000000E+03
 1.472781077E+03	 1.327250000E+03
 1.473303021E+03	 1.309750000E+03
 1.473824910E+03	 1.323750000E+03
 1.474346744E+03	 1.308250000E+03
 1.474868523E+03	 1.303750000E+03
 1.475390248E+03	 1.322500000E+03
 1.475911917E+03	 1.321500000E+03
 1.476433532E+03	 1.340000000E+03
 1.476955092E+03	 1.318250000E+03
 1.477476597E+03	 1.321000000E+03
 1.477998047E+03	 1.319250000E+03
 1.478519442E+03	 1.307500000E+03
 1.479040783E+03	 1.312250000E+03
 1.479562068E+03	 1.301750000E+03
 1.480083299E+03	 1.332500000E+03
 1.480604475E+03	 1.315750000E+03
 1.481125596E+03	 1.331250000E+03
 1.481646663E+03	 1.304750000E+03
 1.482167674E+03	 1.310750000E+03
 1.482688631E+03	 1.315000000E+03
 1.483209533E+03	 1.310000000E+03
 1.483730380E+03	 1.310250000E+03
 1.484251172E+03	 1.324500000E+03
 1.484771909E+03	 1.309000000E+03
 1.485292592E+03	 1.322250000E+03
 1.485813220E+03	 1.291500000E+03
 1.486333793E+03	 1.310000000E+03
 1.486854311E+03	 1.338250000E+03
 1.487374775E+03	 1.306500000E+03
 1.487895183E+03	 1.325500000E+03
 1.488415537E+03	 1.321500000E+03
 1.488935836E+03	 1.321500000E+03
 1.489456081E+03	 1.309000000E+03
 1.489976270E+03	 1.317500000E+03
 1.490496405E+03	 1.318250000E+03
 1.491016485E+03	 1.302750000E+03
 1.491536511E+03	 1.335750000E+03
 1.492056481E+03	 1.309750000E+03
 1.492576397E+03	 1.325000000E+03
 1.493096258E+03	 1.316750000E+03
 1.493616064E+03	 1.319750000E+03
 1.494135816E+03	 1.330250000E+03
 1.494655513E+03	 1.309250000E+03
 1.495175155E+03	 1.325500000E+03
 1.495694742E+03	 1.323500000E+03
 1.496214274E+03	 1.311500000E+03
 1.496733752E+03	 1.304750000E+03
 1.497253175E+03	 1.329250000E+03
 1.497772544E+03	 1.319500000E+03
 1.498291858E+03	 1.324000000E+03
 1.498811116E+03	 1.311750000E+03
 1.499330321E+03	 1.318000000E+03
 1.499849470E+03	 1.335250000E+03
 1.500368565E+03	 1.322000000E+03
 1.500887605E+03	 1.314500000E+03
 1.501406591E+03	 1.331250000E+03
 1.501925521E+03	 1.320250000E+03
 1.502444397E+03	 1.322500000E+03
 1.502963219E+03	 1.319000000E+03
 1.503481985E+03	 1.329000000E+03
 1.504000697E+03	 1.328250000E+03
 1.504519355E+03	 1.318750000E+03
 1.505037957E+03	 1.322000000E+03
 1.505556505E+03	 1.325750000E+03
 1.506074999E+03	 1.313250000E+03
 1.506593437E+03	 1.300500000E+03
 1.507111821E+03	 1.323000000E+03
 1.507630150E+03	 1.315500000E+03
 1.508148425E+03	 1.316750000E+03
 1.508666645E+03	 1.321750000E+03
 1.509184810E+03	 1.316500000E+03
 1.509702921E+03	 1.321750000E+03
 1.510220977E+03	 1.312250000E+03
 1.510738979E+03	 1.324500000E+03
 1.511256925E+03	 1.328500000E+03
 1.511774817E+03	 1.323750000E+03
 1.512292655E+03	 1.325250000E+03
 1.512810438E+03	 1.314500000E+03
 1.513328166E+03	 1.321750000E+03
 1.513845840E+03	 1.316500000E+03
 1.514363459E+03	 1.307500000E+03
 1.514881023E+03	 1.313000000E+03
 1.515398533E+03	 1.312500000E+03
 1.515915988E+03	 1.312000000E+03
 1.516433389E+03	 1.327500000E+03
 1.516950734E+03	 1.308000000E+03
 1.517468026E+03	 1.320250000E+03
 1.517985263E+03	 1.313250000E+03
 1.518502445E+03	 1.319000000E+03
 1.519019572E+03	 1.320250000E+03
 1.519536645E+03	 1.324250000E+03
 1.520053664E+03	 1.320000000E+03
 1.520570628E+03	 1.320000000E+03
 1.521087537E+03	 1.318000000E+03
 1.521604392E+03	 1.322750000E+03
 1.522121192E+03	 1.325000000E+03
 1.522637937E+03	 1.318000000E+03
 1.523154628E+03	 1.326750000E+03
 1.523671265E+03	 1.319500000E+03
 1.524187847E+03	 1.321500000E+03
 1.524704374E+03	 1.326750000E+03
 1.525220847E+03	 1.323250000E+03
 1.525737265E+03	 1.304500000E+03
 1.526253629E+03	 1.335500000E+03
 1.526769938E+03	 1.328500000E+03
 1.527286192E+03	 1.317500000E+03
 1.527802392E+03	 1.333000000E+03
 1.528318538E+03	 1.329250000E+03
 1.528834629E+03	 1.329000000E+03
 1.529350666E+03	 1.312500000E+03
 1.529866648E+03	 1.336000000E+03
 1.530382575E+03	 1.340000000E+03
 1.530898448E+03	 1.325750000E+03
 1.531414266E+03	 1.320500000E+03
 1.531930030E+03	 1.340500000E+03
 1.532445740E+03	 1.322000000E+03
 1.532961395E+03	 1.326250000E+03
 1.533476995E+03	 1.328250000E+03
 1.533992541E+03	 1.325250000E+03
 1.534508033E+03	 1.331500000E+03
 1.535023470E+03	 1.325250000E+03
 1.535538852E+03	 1.334750000E+03
 1.536054180E+03	 1.318500000E+03
 1.536569454E+03	 1.320750000E+03
 1.537084673E+03	 1.322750000E+03
 1.537599837E+03	 1.323000000E+03
 1.538114947E+03	 1.320500000E+03
 1.538630003E+03	 1.327250000E+03
 1.539145004E+03	 1.332000000E+03
 1.539659951E+03	 1.317750000E+03
 1.540174843E+03	 1.328000000E+03
 1.540689681E+03	 1.318250000E+03
 1.541204465E+03	 1.318250000E+03
 1.541719194E+03	 1.312000000E+03
 1.542233868E+03	 1.326500000E+03
 1.542748488E+03	 1.312750000E+03
 1.543263054E+03	 1.329500000E+03
 1.543777565E+03	 1.332000000E+03
 1.544292022E+03	 1.328250000E+03
 1.544806424E+03	 1.329750000E+03
 1.545320772E+03	 1.334500000E+03
 1.545835066E+03	 1.332000000E+03
 1.546349305E+03	 1.324750000E+03
 1.546863489E+03	 1.333500000E+03
 1.547377620E+03	 1.324250000E+03
 1.547891696E+03	 1.328750000E+03
 1.548405717E+03	 1.318750000E+03
 1.548919684E+03	 1.319500000E+03
 1.549433597E+03	 1.336750000E+03
 1.549947455E+03	 1.324500000E+03
 1.550461259E+03	 1.338250000E+03
 1.550975009E+03	 1.341750000E+03
 1.551488704E+03	 1.338750000E+03
 1.552002345E+03	 1.335750000E+03
 1.552515931E+03	 1.348750000E+03
 1.553029463E+03	 1.344750000E+03
 1.553542941E+03	 1.343000000E+03
 1.554056364E+03	 1.312500000E+03
 1.554569733E+03	 1.332500000E+03
 1.555083048E+03	 1.330500000E+03
 1.555596308E+03	 1.334500000E+03
 1.556109514E+03	 1.319000000E+03
 1.556622665E+03	 1.324250000E+03
 1.557135762E+03	 1.330750000E+03
 1.557648805E+03	 1.320750000E+03
 1.558161794E+03	 1.342000000E+03
 1.558674728E+03	 1.328250000E+03
 1.559187608E+03	 1.334000000E+03
 1.559700433E+03	 1.329750000E+03
 1.560213205E+03	 1.330250000E+03
 1.560725921E+03	 1.322750000E+03
 1.561238584E+03	 1.327000000E+03
 1.561751192E+03	 1.337000000E+03
 1.562263746E+03	 1.331250000E+03
 1.562776246E+03	 1.347500000E+03
 1.563288691E+03	 1.321000000E+03
 1.563801082E+03	 1.330000000E+03
 1.564313419E+03	 1.337500000E+03
 1.564825701E+03	 1.332500000E+03
 1.565337929E+03	 1.324250000E+03
 1.565850103E+03	 1.336000000E+03
 1.566362223E+03	 1.319500000E+03
 1.566874288E+03	 1.324250000E+03
 1.567386299E+03	 1.329250000E+03
 1.567898256E+03	 1.329000000E+03
 1.568410158E+03	 1.327750000E+03
 1.568922007E+03	 1.317000000E+03
 1.569433800E+03	 1.318500000E+03
 1.569945540E+03	 1.329250000E+03
 1.570457226E+03	 1.331500000E+03
 1.570968857E+03	 1.334000000E+03
 1.571480434E+03	 1.336000000E+03
 1.571991956E+03	 1.340250000E+03
 1.572503425E+03	 1.329750000E+03
 1.573014839E+03	 1.334250000E+03
 1.573526199E+03	 1.328000000E+03
 1.574037505E+03	 1.335500000E+03
 1.574548756E+03	 1.327000000E+03
 1.575059953E+03	 1.333250000E+03
 1.575571096E+03	 1.323500000E+03
 1.576082185E+03	 1.326750000E+03
 1.576593220E+03	 1.334750000E+03
 1.577104200E+03	 1.332500000E+03
 1.577615126E+03	 1.334500000E+03
 1.578125998E+03	 1.320750000E+03
 1.578636816E+03	 1.340750000E+03
 1.579147580E+03	 1.341250000E+03
 1.579658289E+03	 1.329750000E+03
 1.580168944E+03	 1.328500000E+03
 1.580679545E+03	 1.333250000E+03
 1.581190092E+03	 1.323750000E+03
 1.581700585E+03	 1.333500000E+03
 1.582211023E+03	 1.316750000E+03
 1.582721407E+03	 1.324750000E+03
 1.583231737E+03	 1.327250000E+03
 1.583742013E+03	 1.328750000E+03
 1.584252235E+03	 1.332750000E+03
 1.584762403E+03	 1.320250000E+03
 1.585272516E+03	 1.336000000E+03
 1.585782575E+03	 1.322750000E+03
 1.586292581E+03	 1.330500000E+03
 1.586802532E+03	 1.309250000E+03
 1.587312428E+03	 1.345750000E+03
 1.587822271E+03	 1.327250000E+03
 1.588332060E+03	 1.325000000E+03
 1.588841794E+03	 1.324000000E+03
 1.589351474E+03	 1.320750000E+03
 1.589861100E+03	 1.318500000E+03
 1.590370672E+03	 1.323000000E+03
 1.590880190E+03	 1.339250000E+03
 1.591389654E+03	 1.322500000E+03
 1.591899064E+03	 1.347750000E+03
 1.592408419E+03	 1.327750000E+03
