//Exported ASCII-File
[Header]
FileName = D:\User\Wieser\Cascades_day6.wip
GraphName = CC9_MI1_OL_20X
SizeX = 1
SizeY = 1
SizeGraph = 1024
PositionUnit = µm
PositionX = -124.4
PositionY = -2.9
PositionZ = 0
XAxisUnit = rel. 1/cm
DataUnit = CCD cts

[Data]
X-Axis	CC9_MI1_OL_20X
 5.874196431E+01	 7.172999878E+02
 6.371206119E+01	 7.225999756E+02
 6.867965313E+01	 7.322999878E+02
 7.364474049E+01	 7.399000244E+02
 7.860732366E+01	 7.430999756E+02
 8.356740304E+01	 7.447000122E+02
 8.852497903E+01	 7.430999756E+02
 9.348005205E+01	 7.454000244E+02
 9.843262250E+01	 7.455000000E+02
 1.033826908E+02	 7.457999878E+02
 1.083302575E+02	 7.454000244E+02
 1.132753228E+02	 7.485000000E+02
 1.182178874E+02	 7.455999756E+02
 1.231579517E+02	 7.477999878E+02
 1.280955161E+02	 7.489000244E+02
 1.330305811E+02	 7.505999756E+02
 1.379631473E+02	 7.494000244E+02
 1.428932150E+02	 7.552000122E+02
 1.478207848E+02	 7.574000244E+02
 1.527458573E+02	 7.567000122E+02
 1.576684328E+02	 7.575000000E+02
 1.625885121E+02	 7.572999878E+02
 1.675060955E+02	 7.572000122E+02
 1.724211837E+02	 7.552000122E+02
 1.773337772E+02	 7.517999878E+02
 1.822438765E+02	 7.500999756E+02
 1.871514822E+02	 7.517000122E+02
 1.920565950E+02	 7.535999756E+02
 1.969592153E+02	 7.540000000E+02
 2.018593437E+02	 7.572999878E+02
 2.067569809E+02	 7.599000244E+02
 2.116521275E+02	 7.634000244E+02
 2.165447841E+02	 7.727999878E+02
 2.214349512E+02	 7.824000244E+02
 2.263226296E+02	 7.879000244E+02
 2.312078198E+02	 7.817999878E+02
 2.360905225E+02	 7.747000122E+02
 2.409707384E+02	 7.694000244E+02
 2.458484680E+02	 7.629000244E+02
 2.507237122E+02	 7.582000122E+02
 2.555964714E+02	 7.550000000E+02
 2.604667465E+02	 7.499000244E+02
 2.653345381E+02	 7.540999756E+02
 2.701998469E+02	 7.527000122E+02
 2.750626735E+02	 7.512000122E+02
 2.799230188E+02	 7.535999756E+02
 2.847808833E+02	 7.540000000E+02
 2.896362679E+02	 7.592999878E+02
 2.944891732E+02	 7.645000000E+02
 2.993396000E+02	 7.809000244E+02
 3.041875491E+02	 7.964000244E+02
 3.090330211E+02	 7.977000122E+02
 3.138760168E+02	 7.865999756E+02
 3.187165370E+02	 7.760000000E+02
 3.235545825E+02	 7.705999756E+02
 3.283901540E+02	 7.717000122E+02
 3.332232523E+02	 7.677999878E+02
 3.380538782E+02	 7.705999756E+02
 3.428820325E+02	 7.675000000E+02
 3.477077159E+02	 7.672000122E+02
 3.525309293E+02	 7.630000000E+02
 3.573516736E+02	 7.587999878E+02
 3.621699494E+02	 7.557000122E+02
 3.669857577E+02	 7.550999756E+02
 3.717990992E+02	 7.509000244E+02
 3.766099749E+02	 7.515999756E+02
 3.814183855E+02	 7.472000122E+02
 3.862243319E+02	 7.479000244E+02
 3.910278150E+02	 7.430000000E+02
 3.958288355E+02	 7.447000122E+02
 4.006273945E+02	 7.447999878E+02
 4.054234927E+02	 7.452999878E+02
 4.102171310E+02	 7.492999878E+02
 4.150083103E+02	 7.545000000E+02
 4.197970316E+02	 7.552999878E+02
 4.245832956E+02	 7.614000244E+02
 4.293671033E+02	 7.640999756E+02
 4.341484557E+02	 7.757999878E+02
 4.389273536E+02	 7.775999756E+02
 4.437037979E+02	 7.747000122E+02
 4.484777896E+02	 7.617000122E+02
 4.532493296E+02	 7.542000122E+02
 4.580184188E+02	 7.515000000E+02
 4.627850582E+02	 7.487000122E+02
 4.675492487E+02	 7.487000122E+02
 4.723109913E+02	 7.475999756E+02
 4.770702869E+02	 7.487999878E+02
 4.818271365E+02	 7.480000000E+02
 4.865815411E+02	 7.495000000E+02
 4.913335016E+02	 7.455000000E+02
 4.960830191E+02	 7.450999756E+02
 5.008300944E+02	 7.442000122E+02
 5.055747286E+02	 7.467999878E+02
 5.103169227E+02	 7.502000122E+02
 5.150566777E+02	 7.485000000E+02
 5.197939945E+02	 7.505000000E+02
 5.245288743E+02	 7.515000000E+02
 5.292613180E+02	 7.544000244E+02
 5.339913266E+02	 7.550999756E+02
 5.387189012E+02	 7.622000122E+02
 5.434440427E+02	 7.695000000E+02
 5.481667523E+02	 7.712000122E+02
 5.528870309E+02	 7.612000122E+02
 5.576048796E+02	 7.565000000E+02
 5.623202995E+02	 7.520000000E+02
 5.670332916E+02	 7.534000244E+02
 5.717438570E+02	 7.574000244E+02
 5.764519967E+02	 7.702999878E+02
 5.811577118E+02	 7.817000122E+02
 5.858610033E+02	 7.930000000E+02
 5.905618725E+02	 7.957000122E+02
 5.952603202E+02	 7.877999878E+02
 5.999563477E+02	 7.777000122E+02
 6.046499559E+02	 7.802000122E+02
 6.093411461E+02	 7.770999756E+02
 6.140299193E+02	 7.757000122E+02
 6.187162766E+02	 7.660999756E+02
 6.234002191E+02	 7.602999878E+02
 6.280817479E+02	 7.515999756E+02
 6.327608642E+02	 7.512000122E+02
 6.374375690E+02	 7.500000000E+02
 6.421118636E+02	 7.487999878E+02
 6.467837489E+02	 7.485000000E+02
 6.514532263E+02	 7.472999878E+02
 6.561202967E+02	 7.490000000E+02
 6.607849614E+02	 7.492000122E+02
 6.654472214E+02	 7.462999878E+02
 6.701070780E+02	 7.472000122E+02
 6.747645323E+02	 7.472999878E+02
 6.794195855E+02	 7.462000122E+02
 6.840722386E+02	 7.472999878E+02
 6.887224930E+02	 7.499000244E+02
 6.933703497E+02	 7.467000122E+02
 6.980158099E+02	 7.487000122E+02
 7.026588748E+02	 7.489000244E+02
 7.072995457E+02	 7.492999878E+02
 7.119378236E+02	 7.492000122E+02
 7.165737098E+02	 7.495999756E+02
 7.212072054E+02	 7.522000122E+02
 7.258383117E+02	 7.529000244E+02
 7.304670299E+02	 7.525999756E+02
 7.350933611E+02	 7.540999756E+02
 7.397173066E+02	 7.535999756E+02
 7.443388676E+02	 7.532999878E+02
 7.489580453E+02	 7.547999878E+02
 7.535748409E+02	 7.569000244E+02
 7.581892557E+02	 7.572000122E+02
 7.628012909E+02	 7.559000244E+02
 7.674109476E+02	 7.589000244E+02
 7.720182272E+02	 7.615000000E+02
 7.766231309E+02	 7.610999756E+02
 7.812256599E+02	 7.672000122E+02
 7.858258154E+02	 7.700000000E+02
 7.904235988E+02	 7.710999756E+02
 7.950190112E+02	 7.764000244E+02
 7.996120539E+02	 7.852999878E+02
 8.042027282E+02	 7.987999878E+02
 8.087910353E+02	 8.215999756E+02
 8.133769766E+02	 8.707999878E+02
 8.179605532E+02	 9.830000000E+02
 8.225417664E+02	 1.194599976E+03
 8.271206175E+02	 1.340599976E+03
 8.316971078E+02	 1.262800049E+03
 8.362712385E+02	 1.135099976E+03
 8.408430111E+02	 1.112400024E+03
 8.454124266E+02	 1.208699951E+03
 8.499794864E+02	 1.483599976E+03
 8.545441919E+02	 1.910699951E+03
 8.591065442E+02	 2.161600098E+03
 8.636665448E+02	 1.903800049E+03
 8.682241949E+02	 1.461699951E+03
 8.727794957E+02	 1.153699951E+03
 8.773324487E+02	 1.018099976E+03
 8.818830551E+02	 9.745000000E+02
 8.864313162E+02	 9.585000000E+02
 8.909772334E+02	 9.024000244E+02
 8.955208079E+02	 8.440000000E+02
 9.000620411E+02	 8.210000000E+02
 9.046009344E+02	 8.059000244E+02
 9.091374889E+02	 8.025999756E+02
 9.136717061E+02	 8.047000122E+02
 9.182035873E+02	 8.135000000E+02
 9.227331339E+02	 8.210000000E+02
 9.272603471E+02	 8.147000122E+02
 9.317852282E+02	 8.017000122E+02
 9.363077788E+02	 8.052999878E+02
 9.408280000E+02	 8.160999756E+02
 9.453458932E+02	 8.339000244E+02
 9.498614598E+02	 8.617999878E+02
 9.543747012E+02	 8.960999756E+02
 9.588856186E+02	 9.282999878E+02
 9.633942135E+02	 9.375999756E+02
 9.679004872E+02	 9.090999756E+02
 9.724044410E+02	 8.684000244E+02
 9.769060763E+02	 8.259000244E+02
 9.814053946E+02	 8.012999878E+02
 9.859023970E+02	 7.797000122E+02
 9.903970852E+02	 7.735000000E+02
 9.948894603E+02	 7.665999756E+02
 9.993795238E+02	 7.635999756E+02
 1.003867277E+03	 7.635000000E+02
 1.008352721E+03	 7.595999756E+02
 1.012835858E+03	 7.570000000E+02
 1.017316689E+03	 7.600000000E+02
 1.021795215E+03	 7.577000122E+02
 1.026271438E+03	 7.580999756E+02
 1.030745358E+03	 7.574000244E+02
 1.035216979E+03	 7.580000000E+02
 1.039686300E+03	 7.557000122E+02
 1.044153323E+03	 7.560000000E+02
 1.048618050E+03	 7.575999756E+02
 1.053080482E+03	 7.544000244E+02
 1.057540620E+03	 7.535999756E+02
 1.061998466E+03	 7.542999878E+02
 1.066454022E+03	 7.532999878E+02
 1.070907288E+03	 7.525999756E+02
 1.075358266E+03	 7.522000122E+02
 1.079806958E+03	 7.525999756E+02
 1.084253364E+03	 7.500000000E+02
 1.088697487E+03	 7.525000000E+02
 1.093139327E+03	 7.515000000E+02
 1.097578887E+03	 7.520000000E+02
 1.102016167E+03	 7.509000244E+02
 1.106451169E+03	 7.527000122E+02
 1.110883895E+03	 7.525999756E+02
 1.115314345E+03	 7.495999756E+02
 1.119742522E+03	 7.505999756E+02
 1.124168426E+03	 7.507999878E+02
 1.128592060E+03	 7.550999756E+02
 1.133013424E+03	 7.512000122E+02
 1.137432520E+03	 7.535000000E+02
 1.141849349E+03	 7.525999756E+02
 1.146263913E+03	 7.545999756E+02
 1.150676214E+03	 7.524000244E+02
 1.155086252E+03	 7.554000244E+02
 1.159494029E+03	 7.527999878E+02
 1.163899547E+03	 7.512000122E+02
 1.168302807E+03	 7.547000122E+02
 1.172703810E+03	 7.519000244E+02
 1.177102559E+03	 7.525999756E+02
 1.181499054E+03	 7.505000000E+02
 1.185893296E+03	 7.525000000E+02
 1.190285288E+03	 7.482999878E+02
 1.194675031E+03	 7.490000000E+02
 1.199062526E+03	 7.500999756E+02
 1.203447774E+03	 7.495000000E+02
 1.207830778E+03	 7.505000000E+02
 1.212211538E+03	 7.530999756E+02
 1.216590056E+03	 7.500999756E+02
 1.220966334E+03	 7.522000122E+02
 1.225340372E+03	 7.535999756E+02
 1.229712173E+03	 7.509000244E+02
 1.234081738E+03	 7.497999878E+02
 1.238449069E+03	 7.514000244E+02
 1.242814166E+03	 7.490999756E+02
 1.247177031E+03	 7.495000000E+02
 1.251537666E+03	 7.502999878E+02
 1.255896072E+03	 7.477000122E+02
 1.260252251E+03	 7.475000000E+02
 1.264606204E+03	 7.487999878E+02
 1.268957932E+03	 7.480999756E+02
 1.273307438E+03	 7.467000122E+02
 1.277654722E+03	 7.465999756E+02
 1.281999787E+03	 7.504000244E+02
 1.286342633E+03	 7.442999878E+02
 1.290683261E+03	 7.474000244E+02
 1.295021675E+03	 7.450000000E+02
 1.299357874E+03	 7.482000122E+02
 1.303691861E+03	 7.465999756E+02
 1.308023636E+03	 7.455999756E+02
 1.312353202E+03	 7.460999756E+02
 1.316680560E+03	 7.470000000E+02
 1.321005711E+03	 7.489000244E+02
 1.325328657E+03	 7.455999756E+02
 1.329649400E+03	 7.452000122E+02
 1.333967940E+03	 7.479000244E+02
 1.338284279E+03	 7.485999756E+02
 1.342598420E+03	 7.494000244E+02
 1.346910362E+03	 7.447000122E+02
 1.351220109E+03	 7.477999878E+02
 1.355527660E+03	 7.460000000E+02
 1.359833018E+03	 7.465999756E+02
 1.364136185E+03	 7.487999878E+02
 1.368437161E+03	 7.494000244E+02
 1.372735949E+03	 7.467000122E+02
 1.377032549E+03	 7.460000000E+02
 1.381326964E+03	 7.490999756E+02
 1.385619194E+03	 7.457999878E+02
 1.389909241E+03	 7.442000122E+02
 1.394197107E+03	 7.479000244E+02
 1.398482793E+03	 7.474000244E+02
 1.402766301E+03	 7.457999878E+02
 1.407047632E+03	 7.470000000E+02
 1.411326788E+03	 7.452999878E+02
 1.415603770E+03	 7.465000000E+02
 1.419878580E+03	 7.484000244E+02
 1.424151219E+03	 7.462000122E+02
 1.428421688E+03	 7.480000000E+02
 1.432689990E+03	 7.454000244E+02
 1.436956126E+03	 7.484000244E+02
 1.441220096E+03	 7.474000244E+02
 1.445481903E+03	 7.457999878E+02
 1.449741549E+03	 7.477999878E+02
 1.453999034E+03	 7.477999878E+02
 1.458254360E+03	 7.490000000E+02
 1.462507529E+03	 7.489000244E+02
 1.466758543E+03	 7.495999756E+02
 1.471007402E+03	 7.494000244E+02
 1.475254108E+03	 7.487999878E+02
 1.479498663E+03	 7.477000122E+02
 1.483741068E+03	 7.460000000E+02
 1.487981325E+03	 7.487999878E+02
 1.492219435E+03	 7.474000244E+02
 1.496455400E+03	 7.475999756E+02
 1.500689221E+03	 7.490000000E+02
 1.504920900E+03	 7.467999878E+02
 1.509150438E+03	 7.505000000E+02
 1.513377836E+03	 7.490999756E+02
 1.517603098E+03	 7.477999878E+02
 1.521826222E+03	 7.495000000E+02
 1.526047213E+03	 7.480999756E+02
 1.530266070E+03	 7.460000000E+02
 1.534482795E+03	 7.460999756E+02
 1.538697390E+03	 7.482000122E+02
 1.542909856E+03	 7.475999756E+02
 1.547120196E+03	 7.470000000E+02
 1.551328409E+03	 7.482999878E+02
 1.555534499E+03	 7.465000000E+02
 1.559738465E+03	 7.482000122E+02
 1.563940311E+03	 7.474000244E+02
 1.568140037E+03	 7.460999756E+02
 1.572337645E+03	 7.467999878E+02
 1.576533136E+03	 7.432000122E+02
 1.580726512E+03	 7.454000244E+02
 1.584917774E+03	 7.475000000E+02
 1.589106925E+03	 7.467000122E+02
 1.593293965E+03	 7.452999878E+02
 1.597478896E+03	 7.457000122E+02
 1.601661719E+03	 7.465999756E+02
 1.605842436E+03	 7.449000244E+02
 1.610021048E+03	 7.464000244E+02
 1.614197558E+03	 7.445000000E+02
 1.618371966E+03	 7.454000244E+02
 1.622544274E+03	 7.445999756E+02
 1.626714484E+03	 7.464000244E+02
 1.630882596E+03	 7.447999878E+02
 1.635048613E+03	 7.450999756E+02
 1.639212536E+03	 7.457000122E+02
 1.643374367E+03	 7.437999878E+02
 1.647534106E+03	 7.429000244E+02
 1.651691756E+03	 7.444000244E+02
 1.655847318E+03	 7.440999756E+02
 1.660000794E+03	 7.445999756E+02
 1.664152185E+03	 7.470999756E+02
 1.668301492E+03	 7.430000000E+02
 1.672448717E+03	 7.420000000E+02
 1.676593862E+03	 7.449000244E+02
 1.680736928E+03	 7.455000000E+02
 1.684877916E+03	 7.427000122E+02
 1.689016829E+03	 7.437000122E+02
 1.693153667E+03	 7.434000244E+02
 1.697288433E+03	 7.422999878E+02
 1.701421127E+03	 7.444000244E+02
 1.705551751E+03	 7.424000244E+02
 1.709680306E+03	 7.447999878E+02
 1.713806795E+03	 7.440999756E+02
 1.717931218E+03	 7.439000244E+02
 1.722053578E+03	 7.432000122E+02
 1.726173875E+03	 7.457000122E+02
 1.730292111E+03	 7.462000122E+02
 1.734408288E+03	 7.437999878E+02
 1.738522407E+03	 7.455999756E+02
 1.742634469E+03	 7.430999756E+02
 1.746744477E+03	 7.445999756E+02
 1.750852431E+03	 7.430999756E+02
 1.754958334E+03	 7.425000000E+02
 1.759062186E+03	 7.420000000E+02
 1.763163989E+03	 7.449000244E+02
 1.767263745E+03	 7.425000000E+02
 1.771361455E+03	 7.425000000E+02
 1.775457121E+03	 7.422999878E+02
 1.779550743E+03	 7.430000000E+02
 1.783642325E+03	 7.425000000E+02
 1.787731866E+03	 7.414000244E+02
 1.791819369E+03	 7.437999878E+02
 1.795904835E+03	 7.449000244E+02
 1.799988266E+03	 7.424000244E+02
 1.804069663E+03	 7.434000244E+02
 1.808149027E+03	 7.439000244E+02
 1.812226361E+03	 7.425000000E+02
 1.816301665E+03	 7.412999878E+02
 1.820374941E+03	 7.427999878E+02
 1.824446190E+03	 7.419000244E+02
 1.828515415E+03	 7.427999878E+02
 1.832582616E+03	 7.400999756E+02
 1.836647796E+03	 7.417000122E+02
 1.840710954E+03	 7.415000000E+02
 1.844772094E+03	 7.414000244E+02
 1.848831216E+03	 7.437999878E+02
 1.852888323E+03	 7.412999878E+02
 1.856943414E+03	 7.430999756E+02
 1.860996493E+03	 7.410000000E+02
 1.865047560E+03	 7.420999756E+02
 1.869096617E+03	 7.417999878E+02
 1.873143665E+03	 7.395999756E+02
 1.877188707E+03	 7.392000122E+02
 1.881231742E+03	 7.430000000E+02
 1.885272774E+03	 7.430000000E+02
 1.889311803E+03	 7.419000244E+02
 1.893348830E+03	 7.400999756E+02
 1.897383858E+03	 7.400000000E+02
 1.901416888E+03	 7.397000122E+02
 1.905447921E+03	 7.422000122E+02
 1.909476959E+03	 7.390999756E+02
 1.913504003E+03	 7.434000244E+02
 1.917529054E+03	 7.432999878E+02
 1.921552115E+03	 7.407999878E+02
 1.925573187E+03	 7.415000000E+02
 1.929592270E+03	 7.399000244E+02
 1.933609367E+03	 7.415000000E+02
 1.937624479E+03	 7.434000244E+02
 1.941637608E+03	 7.397000122E+02
 1.945648755E+03	 7.394000244E+02
 1.949657921E+03	 7.410999756E+02
 1.953665108E+03	 7.432000122E+02
 1.957670317E+03	 7.420000000E+02
 1.961673551E+03	 7.427000122E+02
 1.965674810E+03	 7.430000000E+02
 1.969674095E+03	 7.420999756E+02
 1.973671409E+03	 7.402999878E+02
 1.977666753E+03	 7.410000000E+02
 1.981660127E+03	 7.410000000E+02
 1.985651535E+03	 7.442000122E+02
 1.989640976E+03	 7.427999878E+02
 1.993628453E+03	 7.427999878E+02
 1.997613968E+03	 7.407000122E+02
 2.001597520E+03	 7.435000000E+02
 2.005579113E+03	 7.405000000E+02
 2.009558747E+03	 7.424000244E+02
 2.013536424E+03	 7.409000244E+02
 2.017512146E+03	 7.422000122E+02
 2.021485913E+03	 7.415999756E+02
 2.025457727E+03	 7.419000244E+02
 2.029427590E+03	 7.424000244E+02
 2.033395504E+03	 7.430000000E+02
 2.037361469E+03	 7.419000244E+02
 2.041325487E+03	 7.430000000E+02
 2.045287559E+03	 7.422999878E+02
 2.049247687E+03	 7.407999878E+02
 2.053205873E+03	 7.407000122E+02
 2.057162118E+03	 7.407999878E+02
 2.061116423E+03	 7.419000244E+02
 2.065068790E+03	 7.382000122E+02
 2.069019220E+03	 7.412999878E+02
 2.072967714E+03	 7.385999756E+02
 2.076914275E+03	 7.412000122E+02
 2.080858903E+03	 7.415000000E+02
 2.084801600E+03	 7.410999756E+02
 2.088742368E+03	 7.424000244E+02
 2.092681207E+03	 7.400000000E+02
 2.096618120E+03	 7.400000000E+02
 2.100553107E+03	 7.404000244E+02
 2.104486171E+03	 7.394000244E+02
 2.108417312E+03	 7.422000122E+02
 2.112346532E+03	 7.420999756E+02
 2.116273832E+03	 7.387999878E+02
 2.120199215E+03	 7.385000000E+02
 2.124122681E+03	 7.420999756E+02
 2.128044231E+03	 7.400999756E+02
 2.131963868E+03	 7.402999878E+02
 2.135881592E+03	 7.392000122E+02
 2.139797405E+03	 7.412999878E+02
 2.143711309E+03	 7.412999878E+02
 2.147623305E+03	 7.402000122E+02
 2.151533393E+03	 7.402999878E+02
 2.155441577E+03	 7.415000000E+02
 2.159347857E+03	 7.405999756E+02
 2.163252234E+03	 7.429000244E+02
 2.167154710E+03	 7.405000000E+02
 2.171055287E+03	 7.397999878E+02
 2.174953965E+03	 7.415000000E+02
 2.178850747E+03	 7.410000000E+02
 2.182745633E+03	 7.425000000E+02
 2.186638626E+03	 7.397999878E+02
 2.190529726E+03	 7.387999878E+02
 2.194418934E+03	 7.405000000E+02
 2.198306253E+03	 7.405000000E+02
 2.202191684E+03	 7.395000000E+02
 2.206075228E+03	 7.397000122E+02
 2.209956886E+03	 7.414000244E+02
 2.213836660E+03	 7.415999756E+02
 2.217714552E+03	 7.389000244E+02
 2.221590562E+03	 7.410999756E+02
 2.225464692E+03	 7.399000244E+02
 2.229336944E+03	 7.415999756E+02
 2.233207319E+03	 7.395999756E+02
 2.237075818E+03	 7.405000000E+02
 2.240942443E+03	 7.404000244E+02
 2.244807195E+03	 7.405000000E+02
 2.248670076E+03	 7.405000000E+02
 2.252531086E+03	 7.410000000E+02
 2.256390228E+03	 7.415999756E+02
 2.260247502E+03	 7.412000122E+02
 2.264102911E+03	 7.405999756E+02
 2.267956455E+03	 7.405999756E+02
 2.271808136E+03	 7.404000244E+02
 2.275657955E+03	 7.402999878E+02
 2.279505914E+03	 7.435000000E+02
 2.283352013E+03	 7.394000244E+02
 2.287196256E+03	 7.359000244E+02
 2.291038642E+03	 7.412000122E+02
 2.294879173E+03	 7.387999878E+02
 2.298717851E+03	 7.395000000E+02
 2.302554676E+03	 7.407999878E+02
 2.306389651E+03	 7.394000244E+02
 2.310222777E+03	 7.394000244E+02
 2.314054054E+03	 7.399000244E+02
 2.317883486E+03	 7.382000122E+02
 2.321711072E+03	 7.402999878E+02
 2.325536814E+03	 7.412999878E+02
 2.329360713E+03	 7.399000244E+02
 2.333182772E+03	 7.417999878E+02
 2.337002991E+03	 7.435999756E+02
 2.340821371E+03	 7.400999756E+02
 2.344637915E+03	 7.404000244E+02
 2.348452623E+03	 7.399000244E+02
 2.352265497E+03	 7.400999756E+02
 2.356076538E+03	 7.415999756E+02
 2.359885747E+03	 7.407999878E+02
 2.363693126E+03	 7.392999878E+02
 2.367498676E+03	 7.394000244E+02
 2.371302399E+03	 7.427000122E+02
 2.375104296E+03	 7.409000244E+02
 2.378904368E+03	 7.395000000E+02
 2.382702617E+03	 7.420000000E+02
 2.386499044E+03	 7.432000122E+02
 2.390293650E+03	 7.420000000E+02
 2.394086436E+03	 7.390000000E+02
 2.397877405E+03	 7.372999878E+02
 2.401666557E+03	 7.409000244E+02
 2.405453894E+03	 7.414000244E+02
 2.409239416E+03	 7.392999878E+02
 2.413023127E+03	 7.390000000E+02
 2.416805026E+03	 7.427999878E+02
 2.420585115E+03	 7.425999756E+02
 2.424363395E+03	 7.422000122E+02
 2.428139868E+03	 7.395000000E+02
 2.431914536E+03	 7.425000000E+02
 2.435687399E+03	 7.402999878E+02
 2.439458458E+03	 7.384000244E+02
 2.443227716E+03	 7.412000122E+02
 2.446995173E+03	 7.405000000E+02
 2.450760831E+03	 7.427000122E+02
 2.454524691E+03	 7.387999878E+02
 2.458286754E+03	 7.412000122E+02
 2.462047022E+03	 7.400999756E+02
 2.465805497E+03	 7.390999756E+02
 2.469562178E+03	 7.392000122E+02
 2.473317069E+03	 7.419000244E+02
 2.477070169E+03	 7.399000244E+02
 2.480821481E+03	 7.419000244E+02
 2.484571005E+03	 7.392999878E+02
 2.488318744E+03	 7.405000000E+02
 2.492064698E+03	 7.409000244E+02
 2.495808868E+03	 7.400000000E+02
 2.499551257E+03	 7.412000122E+02
 2.503291865E+03	 7.387000122E+02
 2.507030693E+03	 7.412000122E+02
 2.510767743E+03	 7.400999756E+02
 2.514503017E+03	 7.395000000E+02
 2.518236515E+03	 7.407000122E+02
 2.521968239E+03	 7.392999878E+02
 2.525698189E+03	 7.407999878E+02
 2.529426369E+03	 7.400999756E+02
 2.533152778E+03	 7.409000244E+02
 2.536877418E+03	 7.402999878E+02
 2.540600291E+03	 7.420999756E+02
 2.544321397E+03	 7.417999878E+02
 2.548040738E+03	 7.407000122E+02
 2.551758315E+03	 7.395999756E+02
 2.555474130E+03	 7.395999756E+02
 2.559188184E+03	 7.412000122E+02
 2.562900478E+03	 7.399000244E+02
 2.566611013E+03	 7.375000000E+02
 2.570319791E+03	 7.404000244E+02
 2.574026813E+03	 7.392999878E+02
 2.577732080E+03	 7.407000122E+02
 2.581435594E+03	 7.440000000E+02
 2.585137355E+03	 7.400000000E+02
 2.588837366E+03	 7.389000244E+02
 2.592535627E+03	 7.382000122E+02
 2.596232140E+03	 7.405999756E+02
 2.599926906E+03	 7.392000122E+02
 2.603619926E+03	 7.407000122E+02
 2.607311201E+03	 7.397999878E+02
 2.611000734E+03	 7.402999878E+02
 2.614688524E+03	 7.375000000E+02
 2.618374574E+03	 7.392999878E+02
 2.622058885E+03	 7.419000244E+02
 2.625741457E+03	 7.417000122E+02
 2.629422293E+03	 7.407999878E+02
 2.633101393E+03	 7.405000000E+02
 2.636778759E+03	 7.430000000E+02
 2.640454391E+03	 7.422999878E+02
 2.644128292E+03	 7.384000244E+02
 2.647800463E+03	 7.424000244E+02
 2.651470904E+03	 7.414000244E+02
 2.655139617E+03	 7.407999878E+02
 2.658806604E+03	 7.409000244E+02
 2.662471865E+03	 7.427999878E+02
 2.666135402E+03	 7.424000244E+02
 2.669797216E+03	 7.407000122E+02
 2.673457308E+03	 7.400000000E+02
 2.677115680E+03	 7.407999878E+02
 2.680772333E+03	 7.425000000E+02
 2.684427267E+03	 7.387000122E+02
 2.688080485E+03	 7.397999878E+02
 2.691731988E+03	 7.405000000E+02
 2.695381776E+03	 7.390000000E+02
 2.699029852E+03	 7.412000122E+02
 2.702676216E+03	 7.407000122E+02
 2.706320869E+03	 7.437000122E+02
 2.709963813E+03	 7.422999878E+02
 2.713605049E+03	 7.402999878E+02
 2.717244579E+03	 7.415999756E+02
 2.720882403E+03	 7.420000000E+02
 2.724518522E+03	 7.395000000E+02
 2.728152939E+03	 7.405000000E+02
 2.731785654E+03	 7.399000244E+02
 2.735416668E+03	 7.407999878E+02
 2.739045983E+03	 7.390000000E+02
 2.742673600E+03	 7.412000122E+02
 2.746299520E+03	 7.422999878E+02
 2.749923744E+03	 7.415999756E+02
 2.753546274E+03	 7.419000244E+02
 2.757167111E+03	 7.382000122E+02
 2.760786255E+03	 7.399000244E+02
 2.764403710E+03	 7.402000122E+02
 2.768019474E+03	 7.414000244E+02
 2.771633550E+03	 7.430000000E+02
 2.775245939E+03	 7.405999756E+02
 2.778856643E+03	 7.395999756E+02
 2.782465661E+03	 7.402000122E+02
 2.786072997E+03	 7.424000244E+02
 2.789678650E+03	 7.404000244E+02
 2.793282621E+03	 7.414000244E+02
 2.796884914E+03	 7.405999756E+02
 2.800485527E+03	 7.392000122E+02
 2.804084464E+03	 7.419000244E+02
 2.807681724E+03	 7.404000244E+02
 2.811277309E+03	 7.410999756E+02
 2.814871220E+03	 7.399000244E+02
 2.818463459E+03	 7.404000244E+02
 2.822054026E+03	 7.422000122E+02
 2.825642924E+03	 7.410000000E+02
 2.829230152E+03	 7.415999756E+02
 2.832815713E+03	 7.385999756E+02
 2.836399607E+03	 7.420999756E+02
 2.839981835E+03	 7.387999878E+02
 2.843562400E+03	 7.414000244E+02
 2.847141301E+03	 7.427000122E+02
 2.850718541E+03	 7.410999756E+02
 2.854294120E+03	 7.415999756E+02
 2.857868040E+03	 7.407000122E+02
 2.861440302E+03	 7.425000000E+02
 2.865010906E+03	 7.410000000E+02
 2.868579855E+03	 7.437999878E+02
 2.872147149E+03	 7.429000244E+02
 2.875712790E+03	 7.425000000E+02
 2.879276779E+03	 7.414000244E+02
 2.882839116E+03	 7.447000122E+02
 2.886399803E+03	 7.405000000E+02
 2.889958842E+03	 7.419000244E+02
 2.893516233E+03	 7.427999878E+02
 2.897071978E+03	 7.417999878E+02
 2.900626077E+03	 7.409000244E+02
 2.904178533E+03	 7.429000244E+02
 2.907729346E+03	 7.437000122E+02
 2.911278517E+03	 7.404000244E+02
 2.914826047E+03	 7.392999878E+02
 2.918371938E+03	 7.430999756E+02
 2.921916191E+03	 7.405000000E+02
 2.925458807E+03	 7.429000244E+02
 2.928999787E+03	 7.422000122E+02
 2.932539133E+03	 7.435999756E+02
 2.936076845E+03	 7.425000000E+02
 2.939612924E+03	 7.430999756E+02
 2.943147373E+03	 7.422000122E+02
 2.946680191E+03	 7.425000000E+02
 2.950211381E+03	 7.405000000E+02
 2.953740943E+03	 7.412000122E+02
 2.957268878E+03	 7.410999756E+02
 2.960795188E+03	 7.384000244E+02
 2.964319874E+03	 7.407999878E+02
 2.967842936E+03	 7.440000000E+02
 2.971364377E+03	 7.400999756E+02
 2.974884197E+03	 7.422000122E+02
 2.978402397E+03	 7.404000244E+02
 2.981918979E+03	 7.409000244E+02
 2.985433943E+03	 7.400000000E+02
 2.988947291E+03	 7.390000000E+02
 2.992459024E+03	 7.400000000E+02
 2.995969144E+03	 7.412999878E+02
 2.999477650E+03	 7.417999878E+02
 3.002984545E+03	 7.412000122E+02
 3.006489830E+03	 7.407000122E+02
 3.009993505E+03	 7.387000122E+02
 3.013495572E+03	 7.405999756E+02
 3.016996032E+03	 7.414000244E+02
 3.020494886E+03	 7.400000000E+02
 3.023992135E+03	 7.415000000E+02
 3.027487780E+03	 7.390000000E+02
 3.030981823E+03	 7.402000122E+02
 3.034474265E+03	 7.420999756E+02
 3.037965106E+03	 7.400000000E+02
 3.041454348E+03	 7.405999756E+02
 3.044941993E+03	 7.402999878E+02
 3.048428040E+03	 7.404000244E+02
 3.051912492E+03	 7.424000244E+02
 3.055395349E+03	 7.394000244E+02
 3.058876612E+03	 7.402000122E+02
 3.062356283E+03	 7.395999756E+02
 3.065834363E+03	 7.414000244E+02
 3.069310853E+03	 7.409000244E+02
 3.072785754E+03	 7.407999878E+02
 3.076259067E+03	 7.402000122E+02
 3.079730793E+03	 7.422999878E+02
 3.083200933E+03	 7.425000000E+02
 3.086669489E+03	 7.430999756E+02
 3.090136462E+03	 7.410999756E+02
 3.093601852E+03	 7.402999878E+02
 3.097065661E+03	 7.402000122E+02
 3.100527890E+03	 7.399000244E+02
 3.103988540E+03	 7.412999878E+02
 3.107447612E+03	 7.415000000E+02
 3.110905108E+03	 7.392000122E+02
 3.114361027E+03	 7.400999756E+02
 3.117815372E+03	 7.392000122E+02
 3.121268144E+03	 7.410000000E+02
 3.124719344E+03	 7.415000000E+02
 3.128168972E+03	 7.410000000E+02
 3.131617030E+03	 7.395999756E+02
 3.135063519E+03	 7.387000122E+02
 3.138508440E+03	 7.402000122E+02
 3.141951794E+03	 7.374000244E+02
 3.145393583E+03	 7.395999756E+02
 3.148833807E+03	 7.392000122E+02
 3.152272467E+03	 7.412999878E+02
 3.155709565E+03	 7.425999756E+02
 3.159145102E+03	 7.420000000E+02
 3.162579078E+03	 7.392999878E+02
 3.166011495E+03	 7.397999878E+02
 3.169442355E+03	 7.384000244E+02
 3.172871657E+03	 7.399000244E+02
 3.176299403E+03	 7.385999756E+02
 3.179725594E+03	 7.407000122E+02
 3.183150232E+03	 7.374000244E+02
 3.186573317E+03	 7.405999756E+02
 3.189994851E+03	 7.407999878E+02
 3.193414834E+03	 7.402000122E+02
 3.196833268E+03	 7.389000244E+02
 3.200250154E+03	 7.392000122E+02
 3.203665492E+03	 7.405999756E+02
 3.207079284E+03	 7.412000122E+02
 3.210491531E+03	 7.410000000E+02
 3.213902234E+03	 7.400000000E+02
 3.217311395E+03	 7.385000000E+02
 3.220719013E+03	 7.415999756E+02
 3.224125091E+03	 7.400999756E+02
 3.227529629E+03	 7.399000244E+02
 3.230932628E+03	 7.397000122E+02
 3.234334090E+03	 7.420000000E+02
 3.237734016E+03	 7.400999756E+02
 3.241132406E+03	 7.405999756E+02
 3.244529262E+03	 7.417000122E+02
 3.247924585E+03	 7.410999756E+02
 3.251318375E+03	 7.397000122E+02
 3.254710635E+03	 7.392000122E+02
 3.258101364E+03	 7.395999756E+02
 3.261490564E+03	 7.384000244E+02
 3.264878237E+03	 7.392999878E+02
 3.268264383E+03	 7.397999878E+02
 3.271649003E+03	 7.382999878E+02
 3.275032098E+03	 7.405999756E+02
 3.278413670E+03	 7.384000244E+02
 3.281793719E+03	 7.415000000E+02
 3.285172246E+03	 7.380000000E+02
 3.288549253E+03	 7.397000122E+02
 3.291924741E+03	 7.384000244E+02
 3.295298710E+03	 7.415999756E+02
 3.298671162E+03	 7.379000244E+02
 3.302042098E+03	 7.405999756E+02
 3.305411519E+03	 7.409000244E+02
 3.308779425E+03	 7.395000000E+02
 3.312145819E+03	 7.407999878E+02
 3.315510700E+03	 7.397000122E+02
 3.318874071E+03	 7.387999878E+02
 3.322235931E+03	 7.415000000E+02
 3.325596283E+03	 7.367999878E+02
 3.328955127E+03	 7.380999756E+02
 3.332312464E+03	 7.402000122E+02
 3.335668295E+03	 7.410000000E+02
 3.339022622E+03	 7.369000244E+02
 3.342375445E+03	 7.404000244E+02
 3.345726766E+03	 7.387999878E+02
 3.349076585E+03	 7.402999878E+02
 3.352424904E+03	 7.380999756E+02
 3.355771723E+03	 7.394000244E+02
 3.359117044E+03	 7.390999756E+02
 3.362460867E+03	 7.394000244E+02
 3.365803194E+03	 7.387999878E+02
 3.369144026E+03	 7.370999756E+02
 3.372483363E+03	 7.387999878E+02
 3.375821208E+03	 7.390999756E+02
 3.379157560E+03	 7.407999878E+02
 3.382492421E+03	 7.402000122E+02
 3.385825792E+03	 7.389000244E+02
 3.389157674E+03	 7.397999878E+02
 3.392488068E+03	 7.404000244E+02
 3.395816975E+03	 7.399000244E+02
 3.399144396E+03	 7.384000244E+02
 3.402470332E+03	 7.402000122E+02
 3.405794785E+03	 7.395999756E+02
 3.409117754E+03	 7.427999878E+02
 3.412439242E+03	 7.372000122E+02
 3.415759248E+03	 7.385999756E+02
 3.419077775E+03	 7.385999756E+02
 3.422394824E+03	 7.404000244E+02
 3.425710394E+03	 7.400000000E+02
 3.429024488E+03	 7.404000244E+02
 3.432337107E+03	 7.384000244E+02
 3.435648250E+03	 7.395999756E+02
 3.438957921E+03	 7.385999756E+02
 3.442266118E+03	 7.390000000E+02
 3.445572844E+03	 7.377999878E+02
 3.448878100E+03	 7.402999878E+02
 3.452181886E+03	 7.409000244E+02
 3.455484203E+03	 7.412999878E+02
 3.458785053E+03	 7.374000244E+02
 3.462084437E+03	 7.380999756E+02
 3.465382355E+03	 7.390000000E+02
 3.468678809E+03	 7.404000244E+02
 3.471973800E+03	 7.399000244E+02
 3.475267328E+03	 7.407999878E+02
 3.478559395E+03	 7.430999756E+02
 3.481850002E+03	 7.395999756E+02
 3.485139149E+03	 7.387999878E+02
 3.488426838E+03	 7.395999756E+02
 3.491713070E+03	 7.397999878E+02
 3.494997845E+03	 7.402000122E+02
 3.498281165E+03	 7.404000244E+02
 3.501563031E+03	 7.394000244E+02
 3.504843444E+03	 7.354000244E+02
 3.508122405E+03	 7.390000000E+02
 3.511399914E+03	 7.395999756E+02
 3.514675974E+03	 7.407999878E+02
 3.517950584E+03	 7.372999878E+02
 3.521223746E+03	 7.377999878E+02
 3.524495461E+03	 7.397999878E+02
 3.527765730E+03	 7.385000000E+02
 3.531034554E+03	 7.372999878E+02
 3.534301933E+03	 7.367000122E+02
 3.537567870E+03	 7.387000122E+02
 3.540832364E+03	 7.375000000E+02
 3.544095418E+03	 7.372999878E+02
 3.547357031E+03	 7.392000122E+02
 3.550617205E+03	 7.397999878E+02
 3.553875941E+03	 7.389000244E+02
 3.557133241E+03	 7.380000000E+02
 3.560389104E+03	 7.362999878E+02
 3.563643532E+03	 7.395999756E+02
 3.566896526E+03	 7.402999878E+02
 3.570148087E+03	 7.397999878E+02
 3.573398216E+03	 7.387999878E+02
 3.576646914E+03	 7.387999878E+02
 3.579894182E+03	 7.382999878E+02
 3.583140021E+03	 7.370999756E+02
 3.586384432E+03	 7.379000244E+02
 3.589627416E+03	 7.407000122E+02
 3.592868974E+03	 7.370999756E+02
 3.596109107E+03	 7.395999756E+02
 3.599347816E+03	 7.389000244E+02
 3.602585102E+03	 7.392999878E+02
 3.605820966E+03	 7.377000122E+02
 3.609055409E+03	 7.395000000E+02
 3.612288432E+03	 7.367999878E+02
 3.615520035E+03	 7.367000122E+02
 3.618750221E+03	 7.394000244E+02
 3.621978990E+03	 7.394000244E+02
 3.625206343E+03	 7.392999878E+02
 3.628432281E+03	 7.365000000E+02
 3.631656805E+03	 7.385000000E+02
 3.634879915E+03	 7.362999878E+02
 3.638101614E+03	 7.377999878E+02
 3.641321902E+03	 7.399000244E+02
 3.644540780E+03	 7.362000122E+02
 3.647758248E+03	 7.395999756E+02
 3.650974309E+03	 7.355999756E+02
 3.654188962E+03	 7.390000000E+02
 3.657402210E+03	 7.377000122E+02
 3.660614052E+03	 7.394000244E+02
 3.663824491E+03	 7.377000122E+02
 3.667033526E+03	 7.354000244E+02
 3.670241159E+03	 7.395000000E+02
 3.673447391E+03	 7.365999756E+02
 3.676652223E+03	 7.385999756E+02
 3.679855656E+03	 7.390000000E+02
 3.683057691E+03	 7.387000122E+02
 3.686258328E+03	 7.342999878E+02
 3.689457570E+03	 7.380000000E+02
 3.692655416E+03	 7.392000122E+02
 3.695851868E+03	 7.367999878E+02
 3.699046927E+03	 7.392000122E+02
 3.702240594E+03	 7.360999756E+02
 3.705432870E+03	 7.380000000E+02
 3.708623755E+03	 7.397999878E+02
 3.711813251E+03	 7.369000244E+02
 3.715001359E+03	 7.394000244E+02
 3.718188080E+03	 7.382000122E+02
 3.721373415E+03	 7.382999878E+02
 3.724557364E+03	 7.359000244E+02
 3.727739929E+03	 7.369000244E+02
 3.730921111E+03	 7.380000000E+02
 3.734100910E+03	 7.369000244E+02
 3.737279329E+03	 7.380000000E+02
 3.740456367E+03	 7.359000244E+02
 3.743632025E+03	 7.377999878E+02
 3.746806305E+03	 7.390999756E+02
 3.749979208E+03	 7.342999878E+02
 3.753150735E+03	 7.365999756E+02
 3.756320886E+03	 7.372000122E+02
 3.759489663E+03	 7.372999878E+02
 3.762657067E+03	 7.367999878E+02
 3.765823098E+03	 7.369000244E+02
 3.768987757E+03	 7.369000244E+02
 3.772151047E+03	 7.377999878E+02
 3.775312966E+03	 7.355000000E+02
 3.778473518E+03	 7.362000122E+02
 3.781632702E+03	 7.397999878E+02
 3.784790519E+03	 7.367000122E+02
 3.787946971E+03	 7.365999756E+02
 3.791102058E+03	 7.360000000E+02
 3.794255782E+03	 7.360999756E+02
 3.797408144E+03	 7.390000000E+02
 3.800559144E+03	 7.360999756E+02
 3.803708783E+03	 7.387999878E+02
 3.806857062E+03	 7.347999878E+02
 3.810003984E+03	 7.385000000E+02
 3.813149547E+03	 7.364000244E+02
 3.816293754E+03	 7.360999756E+02
 3.819436605E+03	 7.382999878E+02
 3.822578102E+03	 7.360999756E+02
 3.825718245E+03	 7.370000000E+02
 3.828857035E+03	 7.367999878E+02
 3.831994474E+03	 7.362999878E+02
 3.835130562E+03	 7.357999878E+02
 3.838265300E+03	 7.367000122E+02
 3.841398689E+03	 7.352999878E+02
 3.844530731E+03	 7.345000000E+02
 3.847661426E+03	 7.372000122E+02
 3.850790775E+03	 7.352999878E+02
 3.853918780E+03	 7.372000122E+02
 3.857045440E+03	 7.355999756E+02
 3.860170758E+03	 7.360000000E+02
 3.863294734E+03	 7.365999756E+02
 3.866417369E+03	 7.382999878E+02
 3.869538665E+03	 7.362999878E+02
 3.872658621E+03	 7.364000244E+02
 3.875777240E+03	 7.397999878E+02
 3.878894522E+03	 7.359000244E+02
 3.882010468E+03	 7.364000244E+02
 3.885125078E+03	 7.365999756E+02
 3.888238356E+03	 7.347999878E+02
 3.891350300E+03	 7.350999756E+02
 3.894460912E+03	 7.369000244E+02
 3.897570193E+03	 7.364000244E+02
 3.900678144E+03	 7.345000000E+02
 3.903784767E+03	 7.350000000E+02
 3.906890061E+03	 7.362999878E+02
 3.909994028E+03	 7.344000244E+02
 3.913096669E+03	 7.342999878E+02
 3.916197986E+03	 7.365000000E+02
 3.919297978E+03	 7.375000000E+02
 3.922396647E+03	 7.370000000E+02
 3.925493994E+03	 7.357000122E+02
 3.928590020E+03	 7.382000122E+02
 3.931684726E+03	 7.372000122E+02
 3.934778113E+03	 7.369000244E+02
 3.937870182E+03	 7.355000000E+02
 3.940960934E+03	 7.377999878E+02
 3.944050369E+03	 7.340999756E+02
 3.947138490E+03	 7.374000244E+02
 3.950225296E+03	 7.337000122E+02
 3.953310789E+03	 7.374000244E+02
 3.956394970E+03	 7.369000244E+02
 3.959477840E+03	 7.377999878E+02
 3.962559400E+03	 7.352999878E+02
 3.965639650E+03	 7.354000244E+02
 3.968718593E+03	 7.352999878E+02
 3.971796228E+03	 7.345999756E+02
 3.974872557E+03	 7.354000244E+02
 3.977947581E+03	 7.365999756E+02
 3.981021301E+03	 7.337000122E+02
 3.984093717E+03	 7.365000000E+02
 3.987164831E+03	 7.349000244E+02
 3.990234644E+03	 7.367999878E+02
 3.993303157E+03	 7.350000000E+02
 3.996370371E+03	 7.377000122E+02
 3.999436286E+03	 7.360999756E+02
 4.002500904E+03	 7.355999756E+02
 4.005564226E+03	 7.355000000E+02
 4.008626253E+03	 7.362000122E+02
 4.011686985E+03	 7.347999878E+02
 4.014746424E+03	 7.352999878E+02
 4.017804571E+03	 7.360999756E+02
 4.020861427E+03	 7.335000000E+02
 4.023916992E+03	 7.344000244E+02
 4.026971269E+03	 7.344000244E+02
 4.030024257E+03	 7.352000122E+02
 4.033075957E+03	 7.337999878E+02
 4.036126372E+03	 7.350999756E+02
 4.039175501E+03	 7.325000000E+02
 4.042223346E+03	 7.355999756E+02
 4.045269908E+03	 7.325000000E+02
