492.846	4232
494.401	3913.5
495.957	3636.5
497.512	3428.5
499.067	3218.5
500.622	3062.5
502.178	2898.5
503.732	2770
505.286	2641
506.84	2540.5
508.393	2353.5
509.946	2300.5
511.499	2207.5
513.052	2122
514.604	2060
516.156	1973
517.71	1972
519.262	1982.5
520.813	1879
522.364	1861
523.915	1813
525.463	1795
527.013	1732
528.563	1685
530.113	1624
531.662	1618.5
533.212	1585
534.76	1614
536.309	1583.5
537.858	1529
539.406	1530.5
540.953	1475
542.499	1468.5
544.046	1463.5
545.593	1422
547.14	1441
548.687	1425
550.231	1351.5
551.777	1360.5
553.323	1326
554.868	1300.5
556.412	1262
557.956	1215
559.501	1206.5
561.046	1181.5
562.588	1149
564.132	1165
565.675	1142.5
567.217	1126
568.76	1122
570.301	1125.5
571.843	1107
573.386	1102.5
574.926	1071.5
576.468	1101
578.007	1069.5
579.549	1070
581.088	1063.5
582.628	1063.5
584.167	1092.5
585.707	1097
587.245	1115
588.785	1101.5
590.322	1173.5
591.862	1143.5
593.399	1114.5
594.937	1102
596.474	1096.5
598.01	1058.5
599.548	1074
601.083	1061.5
602.621	1021
604.156	1051
605.691	1052.5
607.228	1019
608.762	1025.5
610.296	979
611.83	1008.5
613.365	997
614.899	1028
616.432	964
617.965	934.5
619.499	946
621.031	987
622.564	972.5
624.095	958
625.627	984
627.158	966.5
628.691	951
630.222	936
631.752	929
633.283	934
634.813	942.5
636.342	927
637.872	926.5
639.401	947
640.93	927
642.458	960.5
643.987	931
645.515	931
647.043	933.5
648.571	922.5
650.098	940.5
651.625	944.5
653.152	902.5
654.679	885
656.205	904.5
657.731	892
659.257	895
660.781	861.5
662.306	879.5
663.831	865.5
665.356	889
666.88	883
668.403	891.5
669.927	902.5
671.451	884
672.974	895
674.495	874.5
676.018	919.5
677.541	938.5
679.064	923
680.584	964
682.106	965.5
683.628	1018.5
685.147	1045.5
686.668	1083.5
688.187	1162
689.708	1296
691.229	1443
692.747	1726.5
694.267	2172
695.784	2719.5
697.304	3107
698.821	2933.5
700.34	2422.5
701.857	1862
703.375	1543
704.891	1355
706.409	1205.5
707.925	1148.5
709.442	1117
710.958	1041
712.472	989
713.989	973.5
715.504	941
717.018	940
718.534	909.5
720.047	930
721.561	896.5
723.076	882.5
724.589	874.5
726.101	886.5
727.614	867.5
729.128	895
730.64	876.5
732.151	844
733.663	871.5
735.174	861
736.687	829
738.197	821
739.708	850
741.218	842
742.727	839.5
744.237	801
745.746	835
747.255	823
748.764	828.5
750.273	797
751.781	814
753.289	803.5
754.797	783
756.305	784.5
757.812	813
759.319	796
760.826	823
762.333	811.5
763.839	777
765.345	791.5
766.851	800
768.356	848
769.862	820
771.365	797
772.869	830
774.374	814
775.878	828
777.382	833
778.884	853.5
780.388	849
781.891	888
783.392	861
784.895	907
786.397	955.5
787.898	982
789.4	1031
790.902	1097.5
792.401	1201.5
793.903	1318
795.404	1516.5
796.902	1629
798.403	1665
799.901	1504
801.401	1364.5
802.899	1175
804.399	1108.5
805.896	1038
807.395	1016
808.892	999
810.39	984
811.887	947
813.383	930.5
814.881	932.5
816.376	906
817.873	918
819.369	921.5
820.863	875.5
822.36	866
823.854	891.5
825.348	881
826.842	876
828.338	898.5
829.831	863.5
831.324	857
832.817	859
834.312	862.5
835.804	874
837.296	890
838.788	872.5
840.28	841.5
841.771	877
843.262	865.5
844.753	872
846.245	888
847.736	871.5
849.226	878
850.716	882
852.205	872.5
853.695	856.5
855.184	841
856.673	855
858.161	867.5
859.648	853
861.136	845.5
862.624	853.5
864.112	815
865.599	842
867.086	814
868.573	815
870.06	791
871.544	796
873.03	803.5
874.516	821.5
876.002	810.5
877.485	824.5
878.971	773
880.455	785
881.938	818.5
883.423	795
884.907	818.5
886.389	829
887.872	850.5
889.356	830.5
890.837	789.5
892.32	794.5
893.801	843.5
895.283	840
896.766	819
898.246	805
899.727	826.5
901.207	801
902.686	818.5
904.167	833.5
905.646	795
907.127	776
908.605	783
910.085	785
911.563	798
913.04	793
914.52	773.5
915.997	809.5
917.474	815
918.952	807
920.429	784
921.905	809
923.381	800
924.856	784.5
926.334	812
927.809	808
929.284	783.5
930.758	767.5
932.233	767.5
933.707	781
935.183	746.5
936.656	733.5
938.13	740.5
939.603	723.5
941.076	740
942.549	766
944.021	730.5
945.493	738
946.965	731.5
948.437	728
949.909	725
951.38	736.5
952.849	708
954.32	718.5
955.79	744.5
957.261	711
958.731	706
960.2	688
961.67	704
963.137	710.5
964.606	677.5
966.075	707
967.544	674
969.01	686.5
970.478	680
971.946	661.5
973.412	668.5
974.879	679.5
976.346	645
977.811	665
979.278	679
980.743	638
982.209	658
983.675	642
985.138	659
986.604	656.5
988.067	669.5
989.532	700.5
990.995	651.5
992.458	633
993.922	659.5
995.384	650.5
996.848	635.5
998.309	658
999.771	640.5
1001.23	658.5
1002.69	643.5
1004.16	659
1005.62	619.5
1007.08	659.5
1008.54	640.5
1010	635.5
1011.46	626
1012.92	645.5
1014.38	647
1015.84	647.5
1017.29	645
1018.75	653.5
1020.21	656.5
1021.67	640
1023.13	646.5
1024.58	668.5
1026.04	636.5
1027.5	659.5
1028.96	644
1030.41	670
1031.87	675
1033.32	665
1034.78	689.5
1036.23	676
1037.69	660.5
1039.14	663.5
1040.6	680.5
1042.05	667
1043.51	669
1044.96	672.5
1046.41	686.5
1047.86	689
1049.32	685
1050.77	654
1052.22	706.5
1053.67	701.5
1055.13	694.5
1056.58	740
1058.03	749.5
1059.48	818.5
1060.93	930.5
1062.38	1000
1063.83	1216.5
1065.28	1338
1066.73	1386
1068.18	1245
1069.63	1076.5
1071.08	930.5
1072.53	858
1073.97	811
1075.42	781.5
1076.87	775
1078.32	824
1079.76	855
1081.21	891
1082.66	949
1084.1	868
1085.55	818
1086.99	770.5
1088.44	756.5
1089.89	721.5
1091.33	719
1092.77	683
1094.22	679
1095.66	687
1097.11	670
1098.55	671
1099.99	636.5
1101.44	682
1102.88	656.5
1104.32	635.5
1105.76	652
1107.2	663
1108.65	648
1110.09	650
1111.53	674.5
1112.97	642
1114.41	646
1115.85	654
1117.29	649
1118.73	649
1120.17	645
1121.61	658.5
1123.05	688
1124.49	654.5
1125.93	651
1127.36	667.5
1128.8	684
1130.24	667
1131.68	691
1133.11	684
1134.55	742
1135.99	758.5
1137.42	773.5
1138.86	800
1140.29	827
1141.73	857.5
1143.17	877.5
1144.6	954
1146.03	1003.5
1147.47	1040
1148.9	1153.5
1150.34	1254
1151.77	1402.5
1153.2	1572.5
1154.64	1932.5
1156.07	2349.5
1157.5	3069
1158.93	3990
1160.37	5000
1161.8	5423.5
1163.23	4944
1164.66	3884
1166.09	2865
1167.52	2172
1168.95	1689
1170.38	1401
1171.81	1222
1173.24	1077
1174.67	964.5
1176.1	918
1177.53	859
1178.96	797
1180.38	775
1181.81	770.5
1183.24	765.5
1184.67	703
1186.09	704.5
1187.52	728.5
1188.95	727
1190.37	711.5
1191.8	714
1193.23	689.5
1194.65	681
1196.08	676.5
1197.5	648
1198.93	689.5
1200.35	675
1201.77	688
1203.2	652
1204.62	649
1206.05	663.5
1207.47	665.5
1208.89	637.5
1210.31	643.5
1211.73	666.5
1213.16	651
1214.58	667
1216	678
1217.42	646
1218.84	671
1220.26	696
1221.68	672.5
1223.1	664.5
1224.52	704.5
1225.94	683
1227.36	667.5
1228.78	697.5
1230.2	720.5
1231.62	686
1233.04	706
1234.45	727.5
1235.87	702
1237.29	719
1238.71	708.5
1240.12	701
1241.54	720.5
1242.96	710
1244.37	699.5
1245.79	698
1247.2	707
1248.62	717.5
1250.03	701
1251.45	707.5
1252.86	707.5
1254.28	746
1255.69	718.5
1257.11	730
1258.52	726
1259.93	755.5
1261.35	735
1262.76	773
1264.17	882
1265.58	1025.5
1267	823.5
1268.41	764
1269.82	740.5
1271.23	767.5
1272.64	756.5
1274.05	794
1275.46	759.5
1276.87	778
1278.28	759
1279.69	823
1281.1	823
1282.51	953
1283.92	1925
1285.32	5167
1286.73	2472
1288.14	914.5
1289.55	770
1290.95	759.5
1292.36	713
1293.77	721
1295.18	695
1296.58	691.5
1297.99	708.5
1299.39	701
1300.8	681
1302.2	662
1303.61	668
1305.01	682
1306.42	671
1307.82	680.5
1309.23	669.5
1310.63	645
1312.03	646
1313.44	638
1314.84	662
1316.24	650
1317.64	662.5
1319.05	682
1320.45	631
1321.85	648
1323.25	645
1324.65	667.5
1326.05	658.5
1327.45	636.5
1328.85	630.5
1330.25	627
1331.65	642
1333.05	629
1334.45	606.5
1335.85	620
1337.25	624.5
1338.65	657.5
1340.05	656.5
1341.44	658.5
1342.84	658
1344.24	655.5
1345.63	619
1347.03	639.5
1348.43	663.5
1349.82	637
1351.22	644.5
1352.61	670
1354.01	646.5
1355.41	649.5
1356.8	636.5
1358.19	664.5
1359.59	656.5
1360.98	715
1362.38	676
1363.77	692
1365.16	690.5
1366.56	738
1367.95	706
1369.34	772.5
1370.73	815
1372.13	721
1373.52	745.5
1374.91	772
1376.3	801
1377.69	816
1379.08	870.5
1380.47	912
1381.86	966
1383.25	1032.5
1384.64	1084
1386.03	1410
1387.42	4335.5
1388.81	7977.5
1390.2	1714
1391.59	886
1392.98	821.5
1394.36	769.5
1395.75	732
1397.14	719
1398.53	720
1399.91	689.5
1401.3	715
1402.68	689.5
1404.07	696
1405.46	693.5
1406.84	708
1408.23	844
1409.61	1203
1411	933
1412.38	704.5
1413.77	673.5
1415.15	660.5
1416.53	670
1417.92	663
1419.3	670
1420.68	658
1422.06	651
1423.45	632
1424.83	648
1426.21	673
1427.59	610.5
1428.97	623
1430.36	638
1431.74	627.5
1433.12	640.5
1434.5	641.5
1435.88	635.5
1437.26	621
1438.64	614
1440.01	608
1441.39	615.5
1442.77	601.5
1444.15	598
1445.53	576
1446.91	591.5
1448.29	596.5
1449.66	582.5
1451.04	573
1452.41	586.5
1453.79	578
1455.17	601
1456.54	596
1457.92	584.5
1459.3	561
1460.67	562.5
1462.05	590.5
1463.42	594
1464.8	571
1466.17	568
1467.54	586
1468.92	548
1470.29	582
1471.66	563
1473.04	551.5
1474.41	544
1475.78	549
1477.16	576.5
1478.53	567.5
1479.9	553.5
1481.27	552.5
1482.64	543
1484.01	564
1485.38	548
1486.75	541
1488.12	579
1489.49	543
1490.86	532
1492.23	546
1493.6	560.5
1494.97	563
1496.34	537
1497.71	557
1499.07	546
1500.44	566.5
1501.81	541
1503.18	542.5
1504.54	531
1505.91	542
1507.28	558
1508.64	548.5
1510.01	555.5
1511.37	521.5
1512.74	556.5
1514.1	583.5
1515.47	565
1516.83	546
1518.2	573
1519.56	562.5
1520.93	552.5
1522.29	560.5
1523.65	557
1525.02	540.5
1526.38	561
1527.74	567
1529.1	563.5
1530.47	577.5
1531.83	565
1533.19	553
1534.55	594.5
1535.91	573
1537.27	546.5
1538.63	550
1539.99	567
1541.35	570.5
1542.71	532
1544.07	547
1545.43	564
1546.79	547.5
1548.15	551.5
1549.51	584
1550.87	569
1552.22	573
1553.58	567.5
1554.94	572.5
1556.3	563
1557.65	571
1559.01	587
1560.37	565
1561.72	578
1563.08	563.5
1564.43	571
1565.79	589.5
1567.14	584
1568.5	579.5
1569.85	584.5
1571.21	576
1572.56	592
1573.92	580
1575.27	584
1576.62	563.5
1577.97	594
1579.33	622
1580.68	603
1582.03	597.5
1583.38	582.5
1584.74	606.5
1586.09	580
1587.44	583.5
1588.79	611
1590.14	597
1591.49	590.5
1592.84	615
1594.19	607.5
1595.54	611.5
1596.89	623.5
1598.24	631.5
1599.59	643.5
1600.94	621
1602.29	630
1603.63	624.5
1604.98	611.5
1606.33	632.5
1607.68	632.5
1609.02	613
1610.37	630.5
1611.72	600.5
1613.06	645
1614.41	644
1615.76	637.5
1617.1	607
1618.45	620.5
1619.79	635
1621.14	645
1622.48	626.5
1623.83	629
1625.17	633
1626.51	636
1627.86	645.5
1629.2	619
1630.54	638
1631.89	607
1633.23	622
1634.57	632
1635.91	664
1637.26	626.5
1638.6	619
1639.94	619
1641.28	635.5
1642.62	626.5
1643.96	629.5
1645.3	621.5
1646.64	625.5
1647.98	610
1649.32	622.5
1650.66	618.5
1652	608
1653.34	620
1654.68	608
1656.01	596
1657.35	616
1658.69	601
1660.03	590
1661.36	611
1662.7	616
1664.04	597.5
1665.38	620.5
1666.71	591
1668.05	600
1669.38	598.5
1670.72	587.5
1672.05	588
1673.39	570.5
1674.72	566
1676.06	561
1677.39	569.5
1678.73	579
1680.06	553.5
1681.39	559
1682.73	553
1684.06	577
1685.39	569
1686.72	578
1688.06	556
1689.39	545.5
1690.72	560
1692.05	576
1693.38	540.5
1694.71	557
1696.04	554
1697.37	552
1698.7	560.5
1700.03	532.5
1701.36	557
1702.69	526.5
1704.02	542
1705.35	549.5
1706.68	548
1708.01	517
1709.34	540
1710.66	540.5
1711.99	524.5
1713.32	531
1714.65	536.5
1715.97	559.5
1717.3	530.5
1718.62	545
1719.95	551.5
1721.28	537.5
1722.6	531
1723.93	544.5
1725.25	532
1726.58	521.5
1727.9	536.5
1729.23	531
1730.55	528
1731.87	538.5
1733.2	526
1734.52	509.5
1735.84	535
1737.17	548
1738.49	526.5
1739.81	513.5
1741.13	526
1742.46	512.5
1743.78	534.5
1745.1	515.5
1746.42	501.5
1747.74	509
1749.06	521
1750.38	493.5
1751.7	509.5
1753.02	522
1754.34	530
1755.66	503.5
1756.98	508
1758.3	516.5
1759.62	524
1760.93	524
1762.25	513
1763.57	513.5
1764.89	503.5
1766.2	512.5
1767.52	523
1768.84	504
1770.16	505
1771.47	506
1772.79	527
1774.1	514
1775.42	509.5
1776.73	505
1778.05	484.5
1779.36	494.5
1780.68	516
1781.99	500.5
1783.31	512
1784.62	505.5
1785.93	532
1787.25	480.5
1788.56	505.5
1789.87	509.5
1791.19	511
1792.5	514.5
1793.81	542
1795.12	495
1796.43	513
1797.74	509.5
1799.05	506
1800.36	497
1801.68	504.5
1802.99	485.5
1804.3	514
1805.61	513
1806.91	506.5
1808.22	482.5
1809.53	500
1810.84	496
1812.15	515.5
1813.46	517
1814.77	501.5
1816.07	527
1817.38	500.5
1818.69	493.5
1820	474
1821.3	498
1822.61	481
1823.92	507
1825.22	487
1826.53	465.5
1827.83	508
1829.14	472
1830.44	498.5
1831.75	502
1833.05	504.5
1834.36	491.5
1835.66	487.5
1836.97	478
1838.27	517.5
1839.57	510.5
1840.87	494.5
1842.18	488.5
1843.48	482.5
1844.78	501.5
1846.08	494.5
1847.39	487.5
1848.69	479
1849.99	494
1851.29	514
1852.59	476
1853.89	484
1855.19	501
1856.49	506.5
1857.79	503
1859.09	500.5
1860.39	495
1861.69	505
1862.99	495.5
1864.29	495.5
1865.59	480.5
1866.88	492.5
1868.18	493
1869.48	487.5
1870.78	496.5
1872.07	499
1873.37	475
1874.67	504.5
1875.96	458
1877.26	498
1878.55	503
1879.85	497
1881.15	488.5
1882.44	492
1883.73	493.5
1885.03	485.5
1886.32	489.5
1887.62	507
1888.91	484.5
1890.2	499
1891.5	471.5
1892.79	491
1894.08	501
1895.38	497.5
1896.67	482.5
1897.96	458
1899.25	502.5
1900.55	487.5
1901.84	513.5
1903.13	485.5
1904.42	502.5
1905.71	495
1907	491.5
1908.29	493
1909.58	494.5
1910.87	493
1912.16	513
1913.45	500
1914.74	482.5
1916.03	483
1917.31	485.5
1918.6	500
1919.89	506
1921.18	510
1922.46	485
1923.75	492
1925.04	500.5
1926.33	463
1927.61	488.5
1928.9	485.5
1930.18	500
1931.47	492
1932.76	492.5
1934.04	504.5
1935.33	500.5
1936.61	501.5
1937.9	499
1939.18	516
1940.46	500.5
1941.75	499
