492.825	2367
494.381	2189.5
495.936	2030
497.494	1925
499.049	1877.5
500.603	1757.5
502.158	1687.5
503.712	1581.5
505.266	1533
506.819	1509
508.375	1467
509.928	1377
511.481	1307.5
513.034	1309.5
514.586	1243
516.138	1280
517.69	1204
519.241	1174.5
520.793	1217.5
522.344	1170
523.894	1143.5
525.445	1123.5
526.995	1113
528.545	1069.5
530.095	1059.5
531.644	1021
533.193	1036
534.74	1016.5
536.289	1017
537.837	1028.5
539.385	989.5
540.933	985
542.481	955
544.028	945.5
545.573	969.5
547.12	917.5
548.667	938
550.213	889.5
551.759	877
553.303	870.5
554.848	882
556.393	821.5
557.938	825.5
559.481	810.5
561.025	807
562.57	815.5
564.111	814.5
565.655	798.5
567.199	782.5
568.74	750.5
570.283	779
571.823	770.5
573.366	771.5
574.908	755
576.447	748.5
577.989	742
579.528	764
581.069	735
582.608	750
584.149	773.5
585.687	754
587.227	745
588.765	789.5
590.304	827.5
591.841	814.5
593.38	785.5
594.917	756.5
596.453	774
597.992	737
599.528	742.5
601.065	717
602.601	752.5
604.136	735
605.673	734.5
607.207	736.5
608.742	728.5
610.278	718
611.812	702
613.345	713
614.879	699
616.414	702.5
617.946	696.5
619.479	703
621.011	691
622.543	702
624.077	704
625.609	684
627.14	693.5
628.671	678
630.202	684.5
631.732	673
633.262	682
634.792	707
636.322	679
637.854	662
639.383	697.5
640.912	681
642.44	679
643.969	690.5
645.497	674.5
647.025	672
648.552	690
650.08	669
651.605	656
653.132	670.5
654.659	688
656.185	693.5
657.711	670.5
659.237	639
660.762	640
662.288	655
663.811	637
665.336	619
666.86	634
668.385	645
669.909	662.5
671.43	668.5
672.954	674.5
674.477	669.5
676	665
677.521	660.5
679.044	685.5
680.566	687
682.086	711
683.608	721.5
685.129	723.5
686.648	764
688.169	792
689.688	854.5
691.209	930.5
692.729	1044
694.247	1276
695.766	1574.5
697.284	1729
698.803	1676
700.32	1435.5
701.839	1164.5
703.355	1014
704.873	881
706.389	814
707.907	780
709.422	757.5
710.938	706.5
712.455	703
713.969	703
715.486	662
717	655
718.514	652
720.027	680
721.543	659.5
723.056	636.5
724.569	656
726.083	638.5
727.596	685
729.108	636
730.62	662
732.133	626.5
733.645	645.5
735.156	627
736.667	641.5
738.177	602.5
739.688	636
741.198	614.5
742.71	644
744.219	612
745.728	604
747.238	614
748.746	626.5
750.255	613
751.763	599.5
753.271	574.5
754.779	621
756.287	603.5
757.794	605.5
759.301	596.5
760.808	596.5
762.315	604.5
763.819	603.5
765.325	611.5
766.831	640
768.336	641
769.842	622.5
771.347	641
772.852	631
774.354	633
775.859	620
777.363	641.5
778.866	647
780.368	651.5
781.871	629
783.374	659.5
784.877	671
786.378	660.5
787.88	702
789.382	741.5
790.882	758.5
792.383	799.5
793.883	842
795.384	931.5
796.885	1036
798.383	1021
799.883	983.5
801.382	900.5
802.881	798.5
804.379	770
805.878	738.5
807.375	710
808.874	703.5
810.371	691.5
811.867	692.5
813.365	685.5
814.861	693
816.358	681.5
817.854	665
819.349	677.5
820.846	649.5
822.34	640
823.835	670
825.331	640
826.824	646.5
828.318	638
829.811	622.5
831.306	648
832.799	632
834.292	640.5
835.784	653
837.276	656.5
838.768	643
840.262	652.5
841.753	602
843.244	657
844.735	621
846.226	639
847.716	638.5
849.206	634.5
850.696	634
852.186	645
853.675	658.5
855.164	657
856.653	631
858.142	608.5
859.63	635
861.118	624
862.606	612
864.094	626.5
865.579	640
867.066	642.5
868.553	605.5
870.04	595
871.526	602
873.013	629
874.497	620.5
875.982	587
877.468	589.5
878.953	620
880.436	637.5
881.921	635
883.405	629
884.887	612
886.371	615.5
887.855	641
889.336	616.5
890.82	628.5
892.301	616.5
893.783	622
895.264	624
896.746	631
898.226	639
899.708	622
901.187	617
902.669	615.5
904.148	610
905.629	603
907.107	593.5
908.587	621.5
910.065	604.5
911.543	579
913.023	622.5
914.5	617.5
915.977	631.5
917.456	601.5
918.933	617.5
920.409	630
921.885	613
923.363	618.5
924.839	595
926.314	602.5
927.789	581.5
929.264	609.5
930.741	600.5
932.215	603
933.689	608.5
935.163	565
936.637	595
938.11	591.5
939.584	587.5
941.057	568
942.529	600
944.002	573
945.474	565
946.946	592
948.418	583.5
949.889	583.5
951.36	586
952.831	586
954.302	571
955.773	578.5
957.243	554.5
958.711	579.5
960.181	577.5
961.651	555
963.12	568.5
964.589	571
966.056	566
967.524	549.5
968.993	570
970.459	554
971.927	559
973.395	568.5
974.86	565.5
976.327	523.5
977.794	546.5
979.259	562
980.725	540
982.189	548
983.655	545.5
985.119	551
986.585	540
988.048	550.5
989.513	557.5
990.976	550.5
992.44	541.5
993.902	573.5
995.366	555
996.828	541
998.29	551.5
999.753	572
1001.21	554.5
1002.68	563
1004.14	542.5
1005.6	554.5
1007.06	543
1008.52	540
1009.98	548
1011.44	537
1012.9	525
1014.36	551
1015.82	538
1017.28	521.5
1018.73	544.5
1020.19	530.5
1021.65	559
1023.11	554
1024.57	560
1026.02	556
1027.48	552
1028.94	559
1030.39	546
1031.85	567.5
1033.3	588.5
1034.76	568.5
1036.22	581
1037.67	573.5
1039.13	583.5
1040.58	579.5
1042.03	575
1043.49	574.5
1044.94	564
1046.39	593.5
1047.85	562.5
1049.3	581.5
1050.75	574
1052.2	577
1053.66	581
1055.11	589.5
1056.56	592.5
1058.01	596.5
1059.46	625
1060.91	652
1062.36	708
1063.81	788.5
1065.26	875.5
1066.71	894.5
1068.16	848
1069.61	785.5
1071.06	690
1072.51	657.5
1073.95	643
1075.4	628
1076.85	612
1078.3	642.5
1079.74	645.5
1081.19	663
1082.64	687
1084.08	649
1085.53	618.5
1086.98	612
1088.42	569.5
1089.87	576.5
1091.31	578
1092.76	557
1094.2	558
1095.64	549
1097.09	563.5
1098.53	533
1099.97	546.5
1101.42	542.5
1102.86	545
1104.3	547.5
1105.75	557.5
1107.19	558.5
1108.63	551
1110.07	531
1111.51	538
1112.95	541.5
1114.39	530.5
1115.83	548
1117.27	553.5
1118.71	552
1120.15	526.5
1121.59	531
1123.03	532.5
1124.47	544.5
1125.91	545
1127.35	555.5
1128.78	557
1130.22	573.5
1131.66	564.5
1133.1	563
1134.53	599
1135.97	589.5
1137.4	613
1138.84	617
1140.28	608
1141.71	654.5
1143.15	639.5
1144.58	684
1146.02	696
1147.45	755
1148.88	792.5
1150.32	848.5
1151.75	918
1153.18	998
1154.62	1167.5
1156.05	1347
1157.48	1691
1158.92	2184
1160.35	2676
1161.78	2898
1163.21	2682
1164.64	2188.5
1166.07	1664
1167.5	1323
1168.93	1071.5
1170.36	915.5
1171.79	817
1173.22	763
1174.65	693
1176.08	673
1177.51	646.5
1178.94	629.5
1180.37	606
1181.79	580
1183.22	592
1184.65	577.5
1186.08	593.5
1187.5	578.5
1188.93	571.5
1190.35	540.5
1191.78	602
1193.21	567.5
1194.63	571.5
1196.06	576.5
1197.48	549.5
1198.91	563
1200.33	568
1201.76	536
1203.18	557
1204.6	551.5
1206.03	536
1207.45	557.5
1208.87	559.5
1210.29	540
1211.72	551.5
1213.14	548
1214.56	559.5
1215.98	553.5
1217.4	578.5
1218.82	553.5
1220.25	587
1221.66	563
1223.09	560
1224.5	572
1225.93	582.5
1227.34	573.5
1228.76	551.5
1230.18	564.5
1231.6	574.5
1233.02	570.5
1234.44	580
1235.85	598
1237.27	597
1238.69	602.5
1240.11	606
1241.52	594.5
1242.94	607
1244.35	602
1245.77	584.5
1247.19	609
1248.6	624
1250.02	613
1251.43	601
1252.85	624
1254.26	613.5
1255.67	649.5
1257.09	655
1258.5	636.5
1259.92	655
1261.33	647.5
1262.74	689
1264.15	772
1265.56	966.5
1266.98	772.5
1268.39	664.5
1269.8	658
1271.21	643
1272.62	691
1274.03	687
1275.44	663.5
1276.85	672
1278.26	677.5
1279.67	695
1281.08	717
1282.49	838.5
1283.9	1551.5
1285.31	4888.5
1286.71	3430.5
1288.12	891.5
1289.53	734
1290.94	695.5
1292.34	661
1293.75	641
1295.16	625
1296.56	617.5
1297.97	637
1299.38	632
1300.78	603.5
1302.19	623
1303.59	609
1305	617.5
1306.4	628.5
1307.8	623.5
1309.21	612
1310.61	624
1312.01	631
1313.42	607
1314.82	597
1316.22	595
1317.63	602.5
1319.03	615.5
1320.43	578
1321.83	572
1323.23	613.5
1324.63	602
1326.03	592.5
1327.44	603.5
1328.84	588.5
1330.24	591
1331.63	583.5
1333.03	600
1334.43	613.5
1335.83	590
1337.23	573
1338.63	584
1340.03	586.5
1341.42	617.5
1342.82	563
1344.22	587.5
1345.62	600.5
1347.01	594
1348.41	587.5
1349.81	567
1351.2	604
1352.6	600
1353.99	590
1355.39	609
1356.78	628
1358.18	621
1359.57	607
1360.97	595
1362.36	634.5
1363.75	619
1365.15	639.5
1366.54	674
1367.93	640
1369.33	682.5
1370.72	775
1372.11	677.5
1373.5	636
1374.89	677.5
1376.28	699.5
1377.68	704
1379.07	725.5
1380.46	781.5
1381.85	815
1383.24	851
1384.63	913.5
1386.02	1110
1387.4	3361
1388.79	8884.5
1390.18	2503.5
1391.57	857
1392.96	776.5
1394.35	741
1395.73	680.5
1397.12	651
1398.51	634
1399.89	655
1401.28	649.5
1402.67	639
1404.05	639
1405.44	630
1406.83	654.5
1408.21	757.5
1409.59	1176
1410.98	978
1412.36	661
1413.75	636
1415.13	620
1416.52	599.5
1417.9	622
1419.28	608.5
1420.67	593
1422.05	602
1423.43	605.5
1424.81	618
1426.19	628.5
1427.58	605.5
1428.96	606
1430.34	594
1431.72	596.5
1433.1	583.5
1434.48	568
1435.86	597
1437.24	565.5
1438.62	592
1440	569.5
1441.38	557
1442.76	560.5
1444.13	577.5
1445.51	537
1446.89	544
1448.27	554.5
1449.64	550.5
1451.02	552
1452.4	571
1453.78	548
1455.15	544
1456.53	537.5
1457.9	556.5
1459.28	533.5
1460.65	523.5
1462.03	516.5
1463.4	558.5
1464.78	535.5
1466.15	534
1467.53	525.5
1468.9	527.5
1470.27	498.5
1471.65	507
1473.02	535.5
1474.39	524.5
1475.76	522.5
1477.14	516
1478.51	513
1479.88	513.5
1481.25	503.5
1482.62	529
1483.99	526
1485.36	517.5
1486.73	517.5
1488.1	509
1489.47	511.5
1490.84	543.5
1492.21	513.5
1493.58	524.5
1494.95	549
1496.32	506
1497.69	528
1499.06	526
1500.42	518
1501.79	513
1503.16	511
1504.53	515.5
1505.89	517
1507.26	500
1508.63	523
1509.99	510
1511.36	534.5
1512.72	541
1514.09	494
1515.45	530
1516.82	521.5
1518.18	522.5
1519.55	530
1520.91	508.5
1522.27	548
1523.64	525.5
1525	505
1526.36	535.5
1527.72	529.5
1529.09	546.5
1530.45	548
1531.81	529.5
1533.17	524
1534.53	519
1535.89	510.5
1537.25	508.5
1538.62	518
1539.98	524.5
1541.34	528.5
1542.7	500
1544.05	539
1545.41	530.5
1546.77	536.5
1548.13	529
1549.49	522
1550.85	538
1552.21	523
1553.56	519.5
1554.92	532.5
1556.28	533
1557.64	532
1558.99	533
1560.35	535
1561.7	525.5
1563.06	511
1564.42	529.5
1565.77	522
1567.13	550.5
1568.48	531
1569.84	533
1571.19	547
1572.55	540.5
1573.9	532.5
1575.25	538
1576.6	540.5
1577.96	558
1579.31	553.5
1580.66	570
1582.02	565.5
1583.37	551
1584.72	556.5
1586.07	550.5
1587.42	543
1588.77	584
1590.12	546.5
1591.47	553
1592.83	537
1594.17	564
1595.53	572.5
1596.87	551
1598.22	581.5
1599.57	557
1600.92	583
1602.27	595
1603.62	598
1604.96	590.5
1606.31	574
1607.66	565
1609.01	574
1610.35	578
1611.7	590
1613.05	568.5
1614.39	580.5
1615.74	575
1617.09	567
1618.43	579
1619.78	585.5
1621.12	574.5
1622.47	581.5
1623.81	548.5
1625.15	547
1626.5	574
1627.84	579
1629.18	586.5
1630.53	575
1631.87	570.5
1633.21	577.5
1634.55	571
1635.9	554.5
1637.24	560.5
1638.58	553.5
1639.92	573
1641.26	562.5
1642.6	577
1643.94	576
1645.28	563.5
1646.62	582.5
1647.96	568.5
1649.3	561
1650.64	556
1651.98	544
1653.32	554.5
1654.66	580.5
1656	553
1657.34	551
1658.67	560.5
1660.01	552.5
1661.35	559
1662.68	566
1664.02	551.5
1665.36	537
1666.69	545
1668.03	555.5
1669.37	546
1670.7	565
1672.04	530.5
1673.37	549.5
1674.71	571
1676.04	555.5
1677.38	521
1678.71	562.5
1680.04	554
1681.38	544.5
1682.71	540
1684.04	536.5
1685.37	551
1686.71	523
1688.04	552
1689.37	538.5
1690.7	517.5
1692.03	545
1693.37	525
1694.69	550.5
1696.03	521
1697.36	537.5
1698.69	530
1700.02	546
1701.35	509.5
1702.67	535.5
1704.01	547
1705.33	543.5
1706.66	544
1707.99	524.5
1709.32	549
1710.65	522
1711.97	513
1713.3	535
1714.63	529.5
1715.95	532.5
1717.28	535.5
1718.61	531
1719.93	528.5
1721.26	551
1722.59	548.5
1723.91	550
1725.24	542
1726.56	533.5
1727.89	547
1729.21	556.5
1730.53	537.5
1731.86	536
1733.18	517.5
1734.5	540
1735.83	533
1737.15	543.5
1738.47	537.5
1739.79	514.5
1741.12	548
1742.44	511
1743.76	548
1745.08	512.5
1746.4	509
1747.72	515
1749.04	525
1750.36	530
1751.68	513.5
1753	527
1754.32	512.5
1755.64	508
1756.96	522.5
1758.28	513
1759.6	504
1760.92	495
1762.23	511
1763.55	512
1764.87	525.5
1766.19	511
1767.5	502
1768.82	501
1770.14	537.5
1771.45	511
1772.77	512.5
1774.09	526.5
1775.4	500.5
1776.72	525
1778.03	516
1779.35	518
1780.66	504
1781.98	519.5
1783.29	503
1784.6	516
1785.92	498.5
1787.23	537
1788.54	498.5
1789.85	528.5
1791.17	533
1792.48	502.5
1793.79	519.5
1795.1	514.5
1796.41	515
1797.73	532
1799.04	491.5
1800.35	522
1801.66	516.5
1802.97	511
1804.28	516
1805.59	520.5
1806.9	519.5
1808.21	502.5
1809.52	511
1810.83	493
1812.13	526
1813.44	518
1814.75	514
1816.06	511
1817.37	494
1818.67	507
1819.98	518.5
1821.29	516.5
1822.59	496.5
1823.9	497
1825.21	496
1826.51	488
1827.82	527
1829.12	504
1830.43	487
1831.73	505
1833.04	500
1834.34	492.5
1835.65	512.5
1836.95	470
1838.25	497
1839.56	519.5
1840.86	485
1842.16	499.5
1843.46	506
1844.77	494
1846.07	485.5
1847.37	491.5
1848.67	513
1849.97	509
1851.27	503
1852.57	486
1853.87	522
1855.18	491.5
1856.48	501.5
1857.77	518
1859.07	498
1860.37	505
1861.67	503.5
1862.97	512.5
1864.27	514.5
1865.57	502.5
1866.87	485
1868.16	506.5
1869.46	502.5
1870.76	486.5
1872.06	517
1873.35	507.5
1874.65	497
1875.95	458.5
1877.24	478
1878.54	498.5
1879.83	504
1881.13	490
1882.42	507
1883.72	492
1885.01	500.5
1886.31	519
1887.6	493
1888.89	490
1890.19	509
1891.48	511.5
1892.78	483.5
1894.07	508.5
1895.36	499.5
1896.65	489.5
1897.95	528.5
1899.24	494.5
1900.53	500
1901.82	522.5
1903.11	487
1904.4	490.5
1905.69	489
1906.98	492
1908.27	506.5
1909.56	499
1910.85	503
1912.14	505
1913.43	495.5
1914.72	490.5
1916.01	514.5
1917.3	511
1918.59	512.5
1919.87	486
1921.16	482.5
1922.45	485.5
1923.74	494.5
1925.02	513
1926.31	503.5
1927.6	500
1928.88	501.5
1930.17	499
1931.45	489.5
1932.74	516.5
1934.03	495.5
1935.31	502.5
1936.59	512.5
1937.88	503.5
1939.16	502.5
1940.45	501
1941.73	497
