492.825	2942.5
494.381	2691
495.936	2530.5
497.494	2451.5
499.049	2321
500.603	2238
502.158	2135.5
503.712	1976
505.266	1965
506.819	1882
508.375	1827
509.928	1773
511.481	1734.5
513.034	1670.5
514.586	1638
516.138	1603
517.69	1602
519.241	1553.5
520.793	1523
522.344	1501.5
523.894	1469.5
525.445	1443
526.995	1415.5
528.545	1379
530.095	1371
531.644	1383
533.193	1310.5
534.74	1308
536.289	1311.5
537.837	1302.5
539.385	1310.5
540.933	1285
542.481	1265.5
544.028	1235
545.573	1250
547.12	1224
548.667	1254.5
550.213	1198
551.759	1184
553.303	1173
554.848	1141.5
556.393	1136
557.938	1117
559.481	1112.5
561.025	1095.5
562.57	1116.5
564.111	1106
565.655	1057
567.199	1064.5
568.74	1071
570.283	1017
571.823	1035
573.366	1042
574.908	1029.5
576.447	1038
577.989	1055.5
579.528	1032
581.069	1051
582.608	1024.5
584.149	1035.5
585.687	1045.5
587.227	1076.5
588.765	1126
590.304	1075
591.841	1069.5
593.38	1073
594.917	1047.5
596.453	1023.5
597.992	1036.5
599.528	1060.5
601.065	1073
602.601	994
604.136	974
605.673	1015
607.207	1008
608.742	980.5
610.278	991.5
611.812	979
613.345	983
614.879	970
616.414	947.5
617.946	969.5
619.479	949.5
621.011	975.5
622.543	981
624.077	941
625.609	962.5
627.14	977.5
628.671	932
630.202	933.5
631.732	957.5
633.262	970
634.792	954
636.322	914.5
637.854	935.5
639.383	982
640.912	938
642.44	961.5
643.969	954
645.497	957
647.025	936.5
648.552	955
650.08	978
651.605	965.5
653.132	942.5
654.659	964
656.185	947
657.711	945
659.237	937.5
660.762	918
662.288	934.5
663.811	898
665.336	907
666.86	902
668.385	948
669.909	908.5
671.43	943
672.954	920
674.477	919
676	924
677.521	980.5
679.044	914.5
680.566	975
682.086	956.5
683.608	966.5
685.129	1019.5
686.648	1038
688.169	1102.5
689.688	1166.5
691.209	1254
692.729	1413
694.247	1606.5
695.766	1957.5
697.284	2200.5
698.803	2095.5
700.32	1763
701.839	1489
703.355	1327.5
704.873	1186.5
706.389	1088
707.907	1087
709.422	1023
710.938	998.5
712.455	983
713.969	970.5
715.486	968
717	958.5
718.514	935.5
720.027	905
721.543	905
723.056	904
724.569	915.5
726.083	921
727.596	932.5
729.108	935.5
730.62	909
732.133	929.5
733.645	899
735.156	897.5
736.667	879
738.177	889.5
739.688	890
741.198	897
742.71	897.5
744.219	890
745.728	874.5
747.238	902
748.746	859
750.255	888
751.763	885
753.271	843
754.779	893
756.287	887.5
757.794	868
759.301	841
760.808	877.5
762.315	878
763.819	882
765.325	861.5
766.831	888.5
768.336	887
769.842	877
771.347	862.5
772.852	910
774.354	928.5
775.859	894.5
777.363	936.5
778.866	900
780.368	952.5
781.871	900
783.374	961
784.877	943.5
786.378	967.5
787.88	990.5
789.382	1036
790.882	1034
792.383	1096.5
793.883	1131
795.384	1196
796.885	1286
798.383	1350
799.883	1311.5
801.382	1215
802.881	1162.5
804.379	1103
805.878	1037.5
807.375	1046.5
808.874	1017.5
810.371	1009.5
811.867	1023.5
813.365	990.5
814.861	952
816.358	970
817.854	955
819.349	935.5
820.846	936.5
822.34	929.5
823.835	913.5
825.331	901
826.824	901
828.318	921
829.811	917.5
831.306	903.5
832.799	944.5
834.292	917.5
835.784	932
837.276	931.5
838.768	916
840.262	927
841.753	923.5
843.244	927
844.735	932.5
846.226	933.5
847.716	952
849.206	920
850.696	902
852.186	945.5
853.675	916
855.164	912
856.653	928.5
858.142	886
859.63	938.5
861.118	930
862.606	912.5
864.094	922
865.579	903
867.066	918
868.553	882
870.04	902
871.526	896
873.013	894
874.497	894
875.982	880.5
877.468	915.5
878.953	902.5
880.436	916
881.921	909
883.405	905.5
884.887	905
886.371	863
887.855	904.5
889.336	920.5
890.82	900
892.301	909
893.783	885
895.264	907.5
896.746	913.5
898.226	929
899.708	911.5
901.187	881.5
902.669	900.5
904.148	908
905.629	883.5
907.107	882.5
908.587	913
910.065	868
911.543	877
913.023	873.5
914.5	877
915.977	868.5
917.456	914
918.933	891.5
920.409	897
921.885	872.5
923.363	896.5
924.839	884
926.314	863.5
927.789	885.5
929.264	888
930.741	879.5
932.215	874
933.689	861.5
935.163	848.5
936.637	849
938.11	869
939.584	850
941.057	830
942.529	895.5
944.002	867
945.474	845
946.946	869.5
948.418	850.5
949.889	857.5
951.36	822.5
952.831	833
954.302	866
955.773	847.5
957.243	823
958.711	828
960.181	866.5
961.651	851
963.12	836
964.589	820
966.056	866
967.524	807.5
968.993	849
970.459	806.5
971.927	844.5
973.395	833.5
974.86	835.5
976.327	813
977.794	790.5
979.259	835.5
980.725	828
982.189	797
983.655	801.5
985.119	807.5
986.585	816
988.048	817
989.513	834
990.976	798.5
992.44	826.5
993.902	794
995.366	800.5
996.828	805.5
998.29	804
999.753	825.5
1001.21	821
1002.68	822.5
1004.14	802.5
1005.6	834
1007.06	797
1008.52	832
1009.98	823.5
1011.44	798
1012.9	798
1014.36	797.5
1015.82	810
1017.28	825
1018.73	831
1020.19	824
1021.65	823.5
1023.11	812.5
1024.57	817.5
1026.02	812
1027.48	844.5
1028.94	835.5
1030.39	837
1031.85	845.5
1033.3	842
1034.76	846.5
1036.22	847.5
1037.67	866
1039.13	838
1040.58	891
1042.03	882
1043.49	876.5
1044.94	858.5
1046.39	862
1047.85	856.5
1049.3	813.5
1050.75	852.5
1052.2	861.5
1053.66	849.5
1055.11	881
1056.56	864
1058.01	912
1059.46	902
1060.91	945
1062.36	994.5
1063.81	1089.5
1065.26	1127.5
1066.71	1168.5
1068.16	1145
1069.61	1008
1071.06	977
1072.51	937.5
1073.95	888.5
1075.4	901
1076.85	892.5
1078.3	897.5
1079.74	909.5
1081.19	936.5
1082.64	969.5
1084.08	919
1085.53	894.5
1086.98	876.5
1088.42	843
1089.87	835
1091.31	854
1092.76	866.5
1094.2	857
1095.64	834.5
1097.09	840
1098.53	832.5
1099.97	822.5
1101.42	817
1102.86	817.5
1104.3	842.5
1105.75	812
1107.19	864
1108.63	864.5
1110.07	843.5
1111.51	827.5
1112.95	843
1114.39	826
1115.83	832.5
1117.27	835.5
1118.71	830
1120.15	821.5
1121.59	799
1123.03	803
1124.47	844
1125.91	847.5
1127.35	835.5
1128.78	830.5
1130.22	837.5
1131.66	873
1133.1	846
1134.53	853
1135.97	868
1137.4	908
1138.84	880
1140.28	921
1141.71	913
1143.15	954
1144.58	993.5
1146.02	1020
1147.45	1010
1148.88	1079
1150.32	1160.5
1151.75	1242
1153.18	1336.5
1154.62	1518
1156.05	1763.5
1157.48	2126.5
1158.92	2637
1160.35	3178
1161.78	3374.5
1163.21	3163.5
1164.64	2504.5
1166.07	2010
1167.5	1653
1168.93	1394
1170.36	1218
1171.79	1139
1173.22	1039.5
1174.65	1009.5
1176.08	968.5
1177.51	924
1178.94	929
1180.37	897
1181.79	888.5
1183.22	908.5
1184.65	898.5
1186.08	849
1187.5	901
1188.93	877.5
1190.35	860.5
1191.78	889.5
1193.21	865
1194.63	831
1196.06	861.5
1197.48	852
1198.91	849
1200.33	837
1201.76	842.5
1203.18	858.5
1204.6	851
1206.03	850
1207.45	826.5
1208.87	840.5
1210.29	832
1211.72	827
1213.14	831
1214.56	848.5
1215.98	824.5
1217.4	872.5
1218.82	833.5
1220.25	833
1221.66	831
1223.09	863
1224.5	859.5
1225.93	879
1227.34	875
1228.76	893.5
1230.18	868.5
1231.6	901
1233.02	920.5
1234.44	909
1235.85	915
1237.27	925.5
1238.69	933.5
1240.11	915
1241.52	929
1242.94	926
1244.35	899.5
1245.77	919
1247.19	916
1248.6	942.5
1250.02	897
1251.43	903.5
1252.85	936
1254.26	930.5
1255.67	889
1257.09	922
1258.5	944
1259.92	970
1261.33	956.5
1262.74	993.5
1264.15	1120.5
1265.56	1238.5
1266.98	1060.5
1268.39	969
1269.8	924
1271.21	936.5
1272.62	957
1274.03	964
1275.44	971
1276.85	997
1278.26	967
1279.67	1006
1281.08	1021
1282.49	1206
1283.9	2196
1285.31	5779
1286.71	3397.5
1288.12	1229.5
1289.53	1037
1290.94	978.5
1292.34	968
1293.75	964.5
1295.16	965
1296.56	938.5
1297.97	946
1299.38	910
1300.78	921
1302.19	933.5
1303.59	929.5
1305	929
1306.4	940
1307.8	918
1309.21	918
1310.61	920.5
1312.01	922.5
1313.42	894.5
1314.82	903.5
1316.22	886
1317.63	907.5
1319.03	918.5
1320.43	915.5
1321.83	874
1323.23	925.5
1324.63	885
1326.03	873
1327.44	892.5
1328.84	895
1330.24	881
1331.63	873.5
1333.03	911
1334.43	898
1335.83	908.5
1337.23	878.5
1338.63	896
1340.03	879
1341.42	878
1342.82	876
1344.22	877
1345.62	904
1347.01	882.5
1348.41	891
1349.81	898.5
1351.2	892
1352.6	910.5
1353.99	922.5
1355.39	911
1356.78	923
1358.18	905
1359.57	945
1360.97	924
1362.36	898
1363.75	941
1365.15	942
1366.54	937.5
1367.93	927.5
1369.33	1041
1370.72	1076.5
1372.11	939.5
1373.5	927
1374.89	966.5
1376.28	981
1377.68	1021.5
1379.07	982.5
1380.46	1036
1381.85	1060.5
1383.24	1135.5
1384.63	1230.5
1386.02	1553
1387.4	4597
1388.79	9321
1390.18	2422
1391.57	1172.5
1392.96	1078.5
1394.35	1022.5
1395.73	1026.5
1397.12	961
1398.51	933
1399.89	985.5
1401.28	967
1402.67	956
1404.05	953.5
1405.44	970.5
1406.83	978
1408.21	1140
1409.59	1562.5
1410.98	1274.5
1412.36	982
1413.75	941.5
1415.13	961.5
1416.52	957
1417.9	916.5
1419.28	934.5
1420.67	938
1422.05	887.5
1423.43	927
1424.81	918.5
1426.19	940.5
1427.58	914
1428.96	907.5
1430.34	924
1431.72	899.5
1433.1	879.5
1434.48	924.5
1435.86	917
1437.24	912.5
1438.62	907.5
1440	875.5
1441.38	889
1442.76	884
1444.13	879
1445.51	886.5
1446.89	867.5
1448.27	872.5
1449.64	870.5
1451.02	881
1452.4	896
1453.78	865.5
1455.15	896.5
1456.53	901
1457.9	892.5
1459.28	879.5
1460.65	859.5
1462.03	864.5
1463.4	872.5
1464.78	868
1466.15	860.5
1467.53	861
1468.9	850
1470.27	860
1471.65	833
1473.02	849
1474.39	838
1475.76	820
1477.14	846.5
1478.51	823
1479.88	862
1481.25	859
1482.62	800
1483.99	852.5
1485.36	862
1486.73	828
1488.1	846.5
1489.47	821
1490.84	824
1492.21	834.5
1493.58	850.5
1494.95	847
1496.32	829.5
1497.69	806
1499.06	845
1500.42	855.5
1501.79	863
1503.16	844.5
1504.53	850
1505.89	846
1507.26	855
1508.63	837
1509.99	842.5
1511.36	847
1512.72	839.5
1514.09	853.5
1515.45	855
1516.82	836
1518.18	856
1519.55	876.5
1520.91	846.5
1522.27	834
1523.64	825.5
1525	845.5
1526.36	817
1527.72	879
1529.09	864
1530.45	858.5
1531.81	857.5
1533.17	878
1534.53	846
1535.89	859
1537.25	880.5
1538.62	840
1539.98	850
1541.34	844
1542.7	872
1544.05	849
1545.41	859
1546.77	837
1548.13	871
1549.49	836.5
1550.85	873.5
1552.21	877
1553.56	871
1554.92	877.5
1556.28	882
1557.64	859
1558.99	866
1560.35	843
1561.7	855
1563.06	863
1564.42	879
1565.77	869
1567.13	903.5
1568.48	865.5
1569.84	882.5
1571.19	866.5
1572.55	895.5
1573.9	880.5
1575.25	910.5
1576.6	931
1577.96	880
1579.31	894
1580.66	908
1582.02	926.5
1583.37	902
1584.72	900.5
1586.07	887
1587.42	900
1588.77	961
1590.12	904
1591.47	899
1592.83	898
1594.17	912
1595.53	931
1596.87	896
1598.22	915
1599.57	965
1600.92	951
1602.27	934.5
1603.62	945
1604.96	912
1606.31	953
1607.66	891
1609.01	903.5
1610.35	909
1611.7	910.5
1613.05	932.5
1614.39	909.5
1615.74	911
1617.09	917.5
1618.43	890.5
1619.78	900.5
1621.12	883
1622.47	913
1623.81	913.5
1625.15	931.5
1626.5	897.5
1627.84	927.5
1629.18	929
1630.53	913
1631.87	894.5
1633.21	917.5
1634.55	900
1635.9	930.5
1637.24	909.5
1638.58	910.5
1639.92	888
1641.26	923
1642.6	914.5
1643.94	915
1645.28	910
1646.62	909
1647.96	909.5
1649.3	895.5
1650.64	884
1651.98	900
1653.32	920
1654.66	916
1656	902
1657.34	912.5
1658.67	910
1660.01	891
1661.35	871.5
1662.68	911.5
1664.02	904.5
1665.36	911.5
1666.69	919.5
1668.03	888
1669.37	898.5
1670.7	889
1672.04	900
1673.37	886.5
1674.71	898
1676.04	914
1677.38	893.5
1678.71	896
1680.04	870
1681.38	896
1682.71	889
1684.04	898
1685.37	900
1686.71	865
1688.04	918.5
1689.37	876
1690.7	917.5
1692.03	911.5
1693.37	883
1694.69	910.5
1696.03	909.5
1697.36	875
1698.69	904
1700.02	880
1701.35	894.5
1702.67	885.5
1704.01	909
1705.33	861
1706.66	895.5
1707.99	903.5
1709.32	894.5
1710.65	898
1711.97	900.5
1713.3	889
1714.63	891.5
1715.95	900.5
1717.28	907
1718.61	900.5
1719.93	904.5
1721.26	921.5
1722.59	893
1723.91	914.5
1725.24	909
1726.56	905
1727.89	866.5
1729.21	924
1730.53	909.5
1731.86	908.5
1733.18	906
1734.5	906
1735.83	894.5
1737.15	897.5
1738.47	897
1739.79	885.5
1741.12	908
1742.44	901
1743.76	873.5
1745.08	902.5
1746.4	901.5
1747.72	903.5
1749.04	874
1750.36	885.5
1751.68	897.5
1753	876.5
1754.32	884
1755.64	853
1756.96	850
1758.28	858
1759.6	878
1760.92	866
1762.23	858
1763.55	875
1764.87	883
1766.19	880
1767.5	891.5
1768.82	863.5
1770.14	862
1771.45	865
1772.77	867
1774.09	879
1775.4	864
1776.72	849.5
1778.03	879
1779.35	852
1780.66	875
1781.98	875.5
1783.29	900.5
1784.6	876
1785.92	860.5
1787.23	897
1788.54	891.5
1789.85	880.5
1791.17	872
1792.48	856
1793.79	884
1795.1	887.5
1796.41	878
1797.73	898
1799.04	891
1800.35	907.5
1801.66	884.5
1802.97	873
1804.28	864.5
1805.59	871.5
1806.9	879
1808.21	884
1809.52	864
1810.83	870
1812.13	878.5
1813.44	871.5
1814.75	876.5
1816.06	904.5
1817.37	884.5
1818.67	866
1819.98	864
1821.29	879.5
1822.59	874.5
1823.9	885
1825.21	874.5
1826.51	890
1827.82	883
1829.12	873
1830.43	854
1831.73	902
1833.04	863
1834.34	846.5
1835.65	853
1836.95	892.5
1838.25	860.5
1839.56	841
1840.86	883
1842.16	831
1843.46	895
1844.77	881
1846.07	866
1847.37	839
1848.67	883.5
1849.97	884
1851.27	837
1852.57	865
1853.87	862
1855.18	893.5
1856.48	890.5
1857.77	875
1859.07	885
1860.37	875
1861.67	866
1862.97	892.5
1864.27	879
1865.57	865
1866.87	862.5
1868.16	895.5
1869.46	873
1870.76	877
1872.06	882
1873.35	866.5
1874.65	888.5
1875.95	835.5
1877.24	889.5
1878.54	884
1879.83	887.5
1881.13	864
1882.42	865
1883.72	903
1885.01	861.5
1886.31	898.5
1887.6	867.5
1888.89	868
1890.19	869
1891.48	821
1892.78	880
1894.07	879
1895.36	861.5
1896.65	874.5
1897.95	881.5
1899.24	863.5
1900.53	868.5
1901.82	853
1903.11	883
1904.4	860
1905.69	884
1906.98	884.5
1908.27	873.5
1909.56	864.5
1910.85	878.5
1912.14	885.5
1913.43	899.5
1914.72	875.5
1916.01	861
1917.3	871.5
1918.59	878
1919.87	903
1921.16	897
1922.45	895
1923.74	900
1925.02	862.5
1926.31	904
1927.6	863
1928.88	865
1930.17	875.5
1931.45	874
1932.74	881.5
1934.03	865
1935.31	863
1936.59	869
1937.88	872.5
1939.16	866.5
1940.45	876
1941.73	869
