492.846	9358.5
494.401	8708
495.957	8250
497.512	7742.5
499.067	7369.5
500.622	7112
502.178	6840
503.732	6604
505.286	6304
506.84	5990
508.393	5899.5
509.946	5706
511.499	5503.5
513.052	5461.5
514.604	5365.5
516.156	5263.5
517.71	5135.5
519.262	5059.5
520.813	5011
522.364	4979
523.915	4888
525.463	4778.5
527.013	4701
528.563	4565.5
530.113	4520.5
531.662	4401.5
533.212	4404.5
534.76	4320
536.309	4343.5
537.858	4336.5
539.406	4232
540.953	4256
542.499	4195.5
544.046	4159.5
545.593	4133
547.14	4047.5
548.687	4107.5
550.231	4100.5
551.777	4013.5
553.323	3947.5
554.868	3831.5
556.412	3839
557.956	3754
559.501	3646
561.046	3653
562.588	3652
564.132	3639.5
565.675	3527
567.217	3538
568.76	3491.5
570.301	3514
571.843	3502
573.386	3522
574.926	3536.5
576.468	3456
578.007	3522
579.549	3478
581.088	3507
582.628	3514
584.167	3510
585.707	3562.5
587.245	3641
588.785	4285
590.322	5636.5
591.862	4182.5
593.399	3665.5
594.937	3536
596.474	3498
598.01	3533.5
599.548	3516
601.083	3444
602.621	3437.5
604.156	3436
605.691	3397.5
607.228	3405
608.762	3373.5
610.296	3342
611.83	3358.5
613.365	3334
614.899	3351
616.432	3311
617.965	3253.5
619.499	3268
621.031	3346
622.564	3313
624.095	3238
625.627	3295.5
627.158	3300
628.691	3321
630.222	3245
631.752	3313
633.283	3240
634.813	3256.5
636.342	3252.5
637.872	3202.5
639.401	3247.5
640.93	3248.5
642.458	3232.5
643.987	3243
645.515	3211.5
647.043	3214
648.571	3248
650.098	3249.5
651.625	3242.5
653.152	3232
654.679	3280.5
656.205	3234
657.731	3231
659.257	3169.5
660.781	3123
662.306	3171.5
663.831	3166.5
665.356	3154.5
666.88	3160.5
668.403	3135.5
669.927	3198
671.451	3134
672.974	3156
674.495	3230.5
676.018	3197
677.541	3185.5
679.064	3258
680.584	3288.5
682.106	3277
683.628	3338.5
685.147	3409.5
686.668	3503.5
688.187	3609
689.708	3681.5
691.229	3963
692.747	4299.5
694.267	4782.5
695.784	5569
697.304	6311.5
698.821	6270.5
700.34	5577
701.857	4761
703.375	4243.5
704.891	3908
706.409	3687.5
707.925	3574.5
709.442	3450
710.958	3427
712.472	3326
713.989	3228.5
715.504	3239.5
717.018	3182
718.534	3243
720.047	3176
721.561	3203.5
723.076	3142
724.589	3188.5
726.101	3108
727.614	3195
729.128	3152
730.64	3134
732.151	3099.5
733.663	3076.5
735.174	3097.5
736.687	3070
738.197	3111
739.708	3103
741.218	3032
742.727	3065
744.237	3061
745.746	3067
747.255	3075.5
748.764	3074
750.273	3062
751.781	3025
753.289	3054
754.797	3087
756.305	3062
757.812	3053
759.319	3040.5
760.826	3014.5
762.333	3080
763.839	3049
765.345	3050.5
766.851	3101.5
768.356	3055
769.862	3091
771.365	3118
772.869	3095
774.374	3074
775.878	3154
777.382	3150
778.884	3156
780.388	3209
781.891	3200.5
783.392	3281
784.895	3351
786.397	3326
787.898	3403
789.4	3358.5
790.902	3407.5
792.401	3536
793.903	3676
795.404	3836.5
796.902	4023.5
798.403	4197
799.901	4333
801.401	4322
802.899	4483
804.399	4216.5
805.896	3972
807.395	3796
808.892	3765.5
810.39	3680.5
811.887	3619.5
813.383	3455
814.881	3500.5
816.376	3678
817.873	3318.5
819.369	3236.5
820.863	3273
822.36	3256.5
823.854	3180
825.348	3213
826.842	3152.5
828.338	3160.5
829.831	3159.5
831.324	3152
832.817	3148.5
834.312	3171.5
835.804	3127.5
837.296	3133.5
838.788	3172.5
840.28	3161.5
841.771	3149
843.262	3173
844.753	3155
846.245	3173.5
847.736	3208
849.226	3144.5
850.716	3204
852.205	3198.5
853.695	3157.5
855.184	3169
856.673	3157
858.161	3149.5
859.648	3124.5
861.136	3133.5
862.624	3083.5
864.112	3123
865.599	3125.5
867.086	3027.5
868.573	3074.5
870.06	3085.5
871.544	3103
873.03	3030
874.516	3083
876.002	3068
877.485	3006
878.971	3011.5
880.455	3050
881.938	3107
883.423	3117
884.907	3058
886.389	3109
887.872	3115.5
889.356	3139.5
890.837	3157.5
892.32	3104
893.801	3136.5
895.283	3069.5
896.766	3120
898.246	3098.5
899.727	3098.5
901.207	3033
902.686	3044
904.167	3034.5
905.646	3024.5
907.127	3056
908.605	3040
910.085	3029
911.563	2961.5
913.04	2996.5
914.52	3022.5
915.997	3047
917.474	3050
918.952	3023.5
920.429	3037.5
921.905	3042
923.381	2959.5
924.856	2999
926.334	3018
927.809	2993
929.284	2990.5
930.758	2966
932.233	2990
933.707	2962.5
935.183	2879
936.656	2910.5
938.13	2874.5
939.603	2914.5
941.076	2874.5
942.549	2962
944.021	2901
945.493	2870
946.965	2960.5
948.437	2866.5
949.909	2881.5
951.38	2882.5
952.849	2902
954.32	2896
955.79	2868.5
957.261	2808
958.731	2861
960.2	2842
961.67	2845.5
963.137	2844.5
964.606	2777.5
966.075	2746.5
967.544	2787
969.01	2799
970.478	2735.5
971.946	2798.5
973.412	2813.5
974.879	2758.5
976.346	2713.5
977.811	2774.5
979.278	2737
980.743	2745.5
982.209	2752
983.675	2794.5
985.138	2709
986.604	2736.5
988.067	2727.5
989.532	2735
990.995	2727.5
992.458	2726.5
993.922	2710
995.384	2707.5
996.848	2730
998.309	2673.5
999.771	2669
1001.23	2740
1002.69	2696
1004.16	2692.5
1005.62	2676
1007.08	2732
1008.54	2720.5
1010	2688.5
1011.46	2662
1012.92	2724.5
1014.38	2678
1015.84	2685
1017.29	2713.5
1018.75	2677.5
1020.21	2689
1021.67	2651
1023.13	2752
1024.58	2692.5
1026.04	2750.5
1027.5	2717
1028.96	2690
1030.41	2741
1031.87	2709
1033.32	2713.5
1034.78	2859.5
1036.23	2940.5
1037.69	2750.5
1039.14	2766
1040.6	2744
1042.05	2774.5
1043.51	2748.5
1044.96	2788.5
1046.41	2785
1047.86	2780.5
1049.32	2710
1050.77	2813
1052.22	2770.5
1053.67	2734.5
1055.13	2809
1056.58	2830
1058.03	2834.5
1059.48	2873
1060.93	2987
1062.38	3105.5
1063.83	3299
1065.28	3515.5
1066.73	3732.5
1068.18	3591.5
1069.63	3388
1071.08	3232.5
1072.53	3067
1073.97	2932.5
1075.42	2961.5
1076.87	2907.5
1078.32	3011.5
1079.76	3080.5
1081.21	3204.5
1082.66	3278
1084.1	3223.5
1085.55	3051.5
1086.99	2911
1088.44	2843
1089.89	2829
1091.33	2752.5
1092.77	2748
1094.22	2761.5
1095.66	2709
1097.11	2725
1098.55	2708
1099.99	2687
1101.44	2676
1102.88	2701.5
1104.32	2647
1105.76	2646.5
1107.2	2663.5
1108.65	2664.5
1110.09	2656.5
1111.53	2659.5
1112.97	2644.5
1114.41	2604.5
1115.85	2677.5
1117.29	2611
1118.73	2673
1120.17	2657.5
1121.61	2695.5
1123.05	2659
1124.49	2624
1125.93	2597
1127.36	2693
1128.8	2686
1130.24	2729
1131.68	2648.5
1133.11	2667
1134.55	2729
1135.99	2807
1137.42	2783.5
1138.86	2794.5
1140.29	2779.5
1141.73	2886
1143.17	2993.5
1144.6	2984.5
1146.03	3096
1147.47	3170.5
1148.9	3298
1150.34	3404.5
1151.77	3672
1153.2	3907
1154.64	4348
1156.07	5007
1157.5	5933.5
1158.93	7219.5
1160.37	8443
1161.8	8833
1163.23	7954
1164.66	6507
1166.09	5291
1167.52	4427.5
1168.95	3908
1170.38	3547
1171.81	3277.5
1173.24	3129
1174.67	2995
1176.1	2885.5
1177.53	2862
1178.96	2821
1180.38	2775.5
1181.81	2768
1183.24	2677
1184.67	2761
1186.09	2709.5
1187.52	2669.5
1188.95	2670.5
1190.37	2636
1191.8	2713
1193.23	2641
1194.65	2655
1196.08	2595
1197.5	2643.5
1198.93	2616.5
1200.35	2595.5
1201.77	2606.5
1203.2	2565
1204.62	2607
1206.05	2555.5
1207.47	2549.5
1208.89	2595.5
1210.31	2588
1211.73	2605
1213.16	2567
1214.58	2682
1216	2605.5
1217.42	2600
1218.84	2636.5
1220.26	2622.5
1221.68	2594
1223.1	2660
1224.52	2635
1225.94	2719
1227.36	2775.5
1228.78	2784
1230.2	2854
1231.62	2807
1233.04	2890
1234.45	2871.5
1235.87	2889.5
1237.29	2843.5
1238.71	2835.5
1240.12	2813.5
1241.54	2766.5
1242.96	2731
1244.37	2681
1245.79	2697
1247.2	2665.5
1248.62	2705
1250.03	2640
1251.45	2691
1252.86	2567.5
1254.28	2563.5
1255.69	2583
1257.11	2576
1258.52	2563
1259.93	2561.5
1261.35	2576
1262.76	2592
1264.17	2571
1265.58	2646.5
1267	2600
1268.41	2501
1269.82	2503.5
1271.23	2524
1272.64	2537
1274.05	2546.5
1275.46	2521.5
1276.87	2507.5
1278.28	2538
1279.69	2565.5
1281.1	2530.5
1282.51	2477.5
1283.92	2588.5
1285.32	3021.5
1286.73	3519
1288.14	2631
1289.55	2585
1290.95	2538
1292.36	2483.5
1293.77	2471
1295.18	2458.5
1296.58	2492
1297.99	2515
1299.39	2458.5
1300.8	2446
1302.2	2485.5
1303.61	2469.5
1305.01	2449.5
1306.42	2484.5
1307.82	2477
1309.23	2430.5
1310.63	2472
1312.03	2476
1313.44	2458.5
1314.84	2448.5
1316.24	2466
1317.64	2442
1319.05	2454.5
1320.45	2429.5
1321.85	2439
1323.25	2402
1324.65	2445
1326.05	2462
1327.45	2417
1328.85	2449.5
1330.25	2451
1331.65	2401
1333.05	2417
1334.45	2438
1335.85	2405
1337.25	2420
1338.65	2378.5
1340.05	2394
1341.44	2406
1342.84	2404.5
1344.24	2402
1345.63	2407
1347.03	2424
1348.43	2369.5
1349.82	2437
1351.22	2425.5
1352.61	2433
1354.01	2394.5
1355.41	2421
1356.8	2460
1358.19	2430.5
1359.59	2431
1360.98	2401
1362.38	2412.5
1363.77	2394
1365.16	2364
1366.56	2407.5
1367.95	2409.5
1369.34	2401
1370.73	2442
1372.13	2431.5
1373.52	2436.5
1374.91	2452
1376.3	2408.5
1377.69	2388
1379.08	2443.5
1380.47	2415
1381.86	2469
1383.25	2393.5
1384.64	2460.5
1386.03	2459
1387.42	2672
1388.81	4108.5
1390.2	3095
1391.59	2450
1392.98	2442
1394.36	2429
1395.75	2405
1397.14	2440.5
1398.53	2427.5
1399.91	2418
1401.3	2427
1402.68	2442
1404.07	2399
1405.46	2408
1406.84	2388
1408.23	2460.5
1409.61	2517
1411	2571.5
1412.38	2458.5
1413.77	2429.5
1415.15	2395
1416.53	2455.5
1417.92	2413.5
1419.3	2423
1420.68	2428
1422.06	2430
1423.45	2432
1424.83	2392
1426.21	2487
1427.59	2461
1428.97	2431.5
1430.36	2392
1431.74	2443.5
1433.12	2448
1434.5	2469
1435.88	2461
1437.26	2408.5
1438.64	2411.5
1440.01	2448
1441.39	2405.5
1442.77	2418
1444.15	2418.5
1445.53	2423.5
1446.91	2436
1448.29	2446
1449.66	2398.5
1451.04	2405
1452.41	2437.5
1453.79	2409
1455.17	2447
1456.54	2436.5
1457.92	2437
1459.3	2385.5
1460.67	2350.5
1462.05	2397
1463.42	2411.5
1464.8	2359
1466.17	2412.5
1467.54	2400
1468.92	2416.5
1470.29	2385.5
1471.66	2392.5
1473.04	2346.5
1474.41	2394.5
1475.78	2314
1477.16	2336.5
1478.53	2390
1479.9	2364.5
1481.27	2340
1482.64	2347
1484.01	2370
1485.38	2350.5
1486.75	2377
1488.12	2353.5
1489.49	2368
1490.86	2348
1492.23	2347.5
1493.6	2319
1494.97	2348
1496.34	2385
1497.71	2387
1499.07	2370
1500.44	2372
1501.81	2331
1503.18	2366
1504.54	2387.5
1505.91	2324.5
1507.28	2391.5
1508.64	2351
1510.01	2358.5
1511.37	2350
1512.74	2358
1514.1	2344
1515.47	2314
1516.83	2390
1518.2	2384
1519.56	2339.5
1520.93	2370.5
1522.29	2361.5
1523.65	2365.5
1525.02	2388.5
1526.38	2352.5
1527.74	2369.5
1529.1	2357.5
1530.47	2339.5
1531.83	2397
1533.19	2370.5
1534.55	2373.5
1535.91	2332
1537.27	2284
1538.63	2300
1539.99	2369
1541.35	2323.5
1542.71	2319.5
1544.07	2353
1545.43	2383
1546.79	2416
1548.15	2417.5
1549.51	2354
1550.87	2350.5
1552.22	2377
1553.58	2384.5
1554.94	2392
1556.3	2349
1557.65	2413.5
1559.01	2368.5
1560.37	2390
1561.72	2415
1563.08	2400
1564.43	2398
1565.79	2410
1567.14	2421
1568.5	2388
1569.85	2412.5
1571.21	2414
1572.56	2365.5
1573.92	2394.5
1575.27	2395.5
1576.62	2421.5
1577.97	2404
1579.33	2452
1580.68	2419
1582.03	2426.5
1583.38	2483
1584.74	2445.5
1586.09	2434
1587.44	2413
1588.79	2478.5
1590.14	2441.5
1591.49	2395.5
1592.84	2435.5
1594.19	2462.5
1595.54	2448
1596.89	2472
1598.24	2467
1599.59	2431.5
1600.94	2502.5
1602.29	2478
1603.63	2508.5
1604.98	2458
1606.33	2462
1607.68	2436.5
1609.02	2463.5
1610.37	2446
1611.72	2442
1613.06	2456.5
1614.41	2456.5
1615.76	2459
1617.1	2417
1618.45	2350
1619.79	2427
1621.14	2386.5
1622.48	2435.5
1623.83	2369.5
1625.17	2384
1626.51	2431
1627.86	2404
1629.2	2426
1630.54	2364
1631.89	2364.5
1633.23	2373
1634.57	2426.5
1635.91	2401
1637.26	2372.5
1638.6	2414
1639.94	2356.5
1641.28	2383
1642.62	2354.5
1643.96	2346
1645.3	2376.5
1646.64	2396
1647.98	2377.5
1649.32	2411
1650.66	2342
1652	2355.5
1653.34	2366.5
1654.68	2334
1656.01	2354
1657.35	2376.5
1658.69	2309
1660.03	2353
1661.36	2372
1662.7	2355
1664.04	2366.5
1665.38	2362
1666.71	2359
1668.05	2383
1669.38	2366.5
1670.72	2342
1672.05	2370
1673.39	2388
1674.72	2350.5
1676.06	2346
1677.39	2352.5
1678.73	2336
1680.06	2312
1681.39	2334
1682.73	2342.5
1684.06	2329.5
1685.39	2354
1686.72	2305.5
1688.06	2329.5
1689.39	2304
1690.72	2315
1692.05	2313.5
1693.38	2357.5
1694.71	2322
1696.04	2333.5
1697.37	2289
1698.7	2345
1700.03	2342
1701.36	2324
1702.69	2279
1704.02	2364
1705.35	2358.5
1706.68	2306
1708.01	2356.5
1709.34	2344.5
1710.66	2302
1711.99	2325
1713.32	2361
1714.65	2336.5
1715.97	2356
1717.3	2339
1718.62	2364.5
1719.95	2360.5
1721.28	2284
1722.6	2376.5
1723.93	2390
1725.25	2351.5
1726.58	2374.5
1727.9	2375
1729.23	2356
1730.55	2322.5
1731.87	2372.5
1733.2	2350.5
1734.52	2317
1735.84	2351.5
1737.17	2329
1738.49	2350
1739.81	2295
1741.13	2277.5
1742.46	2320
1743.78	2319
1745.1	2324
1746.42	2344.5
1747.74	2276
1749.06	2315
1750.38	2279
1751.7	2325.5
1753.02	2325.5
1754.34	2282
1755.66	2324
1756.98	2285.5
1758.3	2268
1759.62	2281
1760.93	2292.5
1762.25	2269.5
1763.57	2310.5
1764.89	2291.5
1766.2	2320.5
1767.52	2289
1768.84	2296
1770.16	2334
1771.47	2292.5
1772.79	2261.5
1774.1	2273
1775.42	2281.5
1776.73	2281.5
1778.05	2264
1779.36	2288
1780.68	2293.5
1781.99	2295.5
1783.31	2298
1784.62	2299.5
1785.93	2295
1787.25	2336
1788.56	2280.5
1789.87	2257.5
1791.19	2312.5
1792.5	2304
1793.81	2256
1795.12	2270.5
1796.43	2252
1797.74	2294.5
1799.05	2277.5
1800.36	2287.5
1801.68	2257.5
1802.99	2281.5
1804.3	2263.5
1805.61	2323.5
1806.91	2313.5
1808.22	2314.5
1809.53	2249
1810.84	2245
1812.15	2310.5
1813.46	2268
1814.77	2195
1816.07	2323
1817.38	2242.5
1818.69	2287.5
1820	2275.5
1821.3	2246.5
1822.61	2259.5
1823.92	2318.5
1825.22	2245
1826.53	2243.5
1827.83	2281
1829.14	2268
1830.44	2332
1831.75	2311
1833.05	2268
1834.36	2224.5
1835.66	2235
1836.97	2299.5
1838.27	2283
1839.57	2198.5
1840.87	2278.5
1842.18	2223.5
1843.48	2265.5
1844.78	2261.5
1846.08	2239.5
1847.39	2264.5
1848.69	2240.5
1849.99	2275.5
1851.29	2208
1852.59	2279
1853.89	2231
1855.19	2251.5
1856.49	2245
1857.79	2285.5
1859.09	2275.5
1860.39	2222.5
1861.69	2233
1862.99	2246
1864.29	2272.5
1865.59	2247.5
1866.88	2242.5
1868.18	2231.5
1869.48	2246
1870.78	2234
1872.07	2266.5
1873.37	2231
1874.67	2187
1875.96	2196
1877.26	2219.5
1878.55	2255.5
1879.85	2216
1881.15	2204
1882.44	2237
1883.73	2262.5
1885.03	2242
1886.32	2234.5
1887.62	2266.5
1888.91	2238
1890.2	2248
1891.5	2234.5
1892.79	2252.5
1894.08	2262.5
1895.38	2241
1896.67	2231
1897.96	2226.5
1899.25	2220
1900.55	2198.5
1901.84	2188
1903.13	2200.5
1904.42	2194
1905.71	2218.5
1907	2249.5
1908.29	2225
1909.58	2215
1910.87	2258
1912.16	2266.5
1913.45	2270
1914.74	2214.5
1916.03	2233.5
1917.31	2240
1918.6	2244.5
1919.89	2251
1921.18	2187
1922.46	2261.5
1923.75	2241.5
1925.04	2201.5
1926.33	2251.5
1927.61	2231
1928.9	2215
1930.18	2275.5
1931.47	2228
1932.76	2209.5
1934.04	2245
1935.33	2200
1936.61	2212
1937.9	2220
1939.18	2234
1940.46	2176.5
1941.75	2232
