492.846	7779
494.401	6941.5
495.957	6373
497.512	5865.5
499.067	5479
500.622	5133
502.178	4796.5
503.732	4624.5
505.286	4371
506.84	4113
508.393	3917
509.946	3756
511.499	3665.5
513.052	3565
514.604	3626
516.156	3680.5
517.71	3731
519.262	3844
520.813	3927.5
522.364	3917.5
523.915	3879
525.463	3858.5
527.013	3583
528.563	3424
530.113	3205.5
531.662	2931
533.212	2765
534.76	2622
536.309	2620.5
537.858	2499.5
539.406	2423.5
540.953	2399.5
542.499	2316.5
544.046	2277.5
545.593	2265.5
547.14	2224
548.687	2188
550.231	2154
551.777	2142
553.323	2033.5
554.868	2060.5
556.412	2025.5
557.956	1922
559.501	1929.5
561.046	1875.5
562.588	1850.5
564.132	1790
565.675	1762
567.217	1786.5
568.76	1740
570.301	1723.5
571.843	1728
573.386	1744
574.926	1760.5
576.468	1716.5
578.007	1747.5
579.549	1771.5
581.088	1791.5
582.628	1793.5
584.167	1921.5
585.707	2042
587.245	2518.5
588.785	3744.5
590.322	5757.5
591.862	4593.5
593.399	2851
594.937	2188.5
596.474	1968
598.01	1873.5
599.548	1825
601.083	1746
602.621	1704
604.156	1706
605.691	1635.5
607.228	1624.5
608.762	1616
610.296	1603.5
611.83	1560
613.365	1553
614.899	1528.5
616.432	1526.5
617.965	1527
619.499	1480
621.031	1496
622.564	1492.5
624.095	1501.5
625.627	1458
627.158	1456.5
628.691	1445.5
630.222	1480
631.752	1432
633.283	1461
634.813	1440
636.342	1420
637.872	1419
639.401	1435
640.93	1443.5
642.458	1449.5
643.987	1448
645.515	1410.5
647.043	1458.5
648.571	1401.5
650.098	1447
651.625	1432
653.152	1432
654.679	1428
656.205	1406
657.731	1389
659.257	1382
660.781	1330
662.306	1331
663.831	1299
665.356	1283.5
666.88	1326
668.403	1279
669.927	1326.5
671.451	1343
672.974	1351
674.495	1365
676.018	1306
677.541	1355
679.064	1319
680.584	1375.5
682.106	1382.5
683.628	1377.5
685.147	1430.5
686.668	1466.5
688.187	1485
689.708	1580
691.229	1588
692.747	1730.5
694.267	1908.5
695.784	2206
697.304	2484
698.821	2696
700.34	2586
701.857	2254
703.375	1942
704.891	1723
706.409	1593.5
707.925	1502.5
709.442	1473.5
710.958	1434.5
712.472	1410
713.989	1373.5
715.504	1354.5
717.018	1354
718.534	1315.5
720.047	1309.5
721.561	1266.5
723.076	1301
724.589	1292.5
726.101	1285.5
727.614	1286.5
729.128	1286.5
730.64	1258
732.151	1281.5
733.663	1231
735.174	1273.5
736.687	1266
738.197	1297.5
739.708	1273.5
741.218	1256.5
742.727	1261
744.237	1273
745.746	1250.5
747.255	1275.5
748.764	1276.5
750.273	1304
751.781	1269.5
753.289	1277.5
754.797	1278
756.305	1243.5
757.812	1263
759.319	1269
760.826	1258
762.333	1252.5
763.839	1271.5
765.345	1264
766.851	1306.5
768.356	1323
769.862	1321
771.365	1364
772.869	1363.5
774.374	1382.5
775.878	1367.5
777.382	1383
778.884	1443.5
780.388	1462
781.891	1484.5
783.392	1511.5
784.895	1516.5
786.397	1576
787.898	1640
789.4	1753.5
790.902	1870
792.401	2062.5
793.903	2360.5
795.404	2728.5
796.902	3076
798.403	3191
799.901	3029
801.401	2908.5
802.899	2899.5
804.399	3187.5
805.896	3874.5
807.395	4853.5
808.892	5818
810.39	5788
811.887	4811.5
813.383	3828.5
814.881	3336
816.376	3428
817.873	2523.5
819.369	2060
820.863	1907.5
822.36	1776
823.854	1765
825.348	1646.5
826.842	1640
828.338	1540
829.831	1562.5
831.324	1543.5
832.817	1532
834.312	1511
835.804	1542
837.296	1521.5
838.788	1529.5
840.28	1481
841.771	1484
843.262	1480
844.753	1528
846.245	1513
847.736	1484.5
849.226	1470.5
850.716	1471.5
852.205	1474.5
853.695	1461
855.184	1465
856.673	1476
858.161	1469.5
859.648	1407
861.136	1431
862.624	1418.5
864.112	1407.5
865.599	1378
867.086	1394
868.573	1350.5
870.06	1366
871.544	1350.5
873.03	1404.5
874.516	1321.5
876.002	1376.5
877.485	1340
878.971	1359.5
880.455	1393.5
881.938	1394
883.423	1415
884.907	1399
886.389	1372.5
887.872	1393
889.356	1447
890.837	1418.5
892.32	1416.5
893.801	1379
895.283	1385
896.766	1413
898.246	1417.5
899.727	1400.5
901.207	1353
902.686	1351
904.167	1367
905.646	1311.5
907.127	1293.5
908.605	1328
910.085	1321.5
911.563	1313
913.04	1305
914.52	1340.5
915.997	1359
917.474	1357
918.952	1340
920.429	1360.5
921.905	1320.5
923.381	1339.5
924.856	1345.5
926.334	1333
927.809	1325.5
929.284	1292.5
930.758	1292.5
932.233	1287
933.707	1242
935.183	1205
936.656	1225.5
938.13	1238
939.603	1220
941.076	1222
942.549	1238.5
944.021	1182
945.493	1220.5
946.965	1263
948.437	1202
949.909	1205.5
951.38	1201.5
952.849	1207.5
954.32	1224.5
955.79	1212.5
957.261	1213.5
958.731	1215.5
960.2	1189
961.67	1212.5
963.137	1174
964.606	1176.5
966.075	1190
967.544	1158.5
969.01	1154
970.478	1129.5
971.946	1149
973.412	1147.5
974.879	1192
976.346	1143.5
977.811	1127.5
979.278	1125.5
980.743	1129.5
982.209	1162.5
983.675	1157
985.138	1122.5
986.604	1127.5
988.067	1123.5
989.532	1136.5
990.995	1111
992.458	1137.5
993.922	1123.5
995.384	1112
996.848	1127
998.309	1103.5
999.771	1110.5
1001.23	1098
1002.69	1111
1004.16	1101
1005.62	1092.5
1007.08	1111
1008.54	1129.5
1010	1106
1011.46	1119
1012.92	1089.5
1014.38	1098
1015.84	1128.5
1017.29	1112.5
1018.75	1143
1020.21	1136.5
1021.67	1149
1023.13	1122
1024.58	1149
1026.04	1151.5
1027.5	1161
1028.96	1151
1030.41	1183
1031.87	1201
1033.32	1232
1034.78	1518
1036.23	1858
1037.69	1361.5
1039.14	1253.5
1040.6	1244.5
1042.05	1250.5
1043.51	1222.5
1044.96	1257
1046.41	1215
1047.86	1282.5
1049.32	1243.5
1050.77	1245.5
1052.22	1218
1053.67	1242.5
1055.13	1238
1056.58	1241
1058.03	1304
1059.48	1323.5
1060.93	1441.5
1062.38	1592
1063.83	1700
1065.28	1928.5
1066.73	2077.5
1068.18	1968
1069.63	1832
1071.08	1849.5
1072.53	1793.5
1073.97	1810
1075.42	1755.5
1076.87	1832
1078.32	1970.5
1079.76	2329.5
1081.21	2865
1082.66	3386
1084.1	3233
1085.55	2601.5
1086.99	2087
1088.44	1789.5
1089.89	1581.5
1091.33	1463
1092.77	1369
1094.22	1342.5
1095.66	1313
1097.11	1281
1098.55	1242.5
1099.99	1179
1101.44	1239.5
1102.88	1219.5
1104.32	1166.5
1105.76	1191
1107.2	1180.5
1108.65	1163.5
1110.09	1172.5
1111.53	1181.5
1112.97	1162.5
1114.41	1144.5
1115.85	1134
1117.29	1166.5
1118.73	1157
1120.17	1165
1121.61	1149
1123.05	1135.5
1124.49	1149
1125.93	1159.5
1127.36	1109.5
1128.8	1158.5
1130.24	1178.5
1131.68	1157.5
1133.11	1159
1134.55	1184.5
1135.99	1181.5
1137.42	1188
1138.86	1209.5
1140.29	1224.5
1141.73	1257
1143.17	1280.5
1144.6	1292.5
1146.03	1291
1147.47	1322
1148.9	1376.5
1150.34	1432
1151.77	1560.5
1153.2	1683
1154.64	1890.5
1156.07	2225
1157.5	2556.5
1158.93	2985
1160.37	3258
1161.8	3145.5
1163.23	2848.5
1164.66	2412.5
1166.09	2025.5
1167.52	1778
1168.95	1570
1170.38	1433
1171.81	1360
1173.24	1326
1174.67	1251.5
1176.1	1265
1177.53	1237.5
1178.96	1208.5
1180.38	1176.5
1181.81	1150
1183.24	1158
1184.67	1127
1186.09	1166
1187.52	1144.5
1188.95	1172.5
1190.37	1110
1191.8	1183.5
1193.23	1146
1194.65	1148
1196.08	1153
1197.5	1137
1198.93	1131
1200.35	1133
1201.77	1142
1203.2	1172.5
1204.62	1135.5
1206.05	1120
1207.47	1153.5
1208.89	1158.5
1210.31	1163
1211.73	1124
1213.16	1162
1214.58	1189
1216	1152.5
1217.42	1172
1218.84	1200
1220.26	1192.5
1221.68	1238.5
1223.1	1252.5
1224.52	1255.5
1225.94	1279
1227.36	1345.5
1228.78	1360
1230.2	1386.5
1231.62	1437
1233.04	1424
1234.45	1375
1235.87	1370
1237.29	1348.5
1238.71	1317.5
1240.12	1325
1241.54	1283
1242.96	1265.5
1244.37	1247.5
1245.79	1236
1247.2	1274.5
1248.62	1234
1250.03	1276
1251.45	1239
1252.86	1214
1254.28	1192.5
1255.69	1220
1257.11	1249
1258.52	1184.5
1259.93	1254.5
1261.35	1263
1262.76	1242.5
1264.17	1320
1265.58	1631
1267	1458
1268.41	1263.5
1269.82	1229.5
1271.23	1231
1272.64	1252.5
1274.05	1249.5
1275.46	1246
1276.87	1245
1278.28	1267.5
1279.69	1261.5
1281.1	1298
1282.51	1350.5
1283.92	1692
1285.32	4511
1286.73	6692
1288.14	1875
1289.55	1320
1290.95	1310
1292.36	1232
1293.77	1237
1295.18	1251.5
1296.58	1218.5
1297.99	1214
1299.39	1200
1300.8	1216
1302.2	1182
1303.61	1174.5
1305.01	1188.5
1306.42	1174.5
1307.82	1166
1309.23	1198
1310.63	1186.5
1312.03	1194.5
1313.44	1170
1314.84	1145.5
1316.24	1137
1317.64	1178.5
1319.05	1146
1320.45	1134
1321.85	1145
1323.25	1153.5
1324.65	1156.5
1326.05	1126.5
1327.45	1129
1328.85	1137
1330.25	1127.5
1331.65	1159.5
1333.05	1126
1334.45	1167
1335.85	1162.5
1337.25	1140
1338.65	1160
1340.05	1146.5
1341.44	1177
1342.84	1156
1344.24	1140.5
1345.63	1119.5
1347.03	1160.5
1348.43	1167.5
1349.82	1174.5
1351.22	1174.5
1352.61	1142
1354.01	1161
1355.41	1149.5
1356.8	1176.5
1358.19	1172
1359.59	1154
1360.98	1161.5
1362.38	1154.5
1363.77	1181
1365.16	1184.5
1366.56	1240.5
1367.95	1173
1369.34	1194.5
1370.73	1340.5
1372.13	1242.5
1373.52	1233.5
1374.91	1203.5
1376.3	1200
1377.69	1235
1379.08	1222
1380.47	1263
1381.86	1300
1383.25	1341
1384.64	1380.5
1386.03	1540
1387.42	2878
1388.81	10509.5
1390.2	5492.5
1391.59	1478
1392.98	1303.5
1394.36	1260
1395.75	1258
1397.14	1228
1398.53	1208.5
1399.91	1194.5
1401.3	1208
1402.68	1225
1404.07	1243
1405.46	1218
1406.84	1246.5
1408.23	1310.5
1409.61	1682
1411	1812.5
1412.38	1271
1413.77	1203
1415.15	1226
1416.53	1180.5
1417.92	1174.5
1419.3	1218
1420.68	1198.5
1422.06	1220
1423.45	1171.5
1424.83	1215.5
1426.21	1231
1427.59	1224.5
1428.97	1197.5
1430.36	1199.5
1431.74	1216
1433.12	1172
1434.5	1224
1435.88	1233
1437.26	1202
1438.64	1176.5
1440.01	1186.5
1441.39	1202
1442.77	1202
1444.15	1203
1445.53	1201
1446.91	1137
1448.29	1184
1449.66	1188
1451.04	1156
1452.41	1195
1453.79	1161.5
1455.17	1169
1456.54	1181
1457.92	1177
1459.3	1166
1460.67	1184.5
1462.05	1155.5
1463.42	1219
1464.8	1162
1466.17	1143
1467.54	1124.5
1468.92	1151
1470.29	1094
1471.66	1108
1473.04	1128
1474.41	1143
1475.78	1110
1477.16	1128.5
1478.53	1130.5
1479.9	1135.5
1481.27	1112
1482.64	1127.5
1484.01	1129.5
1485.38	1119
1486.75	1125
1488.12	1109
1489.49	1142.5
1490.86	1132
1492.23	1119.5
1493.6	1135
1494.97	1131.5
1496.34	1160
1497.71	1181.5
1499.07	1130
1500.44	1099.5
1501.81	1157
1503.18	1150
1504.54	1174
1505.91	1136
1507.28	1146
1508.64	1106
1510.01	1107.5
1511.37	1143
1512.74	1121
1514.1	1131
1515.47	1127.5
1516.83	1128
1518.2	1117.5
1519.56	1150.5
1520.93	1109
1522.29	1132
1523.65	1110
1525.02	1116.5
1526.38	1153.5
1527.74	1172.5
1529.1	1166.5
1530.47	1192
1531.83	1184
1533.19	1198
1534.55	1220
1535.91	1228
1537.27	1245.5
1538.63	1211.5
1539.99	1215.5
1541.35	1177.5
1542.71	1192
1544.07	1201
1545.43	1169
1546.79	1160
1548.15	1203
1549.51	1172
1550.87	1129.5
1552.22	1182.5
1553.58	1180.5
1554.94	1164
1556.3	1156
1557.65	1172
1559.01	1171.5
1560.37	1152.5
1561.72	1144.5
1563.08	1163
1564.43	1197.5
1565.79	1164
1567.14	1205.5
1568.5	1231
1569.85	1188.5
1571.21	1195
1572.56	1212.5
1573.92	1223.5
1575.27	1242.5
1576.62	1265.5
1577.97	1223
1579.33	1282.5
1580.68	1250.5
1582.03	1250.5
1583.38	1265
1584.74	1253.5
1586.09	1235
1587.44	1249.5
1588.79	1281.5
1590.14	1247.5
1591.49	1267.5
1592.84	1266
1594.19	1255
1595.54	1264.5
1596.89	1281
1598.24	1317
1599.59	1320
1600.94	1354.5
1602.29	1377.5
1603.63	1361
1604.98	1316.5
1606.33	1259.5
1607.68	1264.5
1609.02	1283.5
1610.37	1285
1611.72	1270.5
1613.06	1271.5
1614.41	1275.5
1615.76	1284.5
1617.1	1234.5
1618.45	1249.5
1619.79	1240.5
1621.14	1221
1622.48	1279.5
1623.83	1250.5
1625.17	1244
1626.51	1259
1627.86	1240.5
1629.2	1283.5
1630.54	1228.5
1631.89	1275
1633.23	1253
1634.57	1230
1635.91	1254
1637.26	1212
1638.6	1250.5
1639.94	1199
1641.28	1210.5
1642.62	1269.5
1643.96	1209
1645.3	1220.5
1646.64	1263
1647.98	1254.5
1649.32	1175
1650.66	1230.5
1652	1235
1653.34	1244
1654.68	1240
1656.01	1232
1657.35	1216.5
1658.69	1233.5
1660.03	1228
1661.36	1213
1662.7	1218
1664.04	1203.5
1665.38	1257.5
1666.71	1213
1668.05	1197
1669.38	1214.5
1670.72	1184
1672.05	1215
1673.39	1221
1674.72	1215
1676.06	1221.5
1677.39	1202
1678.73	1213
1680.06	1201.5
1681.39	1183
1682.73	1188
1684.06	1185.5
1685.39	1202
1686.72	1184.5
1688.06	1160
1689.39	1170
1690.72	1165
1692.05	1174
1693.38	1182
1694.71	1179.5
1696.04	1209
1697.37	1152.5
1698.7	1184
1700.03	1183
1701.36	1168
1702.69	1178
1704.02	1197
1705.35	1208.5
1706.68	1169.5
1708.01	1203.5
1709.34	1206.5
1710.66	1215.5
1711.99	1171
1713.32	1212
1714.65	1208
1715.97	1179.5
1717.3	1228
1718.62	1195
1719.95	1252
1721.28	1216
1722.6	1241.5
1723.93	1222.5
1725.25	1273
1726.58	1251
1727.9	1195.5
1729.23	1216.5
1730.55	1206.5
1731.87	1211
1733.2	1211.5
1734.52	1204.5
1735.84	1220.5
1737.17	1208
1738.49	1227.5
1739.81	1183
1741.13	1224
1742.46	1195.5
1743.78	1209
1745.1	1179
1746.42	1207.5
1747.74	1190
1749.06	1188.5
1750.38	1165
1751.7	1160
1753.02	1128
1754.34	1125
1755.66	1139
1756.98	1171.5
1758.3	1146
1759.62	1156
1760.93	1122
1762.25	1185.5
1763.57	1148
1764.89	1159
1766.2	1161
1767.52	1146
1768.84	1134
1770.16	1211.5
1771.47	1137
1772.79	1199
1774.1	1125.5
1775.42	1127
1776.73	1164.5
1778.05	1135.5
1779.36	1163
1780.68	1170.5
1781.99	1120.5
1783.31	1135.5
1784.62	1130
1785.93	1165
1787.25	1136
1788.56	1145.5
1789.87	1171
1791.19	1186
1792.5	1145
1793.81	1145.5
1795.12	1174
1796.43	1170.5
1797.74	1168
1799.05	1142
1800.36	1136
1801.68	1173.5
1802.99	1158
1804.3	1151
1805.61	1153.5
1806.91	1164.5
1808.22	1157
1809.53	1163.5
1810.84	1156.5
1812.15	1170.5
1813.46	1140
1814.77	1129.5
1816.07	1124
1817.38	1155
1818.69	1179
1820	1165.5
1821.3	1155
1822.61	1139
1823.92	1182
1825.22	1107
1826.53	1133
1827.83	1166.5
1829.14	1152.5
1830.44	1137.5
1831.75	1152.5
1833.05	1162
1834.36	1165
1835.66	1146
1836.97	1145
1838.27	1158
1839.57	1148.5
1840.87	1168
1842.18	1153
1843.48	1125.5
1844.78	1151.5
1846.08	1149.5
1847.39	1142
1848.69	1157
1849.99	1158
1851.29	1143.5
1852.59	1140
1853.89	1154.5
1855.19	1156
1856.49	1156
1857.79	1129
1859.09	1155.5
1860.39	1147
1861.69	1160
1862.99	1147
1864.29	1148
1865.59	1161.5
1866.88	1152.5
1868.18	1145.5
1869.48	1142
1870.78	1171.5
1872.07	1147.5
1873.37	1171.5
1874.67	1150
1875.96	1058
1877.26	1167.5
1878.55	1124.5
1879.85	1189.5
1881.15	1148.5
1882.44	1164
1883.73	1139.5
1885.03	1106
1886.32	1160
1887.62	1153.5
1888.91	1157.5
1890.2	1141
1891.5	1139.5
1892.79	1149.5
1894.08	1163
1895.38	1160.5
1896.67	1144.5
1897.96	1151.5
1899.25	1145.5
1900.55	1155.5
1901.84	1163.5
1903.13	1140
1904.42	1129.5
1905.71	1161.5
1907	1122.5
1908.29	1140
1909.58	1160.5
1910.87	1169.5
1912.16	1157.5
1913.45	1159.5
1914.74	1158
1916.03	1124
1917.31	1141.5
1918.6	1182
1919.89	1177
1921.18	1143
1922.46	1172.5
1923.75	1165
1925.04	1135
1926.33	1187
1927.61	1142.5
1928.9	1164
1930.18	1153.5
1931.47	1174
1932.76	1133
1934.04	1162
1935.33	1172
1936.61	1142
1937.9	1171.5
1939.18	1180.5
1940.46	1186
1941.75	1144
