492.825	2681
494.381	2690
495.936	2675
497.494	2696.5
499.049	2661
500.603	2603
502.158	2678.5
503.712	2595
505.266	2592
506.819	2630
508.375	2637
509.928	2595.5
511.481	2627
513.034	2647
514.586	2619
516.138	2611
517.69	2586.5
519.241	2594
520.793	2585.5
522.344	2547.5
523.894	2583
525.445	2594
526.995	2503
528.545	2497
530.095	2527
531.644	2519
533.193	2473
534.74	2513.5
536.289	2552.5
537.837	2496.5
539.385	2467
540.933	2513
542.481	2488
544.028	2545
545.573	2468
547.12	2459.5
548.667	2443
550.213	2406
551.759	2442.5
553.303	2405.5
554.848	2361
556.393	2384
557.938	2345.5
559.481	2364
561.025	2301
562.57	2392.5
564.111	2375.5
565.655	2330
567.199	2372
568.74	2361
570.283	2393.5
571.823	2377
573.366	2409
574.908	2468.5
576.447	2448.5
577.989	2465
579.528	2472
581.069	2503.5
582.608	2539
584.149	2560
585.687	2560.5
587.227	2569
588.765	2591.5
590.304	2586
591.841	2477
593.38	2454.5
594.917	2421.5
596.453	2382
597.992	2323
599.528	2277
601.065	2244.5
602.601	2212
604.136	2234
605.673	2216
607.207	2178
608.742	2160.5
610.278	2133.5
611.812	2168.5
613.345	2165
614.879	2127.5
616.414	2062
617.946	2037.5
619.479	2043
621.011	2065
622.543	2026.5
624.077	2005
625.609	2007.5
627.14	1961
628.671	1953.5
630.202	1987
631.732	1986.5
633.262	1954
634.792	1959
636.322	1961
637.854	1922
639.383	1941
640.912	1980
642.44	1937.5
643.969	1929.5
645.497	1897
647.025	1916
648.552	1914
650.08	1958.5
651.605	1909
653.132	1930
654.659	1916
656.185	1914
657.711	1970
659.237	1910.5
660.762	1956
662.288	1889
663.811	1910
665.336	1916.5
666.86	1934.5
668.385	1951.5
669.909	1930
671.43	1952
672.954	1958.5
674.477	1937
676	1909
677.521	1907.5
679.044	1905.5
680.566	1891.5
682.086	1940
683.608	1895
685.129	1913.5
686.648	1923
688.169	1936
689.688	1911
691.209	1894
692.729	1942
694.247	1907.5
695.766	1926.5
697.284	1957
698.803	1907
700.32	1929
701.839	1922.5
703.355	1939.5
704.873	1907
706.389	1947.5
707.907	1903.5
709.422	1937
710.938	1907.5
712.455	1947
713.969	1939.5
715.486	1924
717	1917.5
718.514	1920
720.027	1943
721.543	1926
723.056	1894.5
724.569	1924
726.083	1908.5
727.596	1916.5
729.108	1957.5
730.62	1940
732.133	1865.5
733.645	1901.5
735.156	1944.5
736.667	1926.5
738.177	1918
739.688	1934
741.198	1926
742.71	1893.5
744.219	1964.5
745.728	1939.5
747.238	1901
748.746	1946.5
750.255	1934.5
751.763	1968
753.271	1972.5
754.779	1953.5
756.287	1973
757.794	1913.5
759.301	1956
760.808	1993.5
762.315	1962
763.819	1974
765.325	1971
766.831	1986
768.336	2035
769.842	2011
771.347	2044
772.852	2006
774.354	2030
775.859	2008
777.363	2002
778.866	2076.5
780.368	2002
781.871	2028
783.374	2041.5
784.877	2056
786.378	2064
787.88	2061.5
789.382	2081
790.882	2044.5
792.383	2066.5
793.883	2108
795.384	2127
796.885	2113
798.383	2127.5
799.883	2153
801.382	2165.5
802.881	2189
804.379	2238
805.878	2294
807.375	2374.5
808.874	2396
810.371	2471
811.867	2585.5
813.365	2788.5
814.861	2938
816.358	3264.5
817.854	3693.5
819.349	4207
820.846	4877
822.34	5301
823.835	5454.5
825.331	5018
826.824	4574
828.318	4108.5
829.811	3822
831.306	3462
832.799	3254
834.292	3176.5
835.784	3093
837.276	3055
838.768	3069
840.262	3127
841.753	3162.5
843.244	3207
844.735	3323
846.226	3567
847.716	3840
849.206	4212
850.696	4711
852.186	5204
853.675	5694
855.164	5805.5
856.653	5719
858.142	5301.5
859.63	4768.5
861.118	4328.5
862.606	3922
864.094	3546.5
865.579	3321
867.066	3107
868.553	2971.5
870.04	2768
871.526	2725.5
873.013	2611.5
874.497	2559
875.982	2575.5
877.468	2620
878.953	2646.5
880.436	2715.5
881.921	2711
883.405	2629
884.887	2609.5
886.371	2408
887.855	2336.5
889.336	2280.5
890.82	2276.5
892.301	2234.5
893.783	2169
895.264	2187
896.746	2169
898.226	2140.5
899.708	2120
901.187	2113
902.669	2136
904.148	2161
905.629	2194
907.107	2181.5
908.587	2217.5
910.065	2289.5
911.543	2271.5
913.023	2387.5
914.5	2452
915.977	2655
917.456	2743.5
918.933	2801
920.409	2671
921.885	2509
923.363	2396.5
924.839	2259
926.314	2236
927.789	2216.5
929.264	2138.5
930.741	2160
932.215	2199
933.689	2209.5
935.163	2148
936.637	2177.5
938.11	2210
939.584	2138
941.057	2211
942.529	2260.5
944.002	2231.5
945.474	2270
946.946	2317
948.418	2292.5
949.889	2336
951.36	2391
952.831	2458
954.302	2472
955.773	2586
957.243	2538.5
958.711	2556
960.181	2493
961.651	2506.5
963.12	2471.5
964.589	2403.5
966.056	2338.5
967.524	2290.5
968.993	2186.5
970.459	2199
971.927	2153
973.395	2120.5
974.86	2123
976.327	2099
977.794	2046.5
979.259	2030.5
980.725	2030
982.189	2023
983.655	2029
985.119	2000.5
986.585	1985
988.048	2006
989.513	1997.5
990.976	1971
992.44	1897
993.902	1961.5
995.366	1929
996.828	1981
998.29	1946
999.753	1881
1001.21	1904
1002.68	1881
1004.14	1930
1005.6	1862.5
1007.06	1840
1008.52	1898
1009.98	1877.5
1011.44	1868
1012.9	1836
1014.36	1841.5
1015.82	1785.5
1017.28	1801
1018.73	1805.5
1020.19	1786
1021.65	1790.5
1023.11	1811
1024.57	1737
1026.02	1785
1027.48	1756
1028.94	1706
1030.39	1778
1031.85	1716.5
1033.3	1709
1034.76	1745
1036.22	1713
1037.67	1720
1039.13	1650
1040.58	1663
1042.03	1645.5
1043.49	1631
1044.94	1628
1046.39	1644.5
1047.85	1614
1049.3	1575
1050.75	1583.5
1052.2	1575
1053.66	1523
1055.11	1540
1056.56	1546
1058.01	1490
1059.46	1513.5
1060.91	1483.5
1062.36	1500.5
1063.81	1441.5
1065.26	1471
1066.71	1484
1068.16	1448.5
1069.61	1415
1071.06	1408
1072.51	1395
1073.95	1406
1075.4	1393
1076.85	1392.5
1078.3	1381.5
1079.74	1353
1081.19	1370
1082.64	1349
1084.08	1359
1085.53	1352
1086.98	1325
1088.42	1327
1089.87	1321
1091.31	1322
1092.76	1291
1094.2	1281.5
1095.64	1252
1097.09	1251
1098.53	1271
1099.97	1253.5
1101.42	1221.5
1102.86	1252
1104.3	1226
1105.75	1190.5
1107.19	1187.5
1108.63	1197.5
1110.07	1192.5
1111.51	1195.5
1112.95	1167
1114.39	1187
1115.83	1203
1117.27	1141
1118.71	1175.5
1120.15	1157
1121.59	1152
1123.03	1180
1124.47	1179.5
1125.91	1147
1127.35	1132
1128.78	1115.5
1130.22	1112
1131.66	1081
1133.1	1142
1134.53	1102
1135.97	1132
1137.4	1105.5
1138.84	1103.5
1140.28	1094
1141.71	1077
1143.15	1088.5
1144.58	1052
1146.02	1081
1147.45	1082
1148.88	1057.5
1150.32	1061.5
1151.75	1046.5
1153.18	1035
1154.62	1047
1156.05	1044.5
1157.48	1046
1158.92	1066
1160.35	1047
1161.78	1063
1163.21	1005.5
1164.64	1033.5
1166.07	1020.5
1167.5	997.5
1168.93	979.5
1170.36	1028
1171.79	1011.5
1173.22	997
1174.65	1015
1176.08	987
1177.51	971.5
1178.94	986.5
1180.37	1006
1181.79	979.5
1183.22	954.5
1184.65	954
1186.08	960
1187.5	933
1188.93	958.5
1190.35	968
1191.78	1036
1193.21	940.5
1194.63	953.5
1196.06	964
1197.48	943
1198.91	960
1200.33	944.5
1201.76	937.5
1203.18	962
1204.6	949
1206.03	936.5
1207.45	916
1208.87	904
1210.29	923
1211.72	935.5
1213.14	882.5
1214.56	912
1215.98	916.5
1217.4	918
1218.82	910
1220.25	917.5
1221.66	914
1223.09	920.5
1224.5	925
1225.93	936.5
1227.34	908
1228.76	935.5
1230.18	920.5
1231.6	916
1233.02	886
1234.44	895.5
1235.85	915
1237.27	929
1238.69	896.5
1240.11	893.5
1241.52	886.5
1242.94	906.5
1244.35	923.5
1245.77	896.5
1247.19	878.5
1248.6	910.5
1250.02	883
1251.43	900.5
1252.85	866
1254.26	865
1255.67	896.5
1257.09	900.5
1258.5	873
1259.92	896.5
1261.33	882
1262.74	863
1264.15	886.5
1265.56	904
1266.98	910
1268.39	911
1269.8	857
1271.21	828
1272.62	872.5
1274.03	885.5
1275.44	869
1276.85	849
1278.26	905.5
1279.67	900
1281.08	851
1282.49	881
1283.9	856.5
1285.31	941
1286.71	1173
1288.12	932.5
1289.53	865.5
1290.94	847
1292.34	859.5
1293.75	846.5
1295.16	851
1296.56	884
1297.97	862
1299.38	901.5
1300.78	856.5
1302.19	868.5
1303.59	887.5
1305	836.5
1306.4	879
1307.8	852.5
1309.21	853
1310.61	866.5
1312.01	851
1313.42	858.5
1314.82	849.5
1316.22	854
1317.63	867
1319.03	867
1320.43	848
1321.83	819
1323.23	897
1324.63	875.5
1326.03	853.5
1327.44	850.5
1328.84	863
1330.24	849
1331.63	861
1333.03	869
1334.43	879
1335.83	858.5
1337.23	880.5
1338.63	861.5
1340.03	866
1341.42	851
1342.82	838
1344.22	866.5
1345.62	867
1347.01	863
1348.41	849
1349.81	872.5
1351.2	867
1352.6	867.5
1353.99	831
1355.39	866.5
1356.78	824.5
1358.18	830
1359.57	849
1360.97	845.5
1362.36	885
1363.75	864.5
1365.15	849.5
1366.54	869
1367.93	883
1369.33	860
1370.72	848
1372.11	880.5
1373.5	834
1374.89	842
1376.28	858.5
1377.68	861
1379.07	843
1380.46	823
1381.85	855
1383.24	873
1384.63	860
1386.02	865
1387.4	902
1388.79	1308.5
1390.18	1069
1391.57	858
1392.96	882.5
1394.35	870
1395.73	852
1397.12	845
1398.51	851.5
1399.89	856
1401.28	876.5
1402.67	862
1404.05	846
1405.44	854
1406.83	835
1408.21	884
1409.59	929
1410.98	931
1412.36	849.5
1413.75	849
1415.13	875
1416.52	863
1417.9	858.5
1419.28	835
1420.67	840.5
1422.05	839
1423.43	853
1424.81	864.5
1426.19	864
1427.58	830
1428.96	840
1430.34	849.5
1431.72	848
1433.1	871
1434.48	861
1435.86	855
1437.24	836.5
1438.62	838
1440	887
1441.38	867
1442.76	836
1444.13	839
1445.51	861.5
1446.89	852.5
1448.27	858.5
1449.64	838
1451.02	848.5
1452.4	835
1453.78	852.5
1455.15	820.5
1456.53	835.5
1457.9	837
1459.28	837
1460.65	870.5
1462.03	842.5
1463.4	865
1464.78	835.5
1466.15	862
1467.53	851.5
1468.9	859
1470.27	847
1471.65	842
1473.02	832
1474.39	841
1475.76	840.5
1477.14	812.5
1478.51	820.5
1479.88	821
1481.25	821
1482.62	815.5
1483.99	819
1485.36	837
1486.73	812
1488.1	800
1489.47	820
1490.84	833.5
1492.21	822
1493.58	832.5
1494.95	838
1496.32	837
1497.69	827.5
1499.06	849.5
1500.42	832
1501.79	841
1503.16	850.5
1504.53	814
1505.89	823
1507.26	828
1508.63	831.5
1509.99	826
1511.36	842.5
1512.72	845
1514.09	811
1515.45	852
1516.82	840.5
1518.18	824.5
1519.55	844.5
1520.91	833.5
1522.27	844
1523.64	831.5
1525	826
1526.36	837.5
1527.72	858
1529.09	842
1530.45	817.5
1531.81	852.5
1533.17	832.5
1534.53	848.5
1535.89	809
1537.25	818
1538.62	812.5
1539.98	813
1541.34	816
1542.7	827
1544.05	822.5
1545.41	857
1546.77	823
1548.13	853.5
1549.49	823.5
1550.85	830
1552.21	815.5
1553.56	824
1554.92	827.5
1556.28	839
1557.64	828
1558.99	835.5
1560.35	809.5
1561.7	848.5
1563.06	810
1564.42	831.5
1565.77	819
1567.13	844
1568.48	823.5
1569.84	847.5
1571.19	804.5
1572.55	823.5
1573.9	837.5
1575.25	850.5
1576.6	863
1577.96	834.5
1579.31	824.5
1580.66	818
1582.02	840
1583.37	808.5
1584.72	783
1586.07	810
1587.42	811.5
1588.77	887
1590.12	823
1591.47	843
1592.83	846.5
1594.17	839.5
1595.53	821.5
1596.87	834.5
1598.22	822
1599.57	823
1600.92	823
1602.27	851.5
1603.62	816
1604.96	818
1606.31	840
1607.66	835.5
1609.01	843
1610.35	824
1611.7	826
1613.05	806.5
1614.39	832
1615.74	841.5
1617.09	823
1618.43	852.5
1619.78	790.5
1621.12	844.5
1622.47	796.5
1623.81	810.5
1625.15	798.5
1626.5	851
1627.84	843
1629.18	816
1630.53	825.5
1631.87	810
1633.21	825
1634.55	812
1635.9	807
1637.24	810
1638.58	797
1639.92	782
1641.26	816.5
1642.6	819
1643.94	812
1645.28	789.5
1646.62	820.5
1647.96	809
1649.3	810
1650.64	809.5
1651.98	796
1653.32	802.5
1654.66	824.5
1656	817.5
1657.34	852.5
1658.67	799.5
1660.01	827.5
1661.35	797.5
1662.68	804
1664.02	805
1665.36	810.5
1666.69	831
1668.03	798.5
1669.37	816.5
1670.7	833
1672.04	824
1673.37	820
1674.71	765.5
1676.04	782.5
1677.38	814
1678.71	806.5
1680.04	776
1681.38	801
1682.71	807
1684.04	815
1685.37	833.5
1686.71	835
1688.04	797
1689.37	798
1690.7	784.5
1692.03	810
1693.37	803.5
1694.69	772
1696.03	819
1697.36	818
1698.69	800
1700.02	807.5
1701.35	797
1702.67	774
1704.01	837
1705.33	834
1706.66	803.5
1707.99	828.5
1709.32	803
1710.65	784.5
1711.97	826
1713.3	827
1714.63	819
1715.95	820.5
1717.28	795
1718.61	803
1719.93	794
1721.26	816.5
1722.59	809.5
1723.91	838
1725.24	838.5
1726.56	815
1727.89	787.5
1729.21	788.5
1730.53	780
1731.86	808.5
1733.18	830.5
1734.5	790.5
1735.83	783.5
1737.15	811
1738.47	797
1739.79	785
1741.12	796
1742.44	786.5
1743.76	835
1745.08	787
1746.4	791.5
1747.72	786.5
1749.04	820.5
1750.36	809.5
1751.68	796
1753	779.5
1754.32	788
1755.64	788
1756.96	786
1758.28	787.5
1759.6	803
1760.92	779
1762.23	795
1763.55	816.5
1764.87	792.5
1766.19	802
1767.5	788
1768.82	806.5
1770.14	813
1771.45	798
1772.77	820
1774.09	799
1775.4	807.5
1776.72	789.5
1778.03	801.5
1779.35	818.5
1780.66	792
1781.98	800
1783.29	817
1784.6	809
1785.92	827.5
1787.23	810.5
1788.54	809.5
1789.85	773
1791.17	798.5
1792.48	804.5
1793.79	810.5
1795.1	791.5
1796.41	816.5
1797.73	779
1799.04	793
1800.35	802
1801.66	783
1802.97	801
1804.28	793
1805.59	829.5
1806.9	787
1808.21	776.5
1809.52	804
1810.83	785.5
1812.13	825
1813.44	792.5
1814.75	778
1816.06	829
1817.37	816.5
1818.67	796
1819.98	793
1821.29	793.5
1822.59	791
1823.9	817
1825.21	802
1826.51	781
1827.82	821
1829.12	797.5
1830.43	781.5
1831.73	787
1833.04	776
1834.34	789.5
1835.65	798.5
1836.95	763.5
1838.25	780
1839.56	803.5
1840.86	805
1842.16	779.5
1843.46	788
1844.77	791
1846.07	833.5
1847.37	795
1848.67	790.5
1849.97	791
1851.27	787
1852.57	765
1853.87	832.5
1855.18	787
1856.48	807
1857.77	751
1859.07	793.5
1860.37	791
1861.67	800
1862.97	794.5
1864.27	773
1865.57	795.5
1866.87	764
1868.16	769
1869.46	774.5
1870.76	775
1872.06	789
1873.35	762.5
1874.65	789
1875.95	747.5
1877.24	756.5
1878.54	791
1879.83	784.5
1881.13	766.5
1882.42	790.5
1883.72	793
1885.01	779.5
1886.31	785.5
1887.6	758.5
1888.89	782.5
1890.19	748
1891.48	785
1892.78	780
1894.07	784.5
1895.36	799
1896.65	821
1897.95	800.5
1899.24	775
1900.53	767.5
1901.82	798.5
1903.11	773
1904.4	775
1905.69	775.5
1906.98	792.5
1908.27	772.5
1909.56	790.5
1910.85	820.5
1912.14	799
1913.43	773
1914.72	793
1916.01	781
1917.3	752
1918.59	798.5
1919.87	773
1921.16	748
1922.45	781
1923.74	789.5
1925.02	778.5
1926.31	799
1927.6	790
1928.88	789
1930.17	783
1931.45	792
1932.74	787
1934.03	776.5
1935.31	795
1936.59	779
1937.88	769.5
1939.16	800
1940.45	775.5
1941.73	806
