492.846	3758
494.401	3801.5
495.957	3839
497.512	3787
499.067	3774.5
500.622	3776.5
502.178	3825
503.732	3833
505.286	3830
506.84	3813.5
508.393	3749
509.946	3750
511.499	3733
513.052	3688.5
514.604	3637
516.156	3655.5
517.71	3681
519.262	3670
520.813	3658
522.364	3636
523.915	3624
525.463	3637.5
527.013	3597.5
528.563	3633
530.113	3579
531.662	3583.5
533.212	3625
534.76	3565.5
536.309	3535
537.858	3493.5
539.406	3502.5
540.953	3558.5
542.499	3537.5
544.046	3528
545.593	3525
547.14	3487.5
548.687	3478.5
550.231	3474
551.777	3367.5
553.323	3365
554.868	3348.5
556.412	3391.5
557.956	3353.5
559.501	3299
561.046	3301
562.588	3338
564.132	3345
565.675	3317
567.217	3383.5
568.76	3304.5
570.301	3336
571.843	3416
573.386	3422.5
574.926	3487.5
576.468	3500
578.007	3538.5
579.549	3642.5
581.088	3719.5
582.628	3788
584.167	3858.5
585.707	4020
587.245	4012
588.785	4029.5
590.322	4000.5
591.862	3939.5
593.399	3789
594.937	3743.5
596.474	3626
598.01	3561.5
599.548	3538.5
601.083	3490
602.621	3502
604.156	3613.5
605.691	3575.5
607.228	3577
608.762	3557
610.296	3505
611.83	3439.5
613.365	3393.5
614.899	3330.5
616.432	3165.5
617.965	3120
619.499	3022.5
621.031	3023
622.564	3009.5
624.095	2952
625.627	2976.5
627.158	2971.5
628.691	2908
630.222	2880
631.752	2827
633.283	2831.5
634.813	2850
636.342	2841
637.872	2805
639.401	2756.5
640.93	2778
642.458	2752
643.987	2776
645.515	2729
647.043	2777
648.571	2695
650.098	2741.5
651.625	2718
653.152	2741.5
654.679	2754
656.205	2737
657.731	2674.5
659.257	2682
660.781	2747
662.306	2662.5
663.831	2740.5
665.356	2717.5
666.88	2731
668.403	2714
669.927	2727
671.451	2717
672.974	2724.5
674.495	2739
676.018	2773
677.541	2759.5
679.064	2729
680.584	2722.5
682.106	2696
683.628	2701
685.147	2669
686.668	2656.5
688.187	2681
689.708	2740.5
691.229	2715.5
692.747	2722
694.267	2683.5
695.784	2659
697.304	2674.5
698.821	2670
700.34	2712.5
701.857	2658
703.375	2692
704.891	2661.5
706.409	2689
707.925	2669.5
709.442	2716.5
710.958	2669.5
712.472	2704
713.989	2678.5
715.504	2662
717.018	2674
718.534	2680.5
720.047	2655.5
721.561	2640
723.076	2676.5
724.589	2670
726.101	2736.5
727.614	2651.5
729.128	2677
730.64	2663.5
732.151	2723
733.663	2713.5
735.174	2636.5
736.687	2681.5
738.197	2695.5
739.708	2739
741.218	2728.5
742.727	2741.5
744.237	2721
745.746	2718.5
747.255	2745
748.764	2657
750.273	2686
751.781	2711.5
753.289	2768
754.797	2781
756.305	2751.5
757.812	2762
759.319	2776
760.826	2788.5
762.333	2785
763.839	2813.5
765.345	2793
766.851	2872
768.356	2806
769.862	2913.5
771.365	2855
772.869	2843
774.374	2857.5
775.878	2919
777.382	2881
778.884	2888.5
780.388	2890
781.891	2901.5
783.392	2933.5
784.895	2961.5
786.397	2986
787.898	2973
789.4	3004
790.902	2990.5
792.401	3062.5
793.903	3043
795.404	3068.5
796.902	3142.5
798.403	3090
799.901	3179
801.401	3238
802.899	3279
804.399	3333
805.896	3445.5
807.395	3570.5
808.892	3623
810.39	3829
811.887	4005.5
813.383	4343.5
814.881	4743
816.376	5228.5
817.873	6043
819.369	7164
820.863	8542
822.36	10039
823.854	11192
825.348	11109.5
826.842	10048.5
828.338	8694.5
829.831	7611.5
831.324	6721
832.817	6099
834.312	5848
835.804	5545.5
837.296	5501.5
838.788	5435.5
840.28	5423.5
841.771	5621
843.262	5803.5
844.753	6179.5
846.245	6634.5
847.736	7448
849.226	8521.5
850.716	9949
852.205	11943.5
853.695	13856
855.184	15547.5
856.673	15991
858.161	15038
859.648	13226.5
861.136	11239.5
862.624	9558.5
864.112	8140
865.599	7157.5
867.086	6304
868.573	5770
870.06	5377.5
871.544	4909.5
873.03	4717
874.516	4579
876.002	4470.5
877.485	4605
878.971	4679
880.455	4933
881.938	5173.5
883.423	5116
884.907	4858
886.389	4381
887.872	4029
889.356	3747.5
890.837	3543.5
892.32	3381
893.801	3329
895.283	3282.5
896.766	3209.5
898.246	3166.5
899.727	3157.5
901.207	3131
902.686	3168
904.167	3130
905.646	3136.5
907.127	3128.5
908.605	3220.5
910.085	3196.5
911.563	3161
913.04	3289.5
914.52	3460
915.997	3626
917.474	3951.5
918.952	4218
920.429	4192
921.905	3895.5
923.381	3627
924.856	3344.5
926.334	3249.5
927.809	3154
929.284	3112
930.758	3066.5
932.233	3092.5
933.707	3075.5
935.183	3014.5
936.656	3101.5
938.13	3107.5
939.603	3062
941.076	3141
942.549	3262
944.021	3202.5
945.493	3271
946.965	3299.5
948.437	3400
949.909	3519
951.38	3619
952.849	3733
954.32	3956
955.79	4041
957.261	4186
958.731	4283
960.2	4360.5
961.67	4346.5
963.137	4271
964.606	4134.5
966.075	3992.5
967.544	3791
969.01	3654.5
970.478	3488
971.946	3381
973.412	3267.5
974.879	3176
976.346	3057
977.811	3040
979.278	2984.5
980.743	2898
982.209	2927
983.675	2863
985.138	2809
986.604	2828
988.067	2800.5
989.532	2767
990.995	2806.5
992.458	2780
993.922	2759
995.384	2736
996.848	2714.5
998.309	2695
999.771	2697
1001.23	2740
1002.69	2660.5
1004.16	2684.5
1005.62	2695
1007.08	2700
1008.54	2708.5
1010	2770
1011.46	2795
1012.92	2847.5
1014.38	2929.5
1015.84	2994.5
1017.29	2970
1018.75	2808.5
1020.21	2766
1021.67	2636
1023.13	2599.5
1024.58	2547.5
1026.04	2555
1027.5	2506.5
1028.96	2469
1030.41	2451.5
1031.87	2464
1033.32	2429.5
1034.78	2440.5
1036.23	2370
1037.69	2414.5
1039.14	2389
1040.6	2356.5
1042.05	2374.5
1043.51	2324.5
1044.96	2304.5
1046.41	2315
1047.86	2291
1049.32	2271.5
1050.77	2283
1052.22	2287.5
1053.67	2204
1055.13	2244.5
1056.58	2164.5
1058.03	2184
1059.48	2111.5
1060.93	2111
1062.38	2076.5
1063.83	2082
1065.28	2058
1066.73	2085.5
1068.18	2030
1069.63	2025
1071.08	2035
1072.53	2016
1073.97	2020.5
1075.42	2007
1076.87	1983
1078.32	1961.5
1079.76	1959.5
1081.21	1953
1082.66	1950.5
1084.1	1925.5
1085.55	1960
1086.99	1893
1088.44	1917
1089.89	1910.5
1091.33	1901.5
1092.77	1851.5
1094.22	1858
1095.66	1833
1097.11	1837
1098.55	1790
1099.99	1803
1101.44	1815
1102.88	1804
1104.32	1754
1105.76	1746
1107.2	1804.5
1108.65	1748.5
1110.09	1729
1111.53	1737.5
1112.97	1759
1114.41	1722.5
1115.85	1746
1117.29	1747.5
1118.73	1737.5
1120.17	1712.5
1121.61	1713
1123.05	1768
1124.49	1773.5
1125.93	1793.5
1127.36	1760.5
1128.8	1698
1130.24	1745.5
1131.68	1675
1133.11	1645
1134.55	1600
1135.99	1590
1137.42	1581.5
1138.86	1630
1140.29	1596.5
1141.73	1592.5
1143.17	1537.5
1144.6	1537
1146.03	1570
1147.47	1547.5
1148.9	1548
1150.34	1497.5
1151.77	1535.5
1153.2	1556
1154.64	1567.5
1156.07	1556
1157.5	1531.5
1158.93	1548.5
1160.37	1490.5
1161.8	1479.5
1163.23	1509
1164.66	1477
1166.09	1481
1167.52	1522
1168.95	1522
1170.38	1448.5
1171.81	1449
1173.24	1455.5
1174.67	1465
1176.1	1465
1177.53	1436
1178.96	1398
1180.38	1380
1181.81	1384
1183.24	1431
1184.67	1358
1186.09	1396
1187.52	1406.5
1188.95	1410.5
1190.37	1389
1191.8	1454.5
1193.23	1378
1194.65	1360.5
1196.08	1386.5
1197.5	1335
1198.93	1348
1200.35	1341.5
1201.77	1403.5
1203.2	1348
1204.62	1330.5
1206.05	1349
1207.47	1359.5
1208.89	1324
1210.31	1348.5
1211.73	1333
1213.16	1311.5
1214.58	1294
1216	1320.5
1217.42	1318
1218.84	1345
1220.26	1305.5
1221.68	1336.5
1223.1	1273.5
1224.52	1311.5
1225.94	1347
1227.36	1317
1228.78	1321.5
1230.2	1294.5
1231.62	1338.5
1233.04	1290.5
1234.45	1321
1235.87	1301
1237.29	1333
1238.71	1311
1240.12	1332.5
1241.54	1316
1242.96	1278.5
1244.37	1264
1245.79	1281
1247.2	1258.5
1248.62	1264.5
1250.03	1316
1251.45	1305
1252.86	1290
1254.28	1268
1255.69	1261.5
1257.11	1268.5
1258.52	1252.5
1259.93	1277.5
1261.35	1272
1262.76	1255
1264.17	1268.5
1265.58	1442.5
1267	1515
1268.41	1292
1269.82	1239.5
1271.23	1243
1272.64	1261
1274.05	1261
1275.46	1249.5
1276.87	1250.5
1278.28	1193
1279.69	1171
1281.1	1231.5
1282.51	1247
1283.92	1279
1285.32	1811
1286.73	3644
1288.14	1842
1289.55	1248.5
1290.95	1224.5
1292.36	1237
1293.77	1195.5
1295.18	1247.5
1296.58	1234
1297.99	1211
1299.39	1189.5
1300.8	1220
1302.2	1215
1303.61	1180
1305.01	1232.5
1306.42	1235
1307.82	1205
1309.23	1233.5
1310.63	1205.5
1312.03	1186.5
1313.44	1225.5
1314.84	1210.5
1316.24	1212.5
1317.64	1238.5
1319.05	1223
1320.45	1207.5
1321.85	1225
1323.25	1226
1324.65	1201.5
1326.05	1224.5
1327.45	1199
1328.85	1208
1330.25	1208
1331.65	1182.5
1333.05	1200.5
1334.45	1197.5
1335.85	1203.5
1337.25	1247
1338.65	1218
1340.05	1209.5
1341.44	1230.5
1342.84	1227
1344.24	1201
1345.63	1230.5
1347.03	1213
1348.43	1229.5
1349.82	1205
1351.22	1191
1352.61	1242.5
1354.01	1188
1355.41	1226.5
1356.8	1201
1358.19	1185
1359.59	1226
1360.98	1224
1362.38	1198.5
1363.77	1231.5
1365.16	1212
1366.56	1186.5
1367.95	1199
1369.34	1200
1370.73	1232
1372.13	1215.5
1373.52	1193
1374.91	1183.5
1376.3	1200.5
1377.69	1214.5
1379.08	1186
1380.47	1193
1381.86	1146
1383.25	1190
1384.64	1223
1386.03	1249.5
1387.42	1509
1388.81	3997.5
1390.2	3646
1391.59	1273
1392.98	1233.5
1394.36	1174
1395.75	1175.5
1397.14	1188
1398.53	1178
1399.91	1200
1401.3	1218
1402.68	1160.5
1404.07	1201
1405.46	1173
1406.84	1191
1408.23	1229
1409.61	1433.5
1411	1733
1412.38	1264
1413.77	1181.5
1415.15	1177
1416.53	1201
1417.92	1214.5
1419.3	1218.5
1420.68	1169.5
1422.06	1182.5
1423.45	1162
1424.83	1149
1426.21	1250
1427.59	1230
1428.97	1181.5
1430.36	1213.5
1431.74	1196.5
1433.12	1158
1434.5	1191.5
1435.88	1183
1437.26	1183
1438.64	1184
1440.01	1168
1441.39	1174.5
1442.77	1161
1444.15	1171.5
1445.53	1162
1446.91	1136
1448.29	1144.5
1449.66	1176.5
1451.04	1154.5
1452.41	1153.5
1453.79	1197.5
1455.17	1192.5
1456.54	1162
1457.92	1135.5
1459.3	1143
1460.67	1149.5
1462.05	1133
1463.42	1149
1464.8	1108.5
1466.17	1145
1467.54	1159.5
1468.92	1169.5
1470.29	1163
1471.66	1154
1473.04	1141.5
1474.41	1171
1475.78	1138
1477.16	1125.5
1478.53	1094.5
1479.9	1128.5
1481.27	1141.5
1482.64	1125.5
1484.01	1101
1485.38	1112
1486.75	1106
1488.12	1109.5
1489.49	1100
1490.86	1116
1492.23	1098.5
1493.6	1117.5
1494.97	1156.5
1496.34	1137.5
1497.71	1159.5
1499.07	1158
1500.44	1096.5
1501.81	1141.5
1503.18	1162
1504.54	1094.5
1505.91	1122
1507.28	1134
1508.64	1146
1510.01	1132
1511.37	1125.5
1512.74	1158
1514.1	1114.5
1515.47	1097
1516.83	1105.5
1518.2	1094
1519.56	1126
1520.93	1122.5
1522.29	1126.5
1523.65	1123
1525.02	1134.5
1526.38	1133.5
1527.74	1114.5
1529.1	1117
1530.47	1115
1531.83	1125.5
1533.19	1120.5
1534.55	1114.5
1535.91	1079.5
1537.27	1113
1538.63	1089.5
1539.99	1151
1541.35	1125
1542.71	1153.5
1544.07	1167
1545.43	1079.5
1546.79	1092
1548.15	1084
1549.51	1140.5
1550.87	1092
1552.22	1135
1553.58	1134.5
1554.94	1121.5
1556.3	1113
1557.65	1137
1559.01	1120.5
1560.37	1135.5
1561.72	1097.5
1563.08	1123
1564.43	1063.5
1565.79	1078.5
1567.14	1115
1568.5	1117.5
1569.85	1102
1571.21	1086.5
1572.56	1128
1573.92	1072.5
1575.27	1101
1576.62	1091
1577.97	1103.5
1579.33	1121
1580.68	1085
1582.03	1094
1583.38	1123
1584.74	1106.5
1586.09	1092
1587.44	1115
1588.79	1175
1590.14	1055
1591.49	1074
1592.84	1126
1594.19	1104
1595.54	1137
1596.89	1140.5
1598.24	1124.5
1599.59	1104.5
1600.94	1084.5
1602.29	1111.5
1603.63	1124.5
1604.98	1107
1606.33	1117
1607.68	1109.5
1609.02	1115
1610.37	1119.5
1611.72	1108
1613.06	1091
1614.41	1086
1615.76	1101
1617.1	1140
1618.45	1097
1619.79	1103
1621.14	1083.5
1622.48	1080.5
1623.83	1108
1625.17	1128.5
1626.51	1096.5
1627.86	1103.5
1629.2	1075.5
1630.54	1103
1631.89	1079.5
1633.23	1097
1634.57	1060.5
1635.91	1113
1637.26	1089
1638.6	1085
1639.94	1109.5
1641.28	1037
1642.62	1047
1643.96	1065
1645.3	1087.5
1646.64	1088
1647.98	1080
1649.32	1064
1650.66	1069.5
1652	1089
1653.34	1063
1654.68	1089
1656.01	1107
1657.35	1097
1658.69	1113.5
1660.03	1091
1661.36	1095.5
1662.7	1072.5
1664.04	1103
1665.38	1063
1666.71	1087.5
1668.05	1088
1669.38	1071
1670.72	1075
1672.05	1064
1673.39	1062.5
1674.72	1059
1676.06	1059
1677.39	1043
1678.73	1095
1680.06	1059
1681.39	1081
1682.73	1028.5
1684.06	1042.5
1685.39	1059
1686.72	1056.5
1688.06	1099.5
1689.39	1097.5
1690.72	1050.5
1692.05	1083.5
1693.38	1094
1694.71	1076
1696.04	1096
1697.37	1070
1698.7	1072
1700.03	1084.5
1701.36	1055.5
1702.69	1075
1704.02	1105
1705.35	1041.5
1706.68	1082
1708.01	1096
1709.34	1112.5
1710.66	1099
1711.99	1052.5
1713.32	1066
1714.65	1068.5
1715.97	1072
1717.3	1076.5
1718.62	1072
1719.95	1051
1721.28	1071
1722.6	1072
1723.93	1081
1725.25	1071
1726.58	1050.5
1727.9	1049
1729.23	1066.5
1730.55	1027
1731.87	1072
1733.2	1059
1734.52	1060
1735.84	1057.5
1737.17	1084.5
1738.49	1061
1739.81	1060.5
1741.13	1079.5
1742.46	1054.5
1743.78	1056
1745.1	1079.5
1746.42	1057.5
1747.74	1067
1749.06	1056.5
1750.38	1056.5
1751.7	1062
1753.02	1053
1754.34	1063
1755.66	1070
1756.98	1043
1758.3	1076
1759.62	1060.5
1760.93	1075.5
1762.25	1072
1763.57	1073
1764.89	1059
1766.2	1073
1767.52	1032
1768.84	1060
1770.16	1062
1771.47	1062.5
1772.79	1082
1774.1	1079.5
1775.42	1078
1776.73	1056
1778.05	1048
1779.36	1066
1780.68	1062.5
1781.99	1055
1783.31	1075.5
1784.62	1091.5
1785.93	1047
1787.25	1056
1788.56	1086.5
1789.87	1061.5
1791.19	1045
1792.5	1052
1793.81	1087
1795.12	1059
1796.43	1062
1797.74	1056.5
1799.05	1053.5
1800.36	1066.5
1801.68	1053.5
1802.99	1037.5
1804.3	1053
1805.61	1075
1806.91	1080
1808.22	1040.5
1809.53	1062.5
1810.84	1051
1812.15	1097.5
1813.46	1068.5
1814.77	1070.5
1816.07	1081.5
1817.38	1034
1818.69	1066.5
1820	1038
1821.3	1062
1822.61	1038.5
1823.92	1042.5
1825.22	1073.5
1826.53	1051.5
1827.83	1094
1829.14	1045.5
1830.44	1004
1831.75	1035
1833.05	1037.5
1834.36	1043.5
1835.66	1042
1836.97	1039.5
1838.27	1063.5
1839.57	1047
1840.87	1035
1842.18	1054.5
1843.48	1066
1844.78	1081.5
1846.08	1054.5
1847.39	1053.5
1848.69	1051.5
1849.99	1029.5
1851.29	1049
1852.59	1027.5
1853.89	1043.5
1855.19	1013
1856.49	1037.5
1857.79	1059
1859.09	1074
1860.39	1067
1861.69	1054.5
1862.99	1019
1864.29	1015.5
1865.59	1037
1866.88	1052.5
1868.18	1061.5
1869.48	1045
1870.78	1047
1872.07	1056.5
1873.37	1011
1874.67	1043
1875.96	985
1877.26	1026.5
1878.55	1037.5
1879.85	1018.5
1881.15	1047.5
1882.44	1017.5
1883.73	1026.5
1885.03	1044
1886.32	1061.5
1887.62	1060.5
1888.91	1029.5
1890.2	1030
1891.5	1013.5
1892.79	1052
1894.08	1057
1895.38	1056.5
1896.67	1024
1897.96	1024
1899.25	1043
1900.55	1038
1901.84	1060
1903.13	1033
1904.42	1052.5
1905.71	1049.5
1907	1025
1908.29	1056.5
1909.58	1047.5
1910.87	1068
1912.16	1039
1913.45	1057
1914.74	1035
1916.03	1041.5
1917.31	1028
1918.6	1025.5
1919.89	1020
1921.18	1036
1922.46	1043
1923.75	998
1925.04	1002.5
1926.33	1038.5
1927.61	1038
1928.9	1038
1930.18	1027
1931.47	1021.5
1932.76	1050.5
1934.04	1039
1935.33	1033
1936.61	1030
1937.9	1027.5
1939.18	1002.5
1940.46	1048
1941.75	1010.5
