492.825	4057.5
494.381	3983
495.936	4109.5
497.494	4042.5
499.049	4061.5
500.603	4090
502.158	4069
503.712	4016
505.266	4039.5
506.819	3980
508.375	3925.5
509.928	3918
511.481	3968.5
513.034	3943.5
514.586	3899
516.138	3875.5
517.69	3887.5
519.241	3881.5
520.793	3894.5
522.344	3849.5
523.894	3850
525.445	3807
526.995	3787
528.545	3792.5
530.095	3740
531.644	3702.5
533.193	3713
534.74	3693
536.289	3620
537.837	3655.5
539.385	3627
540.933	3684.5
542.481	3630
544.028	3670.5
545.573	3645.5
547.12	3595.5
548.667	3637
550.213	3541
551.759	3553
553.303	3552
554.848	3457
556.393	3485.5
557.938	3472.5
559.481	3532
561.025	3475
562.57	3498.5
564.111	3481.5
565.655	3463
567.199	3461.5
568.74	3477
570.283	3509.5
571.823	3501.5
573.366	3511.5
574.908	3629.5
576.447	3527
577.989	3662
579.528	3661
581.069	3753.5
582.608	3822.5
584.149	3886
585.687	3927
587.227	3882.5
588.765	3811.5
590.304	3844
591.841	3683
593.38	3668
594.917	3664
596.453	3624.5
597.992	3693
599.528	3694
601.065	3811
602.601	3789
604.136	3955
605.673	3959.5
607.207	4039
608.742	3919
610.278	3876.5
611.812	3770
613.345	3616
614.879	3555.5
616.414	3430
617.946	3307
619.479	3242
621.011	3169
622.543	3166.5
624.077	3128.5
625.609	3070.5
627.14	3117.5
628.671	3051.5
630.202	3009
631.732	3016
633.262	2978
634.792	2994
636.322	2939.5
637.854	2887
639.383	2945.5
640.912	2907.5
642.44	2925
643.969	2909
645.497	2890
647.025	2895
648.552	2878
650.08	2872
651.605	2802
653.132	2856.5
654.659	2847
656.185	2875
657.711	2869
659.237	2802
660.762	2810
662.288	2812
663.811	2817
665.336	2796.5
666.86	2845
668.385	2807
669.909	2838
671.43	2849.5
672.954	2882.5
674.477	2803
676	2843.5
677.521	2827.5
679.044	2829.5
680.566	2855
682.086	2745.5
683.608	2826
685.129	2799
686.648	2753
688.169	2810
689.688	2792.5
691.209	2793
692.729	2848.5
694.247	2803
695.766	2728.5
697.284	2792
698.803	2770.5
700.32	2790
701.839	2834
703.355	2774
704.873	2762
706.389	2725
707.907	2691
709.422	2755.5
710.938	2753
712.455	2780.5
713.969	2755
715.486	2807
717	2761.5
718.514	2761.5
720.027	2718
721.543	2786
723.056	2769.5
724.569	2736
726.083	2728
727.596	2783.5
729.108	2772.5
730.62	2748.5
732.133	2703
733.645	2761.5
735.156	2803
736.667	2726.5
738.177	2790
739.688	2731.5
741.198	2790
742.71	2751.5
744.219	2798
745.728	2784
747.238	2760
748.746	2765.5
750.255	2732
751.763	2781
753.271	2799
754.779	2780.5
756.287	2768
757.794	2793
759.301	2807
760.808	2824
762.315	2862
763.819	2887
765.325	2890.5
766.831	2887.5
768.336	2919.5
769.842	2924
771.347	2871.5
772.852	2931
774.354	2922
775.859	2944.5
777.363	2952.5
778.866	2957
780.368	2928
781.871	2947
783.374	3004.5
784.877	2994.5
786.378	2996.5
787.88	2966.5
789.382	2988
790.882	2987.5
792.383	3019
793.883	3003.5
795.384	3146.5
796.885	3091.5
798.383	3085
799.883	3145.5
801.382	3214
802.881	3218.5
804.379	3251
805.878	3388
807.375	3338
808.874	3563
810.371	3641.5
811.867	3832
813.365	4092
814.861	4356
816.358	4864
817.854	5406.5
819.349	6338
820.846	7371.5
822.34	8399
823.835	9043.5
825.331	8693
826.824	7743
828.318	6728.5
829.811	6044.5
831.306	5448.5
832.799	4896.5
834.292	4731
835.784	4521.5
837.276	4299
838.768	4317
840.262	4359.5
841.753	4414
843.244	4500
844.735	4570
846.226	4995
847.716	5355.5
849.206	5918
850.696	6775.5
852.186	7748.5
853.675	8674
855.164	9307
856.653	9320.5
858.142	8575
859.63	7783.5
861.118	6747
862.606	5944
864.094	5380.5
865.579	5005
867.066	4617.5
868.553	4276.5
870.04	4158
871.526	4046
873.013	3910.5
874.497	3982
875.982	4012
877.468	4182
878.953	4459.5
880.436	4808.5
881.921	4890.5
883.405	4885.5
884.887	4531
886.371	4162
887.855	3774.5
889.336	3559.5
890.82	3419
892.301	3288
893.783	3220
895.264	3181.5
896.746	3184
898.226	3123.5
899.708	3092.5
901.187	3002.5
902.669	3079.5
904.148	3048.5
905.629	3053.5
907.107	2992
908.587	3064.5
910.065	2982.5
911.543	3017
913.023	3022
914.5	3000.5
915.977	3004
917.456	3062
918.933	3129
920.409	3081.5
921.885	3066.5
923.363	3019.5
924.839	2968
926.314	2918
927.789	2970
929.264	2867
930.741	2964.5
932.215	2945.5
933.689	2945
935.163	2903
936.637	3015
938.11	2924
939.584	2965
941.057	3006.5
942.529	3011
944.002	2986
945.474	2971
946.946	3060
948.418	3106.5
949.889	3121
951.36	3154
952.831	3177
954.302	3324.5
955.773	3381
957.243	3436
958.711	3509
960.181	3498
961.651	3531.5
963.12	3546.5
964.589	3478.5
966.056	3462
967.524	3375
968.993	3291.5
970.459	3183.5
971.927	3221.5
973.395	3081
974.86	3077
976.327	3062
977.794	2958.5
979.259	2929
980.725	2979.5
982.189	2952
983.655	2914
985.119	2913.5
986.585	2878
988.048	2911
989.513	2843
990.976	2938
992.44	2829
993.902	2851.5
995.366	2816
996.828	2828
998.29	2838.5
999.753	2854
1001.21	2851
1002.68	2875.5
1004.14	2833.5
1005.6	2840.5
1007.06	2905.5
1008.52	2873.5
1009.98	2873
1011.44	2979.5
1012.9	2961
1014.36	2990.5
1015.82	2950.5
1017.28	2886
1018.73	2827
1020.19	2755.5
1021.65	2710.5
1023.11	2686
1024.57	2620
1026.02	2619
1027.48	2626
1028.94	2575.5
1030.39	2589
1031.85	2524
1033.3	2504.5
1034.76	2593.5
1036.22	2533
1037.67	2492.5
1039.13	2518.5
1040.58	2451
1042.03	2428
1043.49	2428.5
1044.94	2426
1046.39	2424.5
1047.85	2397
1049.3	2404.5
1050.75	2379
1052.2	2299
1053.66	2330.5
1055.11	2344.5
1056.56	2300
1058.01	2258
1059.46	2286.5
1060.91	2263
1062.36	2243.5
1063.81	2197
1065.26	2189.5
1066.71	2157
1068.16	2144.5
1069.61	2166.5
1071.06	2163.5
1072.51	2088
1073.95	2088.5
1075.4	2129.5
1076.85	2092
1078.3	2099
1079.74	2083.5
1081.19	2071.5
1082.64	2050
1084.08	2068
1085.53	2038
1086.98	2003
1088.42	2011
1089.87	2030
1091.31	1981.5
1092.76	1943
1094.2	1960
1095.64	1947
1097.09	1932
1098.53	1935.5
1099.97	1916.5
1101.42	1848
1102.86	1927
1104.3	1871
1105.75	1948
1107.19	1899
1108.63	1818
1110.07	1852
1111.51	1813.5
1112.95	1869
1114.39	1831
1115.83	1877
1117.27	1886
1118.71	1793
1120.15	1865
1121.59	1853
1123.03	1883
1124.47	1834
1125.91	1815
1127.35	1792
1128.78	1756
1130.22	1786
1131.66	1766.5
1133.1	1725.5
1134.53	1691
1135.97	1711.5
1137.4	1743.5
1138.84	1725.5
1140.28	1702
1141.71	1686
1143.15	1693.5
1144.58	1683
1146.02	1644
1147.45	1688.5
1148.88	1643
1150.32	1640
1151.75	1643
1153.18	1651.5
1154.62	1629.5
1156.05	1644.5
1157.48	1634.5
1158.92	1588
1160.35	1637
1161.78	1608.5
1163.21	1609.5
1164.64	1632.5
1166.07	1620
1167.5	1530.5
1168.93	1601
1170.36	1552.5
1171.79	1580.5
1173.22	1590.5
1174.65	1566
1176.08	1557.5
1177.51	1557.5
1178.94	1555
1180.37	1512
1181.79	1535.5
1183.22	1529.5
1184.65	1535
1186.08	1494
1187.5	1505
1188.93	1499.5
1190.35	1512
1191.78	1551
1193.21	1486
1194.63	1512.5
1196.06	1487
1197.48	1483.5
1198.91	1469
1200.33	1455
1201.76	1532
1203.18	1497
1204.6	1476
1206.03	1459.5
1207.45	1468
1208.87	1492
1210.29	1519.5
1211.72	1445.5
1213.14	1455.5
1214.56	1465
1215.98	1463.5
1217.4	1438
1218.82	1432.5
1220.25	1450
1221.66	1426.5
1223.09	1435
1224.5	1450
1225.93	1426.5
1227.34	1428
1228.76	1438.5
1230.18	1457
1231.6	1449
1233.02	1456
1234.44	1453
1235.85	1439.5
1237.27	1451.5
1238.69	1429
1240.11	1442.5
1241.52	1414.5
1242.94	1415.5
1244.35	1445
1245.77	1433
1247.19	1432.5
1248.6	1447.5
1250.02	1462.5
1251.43	1468
1252.85	1420
1254.26	1460.5
1255.67	1423
1257.09	1420
1258.5	1406
1259.92	1377.5
1261.33	1396
1262.74	1415
1264.15	1445.5
1265.56	1588
1266.98	1580.5
1268.39	1428.5
1269.8	1367.5
1271.21	1398
1272.62	1394.5
1274.03	1394
1275.44	1382.5
1276.85	1410
1278.26	1400.5
1279.67	1404
1281.08	1390.5
1282.49	1417.5
1283.9	1477
1285.31	2132
1286.71	2868
1288.12	1538.5
1289.53	1396.5
1290.94	1423
1292.34	1357
1293.75	1417.5
1295.16	1381.5
1296.56	1377.5
1297.97	1399
1299.38	1372
1300.78	1337
1302.19	1403
1303.59	1402
1305	1354
1306.4	1401
1307.8	1377
1309.21	1374.5
1310.61	1395
1312.01	1367.5
1313.42	1406.5
1314.82	1339.5
1316.22	1374.5
1317.63	1374
1319.03	1340.5
1320.43	1381
1321.83	1379.5
1323.23	1389
1324.63	1413.5
1326.03	1386
1327.44	1363.5
1328.84	1338
1330.24	1410.5
1331.63	1399
1333.03	1373
1334.43	1373
1335.83	1350.5
1337.23	1346.5
1338.63	1342.5
1340.03	1317.5
1341.42	1360
1342.82	1386
1344.22	1385
1345.62	1393.5
1347.01	1347
1348.41	1375.5
1349.81	1366.5
1351.2	1393
1352.6	1375.5
1353.99	1351.5
1355.39	1379
1356.78	1375.5
1358.18	1383
1359.57	1385.5
1360.97	1382
1362.36	1330
1363.75	1378.5
1365.15	1401
1366.54	1373.5
1367.93	1375.5
1369.33	1372.5
1370.72	1420.5
1372.11	1400
1373.5	1352.5
1374.89	1382
1376.28	1363
1377.68	1384.5
1379.07	1377.5
1380.46	1344
1381.85	1388
1383.24	1363.5
1384.63	1402
1386.02	1418.5
1387.4	1775
1388.79	3874
1390.18	2198.5
1391.57	1393.5
1392.96	1387.5
1394.35	1380
1395.73	1363
1397.12	1378
1398.51	1389
1399.89	1406
1401.28	1388
1402.67	1373.5
1404.05	1395
1405.44	1371.5
1406.83	1381.5
1408.21	1431.5
1409.59	1691
1410.98	1655.5
1412.36	1396
1413.75	1373.5
1415.13	1373.5
1416.52	1385.5
1417.9	1354
1419.28	1419.5
1420.67	1342.5
1422.05	1378.5
1423.43	1364.5
1424.81	1392
1426.19	1432
1427.58	1392
1428.96	1376
1430.34	1403
1431.72	1382.5
1433.1	1375
1434.48	1341.5
1435.86	1371.5
1437.24	1369.5
1438.62	1355
1440	1360.5
1441.38	1344
1442.76	1362.5
1444.13	1388
1445.51	1358.5
1446.89	1380.5
1448.27	1373
1449.64	1358.5
1451.02	1361.5
1452.4	1395
1453.78	1358
1455.15	1370.5
1456.53	1345.5
1457.9	1333.5
1459.28	1366.5
1460.65	1357
1462.03	1348
1463.4	1373
1464.78	1403
1466.15	1343.5
1467.53	1345
1468.9	1363.5
1470.27	1330.5
1471.65	1377.5
1473.02	1341.5
1474.39	1349
1475.76	1331.5
1477.14	1330
1478.51	1317
1479.88	1325.5
1481.25	1331
1482.62	1323
1483.99	1327
1485.36	1331.5
1486.73	1337.5
1488.1	1355.5
1489.47	1287
1490.84	1289
1492.21	1331
1493.58	1338.5
1494.95	1336
1496.32	1355.5
1497.69	1349.5
1499.06	1324.5
1500.42	1320.5
1501.79	1291.5
1503.16	1362
1504.53	1337.5
1505.89	1314
1507.26	1332.5
1508.63	1298
1509.99	1316
1511.36	1333
1512.72	1329.5
1514.09	1339.5
1515.45	1295.5
1516.82	1344
1518.18	1323
1519.55	1294
1520.91	1304
1522.27	1326.5
1523.64	1330.5
1525	1362.5
1526.36	1333.5
1527.72	1349
1529.09	1315
1530.45	1353.5
1531.81	1338
1533.17	1306
1534.53	1339
1535.89	1342
1537.25	1342
1538.62	1347.5
1539.98	1354
1541.34	1369
1542.7	1328
1544.05	1331
1545.41	1316
1546.77	1353.5
1548.13	1311.5
1549.49	1322.5
1550.85	1351
1552.21	1326.5
1553.56	1346
1554.92	1352.5
1556.28	1357
1557.64	1330.5
1558.99	1342.5
1560.35	1281.5
1561.7	1323
1563.06	1334.5
1564.42	1311
1565.77	1318.5
1567.13	1347.5
1568.48	1350
1569.84	1357
1571.19	1345
1572.55	1318
1573.9	1358.5
1575.25	1310
1576.6	1346
1577.96	1359.5
1579.31	1307
1580.66	1340.5
1582.02	1294
1583.37	1295
1584.72	1338
1586.07	1349
1587.42	1320
1588.77	1388.5
1590.12	1335
1591.47	1342
1592.83	1339.5
1594.17	1367
1595.53	1356
1596.87	1357
1598.22	1349
1599.57	1352
1600.92	1353
1602.27	1356
1603.62	1327
1604.96	1366
1606.31	1297.5
1607.66	1357.5
1609.01	1318
1610.35	1354
1611.7	1325
1613.05	1381
1614.39	1388.5
1615.74	1351.5
1617.09	1340.5
1618.43	1326
1619.78	1342.5
1621.12	1340
1622.47	1322
1623.81	1336.5
1625.15	1302
1626.5	1364
1627.84	1348.5
1629.18	1323.5
1630.53	1335
1631.87	1334.5
1633.21	1346
1634.55	1321.5
1635.9	1302
1637.24	1342
1638.58	1311.5
1639.92	1339
1641.26	1298.5
1642.6	1344.5
1643.94	1337
1645.28	1331
1646.62	1351
1647.96	1343.5
1649.3	1326
1650.64	1319.5
1651.98	1325
1653.32	1306.5
1654.66	1293
1656	1339.5
1657.34	1316.5
1658.67	1363.5
1660.01	1346.5
1661.35	1306
1662.68	1324.5
1664.02	1368
1665.36	1333
1666.69	1319.5
1668.03	1326.5
1669.37	1329.5
1670.7	1338
1672.04	1323.5
1673.37	1285
1674.71	1312.5
1676.04	1295
1677.38	1355.5
1678.71	1342
1680.04	1325
1681.38	1304
1682.71	1265
1684.04	1328.5
1685.37	1358
1686.71	1283
1688.04	1313.5
1689.37	1327.5
1690.7	1334
1692.03	1333
1693.37	1312.5
1694.69	1324
1696.03	1316
1697.36	1327
1698.69	1339
1700.02	1299.5
1701.35	1319
1702.67	1352
1704.01	1336.5
1705.33	1342
1706.66	1331
1707.99	1334.5
1709.32	1356.5
1710.65	1327.5
1711.97	1302
1713.3	1331
1714.63	1309
1715.95	1327
1717.28	1324.5
1718.61	1343
1719.93	1321
1721.26	1359
1722.59	1302.5
1723.91	1339
1725.24	1339
1726.56	1333
1727.89	1334
1729.21	1312
1730.53	1341
1731.86	1331
1733.18	1331.5
1734.5	1332
1735.83	1325.5
1737.15	1289.5
1738.47	1360.5
1739.79	1331
1741.12	1329.5
1742.44	1329
1743.76	1333.5
1745.08	1321
1746.4	1361
1747.72	1331
1749.04	1351
1750.36	1325
1751.68	1307
1753	1326
1754.32	1311.5
1755.64	1305
1756.96	1298.5
1758.28	1315
1759.6	1341
1760.92	1315.5
1762.23	1301
1763.55	1350
1764.87	1343.5
1766.19	1313
1767.5	1332.5
1768.82	1334
1770.14	1297.5
1771.45	1339
1772.77	1268
1774.09	1350.5
1775.4	1310.5
1776.72	1326.5
1778.03	1324
1779.35	1302
1780.66	1310.5
1781.98	1300.5
1783.29	1329.5
1784.6	1321.5
1785.92	1324.5
1787.23	1329.5
1788.54	1307
1789.85	1360.5
1791.17	1330
1792.48	1307.5
1793.79	1348
1795.1	1353.5
1796.41	1344
1797.73	1340.5
1799.04	1302
1800.35	1319.5
1801.66	1361.5
1802.97	1335.5
1804.28	1340.5
1805.59	1379
1806.9	1344.5
1808.21	1312.5
1809.52	1352
1810.83	1349
1812.13	1342
1813.44	1319
1814.75	1315
1816.06	1325.5
1817.37	1341.5
1818.67	1311
1819.98	1329
1821.29	1311
1822.59	1301.5
1823.9	1321.5
1825.21	1308
1826.51	1333.5
1827.82	1355.5
1829.12	1324
1830.43	1292
1831.73	1305
1833.04	1315.5
1834.34	1346
1835.65	1340
1836.95	1323
1838.25	1356
1839.56	1318
1840.86	1347.5
1842.16	1315
1843.46	1304
1844.77	1339
1846.07	1317.5
1847.37	1309.5
1848.67	1328
1849.97	1286.5
1851.27	1280
1852.57	1295.5
1853.87	1351.5
1855.18	1336
1856.48	1294
1857.77	1309.5
1859.07	1319
1860.37	1314.5
1861.67	1310
1862.97	1331
1864.27	1311
1865.57	1290
1866.87	1316
1868.16	1311
1869.46	1346
1870.76	1314.5
1872.06	1317.5
1873.35	1298
1874.65	1304.5
1875.95	1290
1877.24	1308
1878.54	1317
1879.83	1307.5
1881.13	1302.5
1882.42	1311
1883.72	1307
1885.01	1303.5
1886.31	1320.5
1887.6	1335.5
1888.89	1313.5
1890.19	1356
1891.48	1303
1892.78	1300
1894.07	1334.5
1895.36	1325
1896.65	1331
1897.95	1316.5
1899.24	1336.5
1900.53	1321.5
1901.82	1292
1903.11	1322
1904.4	1342
1905.69	1326
1906.98	1321.5
1908.27	1287
1909.56	1314
1910.85	1315
1912.14	1330.5
1913.43	1333
1914.72	1328.5
1916.01	1335.5
1917.3	1329
1918.59	1317
1919.87	1329
1921.16	1337
1922.45	1326
1923.74	1360
1925.02	1330.5
1926.31	1310
1927.6	1335.5
1928.88	1347
1930.17	1324.5
1931.45	1332
1932.74	1355
1934.03	1342
1935.31	1335
1936.59	1325
1937.88	1371.5
1939.16	1377.5
1940.45	1320
1941.73	1308.5
