492.825	3834
494.381	3772.5
495.936	3848.5
497.494	3809
499.049	3760
500.603	3820
502.158	3778.5
503.712	3836.5
505.266	3808
506.819	3773
508.375	3786.5
509.928	3822
511.481	3770
513.034	3798.5
514.586	3770.5
516.138	3773.5
517.69	3714.5
519.241	3717.5
520.793	3643
522.344	3693.5
523.894	3699
525.445	3696.5
526.995	3641.5
528.545	3617.5
530.095	3613
531.644	3607
533.193	3634
534.74	3589
536.289	3566.5
537.837	3546
539.385	3553
540.933	3543
542.481	3543.5
544.028	3537
545.573	3565
547.12	3527
548.667	3508
550.213	3489
551.759	3506.5
553.303	3460
554.848	3379.5
556.393	3412
557.938	3456.5
559.481	3343
561.025	3408.5
562.57	3411.5
564.111	3456.5
565.655	3381.5
567.199	3381.5
568.74	3397.5
570.283	3478
571.823	3434
573.366	3542
574.908	3500.5
576.447	3546
577.989	3590
579.528	3613.5
581.069	3657
582.608	3689
584.149	3681.5
585.687	3642
587.227	3605
588.765	3682.5
590.304	3656
591.841	3592
593.38	3522.5
594.917	3486.5
596.453	3311
597.992	3320.5
599.528	3256
601.065	3185
602.601	3213.5
604.136	3235
605.673	3208
607.207	3151.5
608.742	3181
610.278	3107
611.812	3167.5
613.345	3052
614.879	3055
616.414	3076
617.946	3024.5
619.479	2982.5
621.011	2914.5
622.543	2940
624.077	2858.5
625.609	2918
627.14	2971
628.671	2906
630.202	2926.5
631.732	2901
633.262	2867
634.792	2908
636.322	2878.5
637.854	2863
639.383	2900
640.912	2849.5
642.44	2844
643.969	2835.5
645.497	2884
647.025	2794
648.552	2837.5
650.08	2843
651.605	2838
653.132	2812.5
654.659	2812
656.185	2814
657.711	2810.5
659.237	2795.5
660.762	2818
662.288	2794
663.811	2763
665.336	2821
666.86	2783.5
668.385	2871
669.909	2779
671.43	2819
672.954	2833
674.477	2850.5
676	2810.5
677.521	2806
679.044	2812
680.566	2841
682.086	2840
683.608	2877
685.129	2857
686.648	2837.5
688.169	2866
689.688	2859.5
691.209	2779.5
692.729	2812.5
694.247	2801.5
695.766	2833.5
697.284	2834
698.803	2876
700.32	2794.5
701.839	2910.5
703.355	2826
704.873	2840
706.389	2840
707.907	2805.5
709.422	2879
710.938	2807.5
712.455	2825.5
713.969	2830.5
715.486	2870
717	2876.5
718.514	2785
720.027	2856
721.543	2848
723.056	2808
724.569	2886
726.083	2878.5
727.596	2911
729.108	2835
730.62	2852
732.133	2849.5
733.645	2857
735.156	2819.5
736.667	2866
738.177	2816.5
739.688	2827
741.198	2852.5
742.71	2869
744.219	2835.5
745.728	2844.5
747.238	2895
748.746	2887
750.255	2842.5
751.763	2902.5
753.271	2849.5
754.779	2894
756.287	2862
757.794	2895
759.301	2873
760.808	2899
762.315	2947
763.819	2905
765.325	2955.5
766.831	3001.5
768.336	2934.5
769.842	2934
771.347	2926.5
772.852	2950
774.354	2962.5
775.859	2959
777.363	2955
778.866	2972.5
780.368	2963.5
781.871	3022
783.374	3024
784.877	2965
786.378	3016
787.88	2991
789.382	3032.5
790.882	3058.5
792.383	3064
793.883	3006
795.384	3064
796.885	3033.5
798.383	3080
799.883	3109
801.382	3116
802.881	3119
804.379	3158
805.878	3199.5
807.375	3243.5
808.874	3300.5
810.371	3392.5
811.867	3481.5
813.365	3571
814.861	3799
816.358	4054.5
817.854	4419.5
819.349	4913
820.846	5477
822.34	5941
823.835	6123
825.331	5852
826.824	5480
828.318	4995
829.811	4726.5
831.306	4392
832.799	4321
834.292	4189
835.784	4060.5
837.276	4007.5
838.768	4097
840.262	4102.5
841.753	4095
843.244	4277
844.735	4373.5
846.226	4609
847.716	4965
849.206	5446.5
850.696	6034
852.186	6726
853.675	7245.5
855.164	7542
856.653	7419
858.142	6900
859.63	6242.5
861.118	5685.5
862.606	5153
864.094	4824
865.579	4474
867.066	4269
868.553	4104.5
870.04	3944.5
871.526	3770
873.013	3718
874.497	3647.5
875.982	3704
877.468	3757
878.953	3847
880.436	4021.5
881.921	4019.5
883.405	3927
884.887	3826.5
886.371	3682
887.855	3483
889.336	3355
890.82	3274
892.301	3198
893.783	3196
895.264	3213
896.746	3187
898.226	3155
899.708	3144
901.187	3125
902.669	3208
904.148	3119
905.629	3188
907.107	3195
908.587	3220.5
910.065	3269
911.543	3294
913.023	3316
914.5	3508
915.977	3639
917.456	3752.5
918.933	3788
920.409	3746.5
921.885	3586
923.363	3389.5
924.839	3290.5
926.314	3228.5
927.789	3190
929.264	3146
930.741	3184
932.215	3140
933.689	3200
935.163	3139
936.637	3191
938.11	3182.5
939.584	3190.5
941.057	3222
942.529	3233
944.002	3234
945.474	3210.5
946.946	3293
948.418	3356.5
949.889	3439.5
951.36	3458.5
952.831	3459.5
954.302	3587
955.773	3551.5
957.243	3555
958.711	3577.5
960.181	3585
961.651	3528
963.12	3500
964.589	3437
966.056	3383.5
967.524	3293
968.993	3266
970.459	3206.5
971.927	3135
973.395	3174
974.86	3142
976.327	3036.5
977.794	3050
979.259	3055
980.725	3005
982.189	2947.5
983.655	2939.5
985.119	2962
986.585	2935
988.048	2957.5
989.513	2938
990.976	2880.5
992.44	2902
993.902	2875
995.366	2878
996.828	2892.5
998.29	2796
999.753	2821
1001.21	2883
1002.68	2824
1004.14	2823.5
1005.6	2771.5
1007.06	2807
1008.52	2772
1009.98	2763
1011.44	2760
1012.9	2770
1014.36	2702
1015.82	2740.5
1017.28	2744
1018.73	2677
1020.19	2728.5
1021.65	2689.5
1023.11	2704.5
1024.57	2695
1026.02	2616
1027.48	2639.5
1028.94	2628
1030.39	2634.5
1031.85	2635
1033.3	2593.5
1034.76	2566
1036.22	2586.5
1037.67	2555
1039.13	2549
1040.58	2492.5
1042.03	2479.5
1043.49	2478.5
1044.94	2467.5
1046.39	2406
1047.85	2494.5
1049.3	2413.5
1050.75	2412
1052.2	2397.5
1053.66	2380
1055.11	2353.5
1056.56	2346.5
1058.01	2318.5
1059.46	2260
1060.91	2295.5
1062.36	2294
1063.81	2245.5
1065.26	2251.5
1066.71	2224.5
1068.16	2181.5
1069.61	2198
1071.06	2128
1072.51	2185
1073.95	2132.5
1075.4	2107
1076.85	2123
1078.3	2147.5
1079.74	2121.5
1081.19	2066
1082.64	2070
1084.08	2070
1085.53	2056.5
1086.98	2047.5
1088.42	2065
1089.87	2021
1091.31	1989
1092.76	2009
1094.2	1970.5
1095.64	1911
1097.09	1983.5
1098.53	1978.5
1099.97	1910
1101.42	1863
1102.86	1903.5
1104.3	1943
1105.75	1889.5
1107.19	1884.5
1108.63	1871.5
1110.07	1859.5
1111.51	1874
1112.95	1858.5
1114.39	1860.5
1115.83	1835.5
1117.27	1825
1118.71	1764
1120.15	1828.5
1121.59	1804
1123.03	1788.5
1124.47	1782
1125.91	1781.5
1127.35	1762.5
1128.78	1759
1130.22	1772
1131.66	1768.5
1133.1	1768.5
1134.53	1716
1135.97	1747.5
1137.4	1707
1138.84	1779
1140.28	1740
1141.71	1756
1143.15	1684.5
1144.58	1694
1146.02	1630
1147.45	1667.5
1148.88	1659.5
1150.32	1652.5
1151.75	1640
1153.18	1657
1154.62	1637
1156.05	1621
1157.48	1660.5
1158.92	1643.5
1160.35	1637
1161.78	1627.5
1163.21	1615
1164.64	1644
1166.07	1618.5
1167.5	1615
1168.93	1564.5
1170.36	1597
1171.79	1574
1173.22	1609
1174.65	1619
1176.08	1589
1177.51	1611.5
1178.94	1555
1180.37	1541
1181.79	1527.5
1183.22	1579
1184.65	1550
1186.08	1541
1187.5	1545
1188.93	1561.5
1190.35	1532.5
1191.78	1605.5
1193.21	1510
1194.63	1511.5
1196.06	1517.5
1197.48	1513.5
1198.91	1507.5
1200.33	1513
1201.76	1497.5
1203.18	1490.5
1204.6	1468
1206.03	1530.5
1207.45	1497
1208.87	1459
1210.29	1481.5
1211.72	1454.5
1213.14	1469
1214.56	1484
1215.98	1489.5
1217.4	1469
1218.82	1455
1220.25	1486
1221.66	1437
1223.09	1467
1224.5	1432
1225.93	1448.5
1227.34	1516.5
1228.76	1452
1230.18	1449
1231.6	1467.5
1233.02	1446.5
1234.44	1485
1235.85	1403.5
1237.27	1456.5
1238.69	1461.5
1240.11	1484.5
1241.52	1430
1242.94	1478
1244.35	1447.5
1245.77	1422.5
1247.19	1469.5
1248.6	1421.5
1250.02	1461
1251.43	1453.5
1252.85	1407
1254.26	1426
1255.67	1431.5
1257.09	1424
1258.5	1412
1259.92	1395.5
1261.33	1419.5
1262.74	1449
1264.15	1369
1265.56	1443
1266.98	1405.5
1268.39	1412
1269.8	1408.5
1271.21	1358.5
1272.62	1437
1274.03	1415
1275.44	1374.5
1276.85	1409
1278.26	1434.5
1279.67	1399
1281.08	1412.5
1282.49	1412
1283.9	1428.5
1285.31	1532
1286.71	1671
1288.12	1486
1289.53	1401.5
1290.94	1447.5
1292.34	1422.5
1293.75	1405
1295.16	1386
1296.56	1394
1297.97	1402.5
1299.38	1415.5
1300.78	1392.5
1302.19	1412
1303.59	1418.5
1305	1377
1306.4	1416
1307.8	1382
1309.21	1387.5
1310.61	1392
1312.01	1368.5
1313.42	1385
1314.82	1389
1316.22	1416
1317.63	1368.5
1319.03	1412.5
1320.43	1380.5
1321.83	1409.5
1323.23	1394
1324.63	1394
1326.03	1364
1327.44	1381.5
1328.84	1411
1330.24	1399
1331.63	1422.5
1333.03	1375.5
1334.43	1413
1335.83	1401
1337.23	1377.5
1338.63	1371.5
1340.03	1394.5
1341.42	1388
1342.82	1394.5
1344.22	1408
1345.62	1415.5
1347.01	1420.5
1348.41	1370
1349.81	1413
1351.2	1410.5
1352.6	1370
1353.99	1404.5
1355.39	1406
1356.78	1396
1358.18	1358.5
1359.57	1378.5
1360.97	1380.5
1362.36	1360
1363.75	1390.5
1365.15	1374
1366.54	1388
1367.93	1393.5
1369.33	1392
1370.72	1377
1372.11	1384
1373.5	1407
1374.89	1417
1376.28	1381.5
1377.68	1400
1379.07	1384
1380.46	1393
1381.85	1398.5
1383.24	1364
1384.63	1426
1386.02	1389
1387.4	1447
1388.79	1842.5
1390.18	1562.5
1391.57	1409.5
1392.96	1358.5
1394.35	1393
1395.73	1367
1397.12	1379
1398.51	1371
1399.89	1395.5
1401.28	1384
1402.67	1413
1404.05	1416
1405.44	1384.5
1406.83	1390
1408.21	1410.5
1409.59	1460
1410.98	1451
1412.36	1399.5
1413.75	1410.5
1415.13	1391
1416.52	1382.5
1417.9	1391.5
1419.28	1402
1420.67	1388.5
1422.05	1391
1423.43	1390
1424.81	1409
1426.19	1410.5
1427.58	1389
1428.96	1383
1430.34	1413
1431.72	1399.5
1433.1	1432
1434.48	1421.5
1435.86	1350
1437.24	1407
1438.62	1347.5
1440	1385.5
1441.38	1376
1442.76	1401
1444.13	1373.5
1445.51	1340.5
1446.89	1373.5
1448.27	1370
1449.64	1410.5
1451.02	1400
1452.4	1373
1453.78	1390.5
1455.15	1406.5
1456.53	1382.5
1457.9	1389.5
1459.28	1358
1460.65	1362
1462.03	1394
1463.4	1400.5
1464.78	1379.5
1466.15	1358.5
1467.53	1368.5
1468.9	1380.5
1470.27	1361
1471.65	1391
1473.02	1398
1474.39	1341.5
1475.76	1355
1477.14	1331
1478.51	1382.5
1479.88	1351
1481.25	1348.5
1482.62	1359.5
1483.99	1371.5
1485.36	1356
1486.73	1357
1488.1	1372.5
1489.47	1331.5
1490.84	1354
1492.21	1358
1493.58	1368.5
1494.95	1353.5
1496.32	1385.5
1497.69	1388.5
1499.06	1378.5
1500.42	1375
1501.79	1373
1503.16	1370
1504.53	1356.5
1505.89	1362.5
1507.26	1389.5
1508.63	1368.5
1509.99	1365
1511.36	1377
1512.72	1375.5
1514.09	1375
1515.45	1344.5
1516.82	1377
1518.18	1405.5
1519.55	1348.5
1520.91	1363.5
1522.27	1368
1523.64	1300
1525	1393
1526.36	1360
1527.72	1382.5
1529.09	1394.5
1530.45	1377.5
1531.81	1384
1533.17	1376.5
1534.53	1368
1535.89	1334.5
1537.25	1345.5
1538.62	1374
1539.98	1355
1541.34	1346
1542.7	1339.5
1544.05	1365
1545.41	1334
1546.77	1355.5
1548.13	1393.5
1549.49	1349
1550.85	1333.5
1552.21	1376.5
1553.56	1366
1554.92	1385
1556.28	1359.5
1557.64	1339.5
1558.99	1386
1560.35	1367.5
1561.7	1379.5
1563.06	1374
1564.42	1358
1565.77	1327
1567.13	1382
1568.48	1371
1569.84	1369
1571.19	1328.5
1572.55	1388.5
1573.9	1347
1575.25	1359.5
1576.6	1388
1577.96	1394.5
1579.31	1361
1580.66	1373
1582.02	1352
1583.37	1345
1584.72	1393
1586.07	1357
1587.42	1368.5
1588.77	1405
1590.12	1364.5
1591.47	1378.5
1592.83	1380
1594.17	1352.5
1595.53	1371
1596.87	1404
1598.22	1381.5
1599.57	1409
1600.92	1384
1602.27	1407
1603.62	1399.5
1604.96	1370.5
1606.31	1368.5
1607.66	1407.5
1609.01	1388
1610.35	1368.5
1611.7	1364
1613.05	1371
1614.39	1388.5
1615.74	1351
1617.09	1360.5
1618.43	1370.5
1619.78	1355.5
1621.12	1314
1622.47	1356
1623.81	1374.5
1625.15	1386.5
1626.5	1344
1627.84	1340.5
1629.18	1369
1630.53	1374
1631.87	1393
1633.21	1320
1634.55	1354
1635.9	1334
1637.24	1342
1638.58	1334
1639.92	1375
1641.26	1353.5
1642.6	1337.5
1643.94	1346.5
1645.28	1341
1646.62	1317.5
1647.96	1357.5
1649.3	1360.5
1650.64	1314.5
1651.98	1325.5
1653.32	1371.5
1654.66	1343.5
1656	1372.5
1657.34	1353
1658.67	1303
1660.01	1319
1661.35	1325
1662.68	1323.5
1664.02	1363
1665.36	1346
1666.69	1364
1668.03	1322
1669.37	1347
1670.7	1355.5
1672.04	1352
1673.37	1337
1674.71	1327.5
1676.04	1347
1677.38	1342
1678.71	1376.5
1680.04	1349.5
1681.38	1308
1682.71	1323.5
1684.04	1353
1685.37	1349.5
1686.71	1395.5
1688.04	1345
1689.37	1322.5
1690.7	1341
1692.03	1354.5
1693.37	1326.5
1694.69	1324
1696.03	1321.5
1697.36	1391
1698.69	1347.5
1700.02	1345
1701.35	1337
1702.67	1340.5
1704.01	1393
1705.33	1359
1706.66	1388.5
1707.99	1370
1709.32	1375.5
1710.65	1405.5
1711.97	1367.5
1713.3	1343.5
1714.63	1349
1715.95	1375.5
1717.28	1367
1718.61	1339
1719.93	1341
1721.26	1364.5
1722.59	1335.5
1723.91	1360
1725.24	1370
1726.56	1367
1727.89	1383.5
1729.21	1352.5
1730.53	1372.5
1731.86	1376.5
1733.18	1345
1734.5	1360.5
1735.83	1389
1737.15	1359.5
1738.47	1347.5
1739.79	1325.5
1741.12	1347
1742.44	1350
1743.76	1315
1745.08	1329.5
1746.4	1336.5
1747.72	1356
1749.04	1354.5
1750.36	1353
1751.68	1363
1753	1347
1754.32	1341
1755.64	1347
1756.96	1337
1758.28	1368
1759.6	1345
1760.92	1336
1762.23	1329.5
1763.55	1335.5
1764.87	1350
1766.19	1379
1767.5	1341
1768.82	1341
1770.14	1344.5
1771.45	1326
1772.77	1355
1774.09	1341.5
1775.4	1311.5
1776.72	1334.5
1778.03	1358
1779.35	1334.5
1780.66	1318
1781.98	1347.5
1783.29	1331.5
1784.6	1336
1785.92	1344.5
1787.23	1340
1788.54	1355
1789.85	1317
1791.17	1401.5
1792.48	1345
1793.79	1343
1795.1	1353.5
1796.41	1351
1797.73	1335
1799.04	1349.5
1800.35	1343.5
1801.66	1332.5
1802.97	1353
1804.28	1394
1805.59	1367
1806.9	1360
1808.21	1354
1809.52	1340.5
1810.83	1325
1812.13	1357.5
1813.44	1307.5
1814.75	1344
1816.06	1355
1817.37	1329.5
1818.67	1320
1819.98	1342
1821.29	1315
1822.59	1316.5
1823.9	1335.5
1825.21	1328
1826.51	1364
1827.82	1327.5
1829.12	1344
1830.43	1328
1831.73	1300
1833.04	1323
1834.34	1354
1835.65	1314.5
1836.95	1319.5
1838.25	1345.5
1839.56	1322
1840.86	1366
1842.16	1349
1843.46	1285.5
1844.77	1344.5
1846.07	1317
1847.37	1332
1848.67	1311.5
1849.97	1313
1851.27	1345.5
1852.57	1330
1853.87	1339
1855.18	1353.5
1856.48	1308
1857.77	1320.5
1859.07	1333
1860.37	1318
1861.67	1299.5
1862.97	1323
1864.27	1331.5
1865.57	1278.5
1866.87	1324
1868.16	1336.5
1869.46	1328.5
1870.76	1313
1872.06	1360.5
1873.35	1348.5
1874.65	1340.5
1875.95	1280
1877.24	1285.5
1878.54	1313
1879.83	1327.5
1881.13	1339
1882.42	1319
1883.72	1310
1885.01	1319.5
1886.31	1316
1887.6	1327.5
1888.89	1342.5
1890.19	1349
1891.48	1330
1892.78	1297.5
1894.07	1343
1895.36	1326
1896.65	1329
1897.95	1293
1899.24	1328
1900.53	1342.5
1901.82	1292
1903.11	1300
1904.4	1324
1905.69	1337
1906.98	1358
1908.27	1340
1909.56	1342.5
1910.85	1335.5
1912.14	1329
1913.43	1312.5
1914.72	1314
1916.01	1345
1917.3	1334.5
1918.59	1335
1919.87	1323.5
1921.16	1317.5
1922.45	1294.5
1923.74	1317
1925.02	1353.5
1926.31	1357.5
1927.6	1314.5
1928.88	1316.5
1930.17	1328
1931.45	1315
1932.74	1348.5
1934.03	1328.5
1935.31	1320
1936.59	1325.5
1937.88	1324.5
1939.16	1334.5
1940.45	1343.5
1941.73	1321.5
