492.825	72
494.381	76
495.936	77
497.494	87
499.049	76
500.603	87
502.158	82
503.712	85
505.266	82
506.819	89
508.375	74
509.928	77
511.481	84
513.034	85
514.586	70
516.138	80
517.69	75
519.241	82
520.793	84
522.344	73
523.894	80
525.445	82
526.995	80
528.545	81
530.095	86
531.644	74
533.193	92
534.74	82
536.289	78
537.837	73
539.385	66
540.933	81
542.481	91
544.028	92
545.573	72
547.12	74
548.667	86
550.213	75
551.759	80
553.303	68
554.848	78
556.393	90
557.938	73
559.481	79
561.025	95
562.57	67
564.111	78
565.655	78
567.199	82
568.74	76
570.283	73
571.823	73
573.366	69
574.908	91
576.447	64
577.989	82
579.528	85
581.069	74
582.608	78
584.149	84
585.687	81
587.227	82
588.765	88
590.304	84
591.841	79
593.38	90
594.917	150
596.453	134
597.992	182
599.528	149
601.065	83
602.601	80
604.136	85
605.673	84
607.207	81
608.742	76
610.278	69
611.812	84
613.345	76
614.879	64
616.414	70
617.946	80
619.479	84
621.011	83
622.543	78
624.077	79
625.609	64
627.14	82
628.671	80
630.202	83
631.732	81
633.262	83
634.792	98
636.322	76
637.854	86
639.383	88
640.912	86
642.44	58
643.969	76
645.497	74
647.025	86
648.552	80
650.08	84
651.605	68
653.132	82
654.659	80
656.185	84
657.711	71
659.237	78
660.762	81
662.288	79
663.811	75
665.336	93
666.86	83
668.385	84
669.909	88
671.43	80
672.954	85
674.477	88
676	78
677.521	76
679.044	84
680.566	87
682.086	80
683.608	79
685.129	85
686.648	78
688.169	92
689.688	85
691.209	77
692.729	80
694.247	83
695.766	68
697.284	86
698.803	73
700.32	91
701.839	82
703.355	68
704.873	93
706.389	76
707.907	85
709.422	78
710.938	88
712.455	75
713.969	87
715.486	84
717	78
718.514	88
720.027	88
721.543	87
723.056	91
724.569	126
726.083	142
727.596	120
729.108	102
730.62	92
732.133	81
733.645	82
735.156	95
736.667	82
738.177	97
739.688	98
741.198	126
742.71	152
744.219	106
745.728	89
747.238	104
748.746	90
750.255	87
751.763	88
753.271	90
754.779	88
756.287	76
757.794	93
759.301	81
760.808	85
762.315	83
763.819	84
765.325	97
766.831	89
768.336	90
769.842	90
771.347	93
772.852	88
774.354	72
775.859	62
777.363	90
778.866	82
780.368	94
781.871	82
783.374	86
784.877	95
786.378	92
787.88	100
789.382	92
790.882	79
792.383	87
793.883	92
795.384	106
796.885	86
798.383	98
799.883	82
801.382	79
802.881	90
804.379	90
805.878	103
807.375	128
808.874	123
810.371	100
811.867	90
813.365	94
814.861	97
816.358	125
817.854	423
819.349	1730
820.846	1735
822.34	332
823.835	127
825.331	100
826.824	108
828.318	98
829.811	102
831.306	106
832.799	92
834.292	110
835.784	100
837.276	106
838.768	68
840.262	93
841.753	90
843.244	92
844.735	84
846.226	94
847.716	90
849.206	95
850.696	106
852.186	99
853.675	98
855.164	96
856.653	90
858.142	96
859.63	104
861.118	113
862.606	125
864.094	109
865.579	105
867.066	94
868.553	87
870.04	89
871.526	95
873.013	102
874.497	86
875.982	97
877.468	102
878.953	99
880.436	87
881.921	102
883.405	80
884.887	106
886.371	94
887.855	97
889.336	103
890.82	97
892.301	86
893.783	96
895.264	102
896.746	98
898.226	101
899.708	103
901.187	88
902.669	82
904.148	122
905.629	143
907.107	102
908.587	120
910.065	109
911.543	96
913.023	101
914.5	94
915.977	113
917.456	98
918.933	110
920.409	98
921.885	108
923.363	94
924.839	90
926.314	99
927.789	91
929.264	104
930.741	104
932.215	94
933.689	101
935.163	94
936.637	102
938.11	91
939.584	110
941.057	98
942.529	98
944.002	106
945.474	104
946.946	110
948.418	94
949.889	104
951.36	94
952.831	106
954.302	105
955.773	114
957.243	108
958.711	107
960.181	121
961.651	108
963.12	107
964.589	111
966.056	100
967.524	113
968.993	110
970.459	111
971.927	120
973.395	94
974.86	108
976.327	104
977.794	106
979.259	119
980.725	114
982.189	99
983.655	102
985.119	100
986.585	90
988.048	120
989.513	112
990.976	106
992.44	102
993.902	98
995.366	110
996.828	104
998.29	123
999.753	102
1001.21	110
1002.68	98
1004.14	104
1005.6	98
1007.06	109
1008.52	94
1009.98	111
1011.44	114
1012.9	110
1014.36	117
1015.82	113
1017.28	127
1018.73	102
1020.19	104
1021.65	104
1023.11	105
1024.57	96
1026.02	107
1027.48	112
1028.94	111
1030.39	112
1031.85	116
1033.3	112
1034.76	121
1036.22	122
1037.67	118
1039.13	111
1040.58	96
1042.03	118
1043.49	107
1044.94	114
1046.39	122
1047.85	108
1049.3	112
1050.75	104
1052.2	114
1053.66	123
1055.11	107
1056.56	115
1058.01	114
1059.46	100
1060.91	120
1062.36	114
1063.81	121
1065.26	118
1066.71	115
1068.16	118
1069.61	119
1071.06	116
1072.51	129
1073.95	122
1075.4	129
1076.85	110
1078.3	145
1079.74	123
1081.19	127
1082.64	118
1084.08	112
1085.53	115
1086.98	128
1088.42	123
1089.87	127
1091.31	130
1092.76	126
1094.2	110
1095.64	109
1097.09	123
1098.53	122
1099.97	126
1101.42	130
1102.86	152
1104.3	516
1105.75	704
1107.19	155
1108.63	146
1110.07	142
1111.51	145
1112.95	148
1114.39	236
1115.83	924
1117.27	3520
1118.71	3162
1120.15	260
1121.59	173
1123.03	149
1124.47	162
1125.91	128
1127.35	140
1128.78	133
1130.22	151
1131.66	122
1133.1	168
1134.53	262
1135.97	1310
1137.4	607
1138.84	158
1140.28	142
1141.71	134
1143.15	133
1144.58	139
1146.02	138
1147.45	138
1148.88	141
1150.32	114
1151.75	122
1153.18	127
1154.62	135
1156.05	130
1157.48	149
1158.92	144
1160.35	144
1161.78	151
1163.21	140
1164.64	138
1166.07	132
1167.5	120
1168.93	136
1170.36	138
1171.79	144
1173.22	130
1174.65	142
1176.08	128
1177.51	134
1178.94	146
1180.37	128
1181.79	134
1183.22	143
1184.65	126
1186.08	140
1187.5	136
1188.93	142
1190.35	120
1191.78	172
1193.21	156
1194.63	154
1196.06	126
1197.48	142
1198.91	135
1200.33	130
1201.76	140
1203.18	155
1204.6	166
1206.03	138
1207.45	144
1208.87	143
1210.29	133
1211.72	140
1213.14	154
1214.56	170
1215.98	169
1217.4	192
1218.82	322
1220.25	2332
1221.66	1849
1223.09	202
1224.5	164
1225.93	175
1227.34	150
1228.76	163
1230.18	166
1231.6	153
1233.02	151
1234.44	155
1235.85	144
1237.27	151
1238.69	153
1240.11	134
1241.52	159
1242.94	140
1244.35	148
1245.77	155
1247.19	161
1248.6	152
1250.02	147
1251.43	137
1252.85	160
1254.26	122
1255.67	166
1257.09	156
1258.5	167
1259.92	168
1261.33	172
1262.74	170
1264.15	152
1265.56	150
1266.98	165
1268.39	162
1269.8	153
1271.21	174
1272.62	167
1274.03	181
1275.44	158
1276.85	176
1278.26	182
1279.67	176
1281.08	162
1282.49	170
1283.9	148
1285.31	164
1286.71	176
1288.12	164
1289.53	149
1290.94	170
1292.34	176
1293.75	160
1295.16	172
1296.56	164
1297.97	192
1299.38	233
1300.78	191
1302.19	190
1303.59	176
1305	181
1306.4	192
1307.8	226
1309.21	471
1310.61	2159
1312.01	1813
1313.42	305
1314.82	221
1316.22	200
1317.63	195
1319.03	191
1320.43	186
1321.83	192
1323.23	196
1324.63	188
1326.03	174
1327.44	185
1328.84	208
1330.24	196
1331.63	191
1333.03	187
1334.43	170
1335.83	162
1337.23	187
1338.63	174
1340.03	188
1341.42	198
1342.82	196
1344.22	204
1345.62	178
1347.01	210
1348.41	203
1349.81	206
1351.2	213
1352.6	186
1353.99	200
1355.39	200
1356.78	223
1358.18	204
1359.57	217
1360.97	210
1362.36	210
1363.75	212
1365.15	186
1366.54	218
1367.93	198
1369.33	227
1370.72	221
1372.11	202
1373.5	236
1374.89	230
1376.28	221
1377.68	225
1379.07	240
1380.46	239
1381.85	200
1383.24	242
1384.63	228
1386.02	256
1387.4	242
1388.79	268
1390.18	253
1391.57	250
1392.96	266
1394.35	290
1395.73	356
1397.12	560
1398.51	4276
1399.89	13362
1401.28	1808
1402.67	426
1404.05	353
1405.44	283
1406.83	284
1408.21	294
1409.59	316
1410.98	277
1412.36	260
1413.75	266
1415.13	270
1416.52	267
1417.9	256
1419.28	290
1420.67	295
1422.05	274
1423.43	286
1424.81	296
1426.19	286
1427.58	300
1428.96	320
1430.34	290
1431.72	310
1433.1	320
1434.48	384
1435.86	1204
1437.24	1610
1438.62	412
1440	398
1441.38	403
1442.76	506
1444.13	696
1445.51	1589
1446.89	13122
1448.27	63042
1449.64	9744
1451.02	1147
1452.4	734
1453.78	588
1455.15	515
1456.53	499
1457.9	416
1459.28	424
1460.65	414
1462.03	376
1463.4	382
1464.78	406
1466.15	422
1467.53	350
1468.9	360
1470.27	362
1471.65	346
1473.02	360
1474.39	370
1475.76	338
1477.14	382
1478.51	359
1479.88	358
1481.25	352
1482.62	363
1483.99	369
1485.36	367
1486.73	352
1488.1	347
1489.47	350
1490.84	364
1492.21	404
1493.58	355
1494.95	365
1496.32	376
1497.69	384
1499.06	374
1500.42	379
1501.79	390
1503.16	411
1504.53	410
1505.89	393
1507.26	420
1508.63	398
1509.99	401
1511.36	402
1512.72	434
1514.09	386
1515.45	421
1516.82	421
1518.18	432
1519.55	398
1520.91	454
1522.27	436
1523.64	405
1525	432
1526.36	451
1527.72	467
1529.09	452
1530.45	460
1531.81	481
1533.17	472
1534.53	487
1535.89	521
1537.25	491
1538.62	522
1539.98	525
1541.34	494
1542.7	507
1544.05	510
1545.41	514
1546.77	511
1548.13	530
1549.49	529
1550.85	544
1552.21	544
1553.56	559
1554.92	594
1556.28	594
1557.64	610
1558.99	589
1560.35	645
1561.7	640
1563.06	686
1564.42	748
1565.77	1426
1567.13	7655
1568.48	7670
1569.84	1149
1571.19	792
1572.55	778
1573.9	805
1575.25	832
1576.6	834
1577.96	933
1579.31	1015
1580.66	1030
1582.02	1025
1583.37	1068
1584.72	1000
1586.07	1038
1587.42	1586
1588.77	2232
1590.12	1051
1591.47	970
1592.83	972
1594.17	920
1595.53	1023
1596.87	1026
1598.22	999
1599.57	1061
1600.92	1040
1602.27	1208
1603.62	1594
1604.96	1368
1606.31	1164
1607.66	1208
1609.01	1252
1610.35	1430
1611.7	2119
1613.05	12161
1614.39	35292
1615.74	7083
1617.09	1776
1618.43	1478
1619.78	1413
1621.12	1408
1622.47	1362
1623.81	1433
1625.15	1467
1626.5	1442
1627.84	1440
1629.18	1486
1630.53	1482
1631.87	1462
1633.21	1559
1634.55	1680
1635.9	1705
1637.24	1615
1638.58	1779
1639.92	2193
1641.26	1882
1642.6	1804
1643.94	1843
1645.28	1904
1646.62	1924
1647.96	1918
1649.3	2002
1650.64	1966
1651.98	2137
1653.32	2090
1654.66	2066
1656	2120
1657.34	2144
1658.67	2271
1660.01	2357
1661.35	2412
1662.68	2526
1664.02	2596
1665.36	2624
1666.69	2721
1668.03	2804
1669.37	2810
1670.7	2874
1672.04	3111
1673.37	3116
1674.71	3008
1676.04	3339
1677.38	3356
1678.71	3653
1680.04	3650
1681.38	3762
1682.71	3934
1684.04	4031
1685.37	4307
1686.71	4646
1688.04	5156
1689.37	5566
1690.7	6060
1692.03	6951
1693.37	7418
1694.69	8899
1696.03	10446
1697.36	11368
1698.69	13002
1700.02	15802
1701.35	20506
1702.67	27802
1704.01	46077
1705.33	64525
1706.66	64525
1707.99	64525
1709.32	64525
1710.65	64525
1711.97	64525
1713.3	64525
1714.63	53251
1715.95	38346
1717.28	31324
1718.61	24722
1719.93	20769
1721.26	16642
1722.59	14152
1723.91	12454
1725.24	11762
1726.56	10444
1727.89	9344
1729.21	7839
1730.53	7201
1731.86	6977
1733.18	6236
1734.5	6311
1735.83	5890
1737.15	5440
1738.47	5144
1739.79	4995
1741.12	4787
1742.44	4621
1743.76	4748
1745.08	4546
1746.4	4266
1747.72	4127
1749.04	4176
1750.36	4214
1751.68	4317
1753	4538
1754.32	4588
1755.64	4874
1756.96	4782
1758.28	4547
1759.6	4453
1760.92	4570
1762.23	4402
1763.55	4055
1764.87	4334
1766.19	6347
1767.5	8899
1768.82	10290
1770.14	4601
1771.45	3700
1772.77	3652
1774.09	3664
1775.4	3569
1776.72	3606
1778.03	3612
1779.35	3464
1780.66	3205
1781.98	3098
1783.29	3136
1784.6	3188
1785.92	3310
1787.23	3802
1788.54	4635
1789.85	7412
1791.17	29190
1792.48	64525
1793.79	64525
1795.1	64525
1796.41	64525
1797.73	16010
1799.04	8573
1800.35	6164
1801.66	4976
1802.97	4224
1804.28	3634
1805.59	3204
1806.9	2844
1808.21	2631
1809.52	2511
1810.83	2360
1812.13	2264
1813.44	2102
1814.75	1942
1816.06	1953
1817.37	1848
1818.67	1888
1819.98	1704
1821.29	1716
1822.59	1642
1823.9	1574
1825.21	1530
1826.51	1516
1827.82	1503
1829.12	1425
1830.43	1407
1831.73	1454
1833.04	1448
1834.34	1364
1835.65	1380
1836.95	1350
1838.25	1366
1839.56	1425
1840.86	1448
1842.16	1482
1843.46	1372
1844.77	1412
1846.07	1367
1847.37	1344
1848.67	1479
1849.97	2208
1851.27	6971
1852.57	9498
1853.87	13636
1855.18	8698
1856.48	2056
1857.77	1410
1859.07	1266
1860.37	1329
1861.67	1985
1862.97	5452
1864.27	5161
1865.57	8613
1866.87	3530
1868.16	1314
1869.46	1164
1870.76	999
1872.06	1001
1873.35	976
1874.65	967
1875.95	798
1877.24	1001
1878.54	934
1879.83	959
1881.13	1014
1882.42	1504
1883.72	2999
1885.01	2567
1886.31	4112
1887.6	1794
1888.89	941
1890.19	920
1891.48	889
1892.78	896
1894.07	890
1895.36	894
1896.65	968
1897.95	1790
1899.24	2092
1900.53	2336
1901.82	2888
1903.11	1184
1904.4	906
1905.69	870
1906.98	892
1908.27	897
1909.56	918
1910.85	908
1912.14	866
1913.43	882
1914.72	904
1916.01	858
1917.3	874
1918.59	858
1919.87	844
1921.16	906
1922.45	858
1923.74	915
1925.02	907
1926.31	960
1927.6	921
1928.88	914
1930.17	974
1931.45	960
1932.74	946
1934.03	976
1935.31	1018
1936.59	1081
1937.88	1014
1939.16	1070
1940.45	1086
1941.73	1285
