492.846	114
494.401	104
495.957	116
497.512	119
499.067	112
500.622	106
502.178	124
503.732	113
505.286	122
506.84	124
508.393	95
509.946	107
511.499	125
513.052	110
514.604	109
516.156	100
517.71	115
519.262	100
520.813	106
522.364	117
523.915	96
525.463	120
527.013	104
528.563	104
530.113	103
531.662	101
533.212	109
534.76	111
536.309	108
537.858	104
539.406	117
540.953	102
542.499	113
544.046	112
545.593	111
547.14	97
548.687	115
550.231	106
551.777	113
553.323	102
554.868	100
556.412	98
557.956	94
559.501	119
561.046	110
562.588	108
564.132	110
565.675	100
567.217	86
568.76	108
570.301	108
571.843	106
573.386	108
574.926	113
576.468	88
578.007	102
579.549	106
581.088	97
582.628	102
584.167	95
585.707	110
587.245	108
588.785	108
590.322	105
591.862	102
593.399	110
594.937	126
596.474	254
598.01	564
599.548	269
601.083	132
602.621	102
604.156	112
605.691	115
607.228	108
608.762	102
610.296	114
611.83	104
613.365	98
614.899	113
616.432	119
617.965	103
619.499	119
621.031	101
622.564	107
624.095	103
625.627	108
627.158	120
628.691	111
630.222	103
631.752	102
633.283	111
634.813	116
636.342	111
637.872	106
639.401	134
640.93	168
642.458	118
643.987	110
645.515	95
647.043	104
648.571	108
650.098	108
651.625	121
653.152	136
654.679	145
656.205	124
657.731	108
659.257	121
660.781	112
662.306	107
663.831	110
665.356	100
666.88	119
668.403	115
669.927	110
671.451	109
672.974	110
674.495	104
676.018	106
677.541	100
679.064	109
680.584	115
682.106	117
683.628	110
685.147	112
686.668	102
688.187	115
689.708	117
691.229	114
692.747	119
694.267	126
695.784	106
697.304	110
698.821	120
700.34	129
701.857	111
703.375	90
704.891	101
706.409	119
707.925	118
709.442	109
710.958	124
712.472	108
713.989	122
715.504	123
717.018	124
718.534	117
720.047	118
721.561	116
723.076	118
724.589	150
726.101	379
727.614	208
729.128	138
730.64	114
732.151	124
733.663	130
735.174	104
736.687	123
738.197	113
739.708	134
741.218	194
742.727	446
744.237	146
745.746	122
747.255	132
748.764	106
750.273	106
751.781	110
753.289	117
754.797	115
756.305	130
757.812	117
759.319	117
760.826	120
762.333	119
763.839	113
765.345	120
766.851	127
768.356	122
769.862	128
771.365	133
772.869	134
774.374	98
775.878	125
777.382	120
778.884	104
780.388	120
781.891	140
783.392	130
784.895	132
786.397	104
787.898	119
789.4	133
790.902	131
792.401	124
793.903	136
795.404	134
796.902	131
798.403	124
799.901	113
801.401	120
802.899	132
804.399	122
805.896	131
807.395	156
808.892	270
810.39	143
811.887	126
813.383	150
814.881	136
816.376	158
817.873	320
819.369	2692
820.863	6788
822.36	741
823.854	178
825.348	159
826.842	116
828.338	140
829.831	140
831.324	112
832.817	138
834.312	145
835.804	140
837.296	135
838.788	134
840.28	144
841.771	140
843.262	124
844.753	130
846.245	120
847.736	115
849.226	120
850.716	129
852.205	134
853.695	132
855.184	132
856.673	128
858.161	136
859.648	139
861.136	151
862.624	198
864.112	165
865.599	137
867.086	118
868.573	140
870.06	140
871.544	130
873.03	150
874.516	128
876.002	140
877.485	134
878.971	144
880.455	137
881.938	140
883.423	122
884.907	133
886.389	130
887.872	146
889.356	135
890.837	137
892.32	144
893.801	126
895.283	150
896.766	143
898.246	125
899.727	131
901.207	137
902.686	128
904.167	162
905.646	258
907.127	160
908.605	140
910.085	128
911.563	146
913.04	136
914.52	131
915.997	146
917.474	143
918.952	148
920.429	154
921.905	153
923.381	128
924.856	150
926.334	151
927.809	138
929.284	142
930.758	153
932.233	145
933.707	147
935.183	132
936.656	148
938.13	132
939.603	135
941.076	143
942.549	152
944.021	142
945.493	144
946.965	140
948.437	154
949.909	157
951.38	143
952.849	132
954.32	144
955.79	146
957.261	130
958.731	155
960.2	159
961.67	150
963.137	152
964.606	160
966.075	140
967.544	152
969.01	152
970.478	154
971.946	150
973.412	146
974.879	168
976.346	162
977.811	144
979.278	161
980.743	154
982.209	137
983.675	137
985.138	151
986.604	142
988.067	156
989.532	160
990.995	150
992.458	146
993.922	149
995.384	144
996.848	156
998.309	163
999.771	150
1001.23	156
1002.69	160
1004.16	145
1005.62	160
1007.08	160
1008.54	146
1010	150
1011.46	155
1012.92	149
1014.38	158
1015.84	163
1017.29	166
1018.75	156
1020.21	153
1021.67	163
1023.13	162
1024.58	166
1026.04	180
1027.5	154
1028.96	158
1030.41	166
1031.87	160
1033.32	175
1034.78	167
1036.23	148
1037.69	169
1039.14	157
1040.6	164
1042.05	168
1043.51	154
1044.96	168
1046.41	158
1047.86	180
1049.32	172
1050.77	157
1052.22	176
1053.67	166
1055.13	169
1056.58	178
1058.03	149
1059.48	166
1060.93	176
1062.38	158
1063.83	172
1065.28	169
1066.73	178
1068.18	173
1069.63	179
1071.08	158
1072.53	178
1073.97	170
1075.42	180
1076.87	164
1078.32	188
1079.76	185
1081.21	190
1082.66	173
1084.1	177
1085.55	193
1086.99	171
1088.44	162
1089.89	200
1091.33	193
1092.77	176
1094.22	176
1095.66	198
1097.11	203
1098.55	187
1099.99	194
1101.44	229
1102.88	198
1104.32	812
1105.76	2205
1107.2	269
1108.65	220
1110.09	224
1111.53	223
1112.97	237
1114.41	329
1115.85	1994
1117.29	6842
1118.73	11196
1120.17	450
1121.61	264
1123.05	230
1124.49	224
1125.93	213
1127.36	220
1128.8	218
1130.24	202
1131.68	225
1133.11	234
1134.55	374
1135.99	3170
1137.42	1900
1138.86	236
1140.29	218
1141.73	210
1143.17	210
1144.6	224
1146.03	211
1147.47	212
1148.9	198
1150.34	225
1151.77	217
1153.2	210
1154.64	216
1156.07	217
1157.5	208
1158.93	210
1160.37	214
1161.8	223
1163.23	218
1164.66	225
1166.09	192
1167.52	216
1168.95	216
1170.38	229
1171.81	219
1173.24	223
1174.67	208
1176.1	219
1177.53	210
1178.96	212
1180.38	232
1181.81	236
1183.24	224
1184.67	221
1186.09	215
1187.52	203
1188.95	231
1190.37	222
1191.8	243
1193.23	223
1194.65	208
1196.08	231
1197.5	234
1198.93	240
1200.35	230
1201.77	237
1203.2	252
1204.62	279
1206.05	275
1207.47	229
1208.89	226
1210.31	254
1211.73	250
1213.16	272
1214.58	275
1216	285
1217.42	311
1218.84	490
1220.26	4809
1221.68	6482
1223.1	337
1224.52	287
1225.94	286
1227.36	271
1228.78	277
1230.2	255
1231.62	261
1233.04	267
1234.45	277
1235.87	264
1237.29	266
1238.71	242
1240.12	251
1241.54	276
1242.96	259
1244.37	277
1245.79	272
1247.2	258
1248.62	262
1250.03	232
1251.45	274
1252.86	274
1254.28	277
1255.69	283
1257.11	270
1258.52	275
1259.93	295
1261.35	288
1262.76	275
1264.17	278
1265.58	273
1267	282
1268.41	274
1269.82	286
1271.23	259
1272.64	277
1274.05	283
1275.46	271
1276.87	264
1278.28	284
1279.69	264
1281.1	292
1282.51	268
1283.92	297
1285.32	269
1286.73	284
1288.14	308
1289.55	301
1290.95	280
1292.36	299
1293.77	294
1295.18	281
1296.58	300
1297.99	320
1299.39	457
1300.8	329
1302.2	300
1303.61	320
1305.01	326
1306.42	342
1307.82	378
1309.23	704
1310.63	4762
1312.03	6082
1313.44	710
1314.84	344
1316.24	336
1317.64	323
1319.05	349
1320.45	346
1321.85	337
1323.25	346
1324.65	336
1326.05	358
1327.45	344
1328.85	328
1330.25	339
1331.65	343
1333.05	348
1334.45	353
1335.85	362
1337.25	354
1338.65	359
1340.05	393
1341.44	346
1342.84	354
1344.24	377
1345.63	356
1347.03	375
1348.43	368
1349.82	352
1351.22	384
1352.61	370
1354.01	382
1355.41	381
1356.8	401
1358.19	410
1359.59	409
1360.98	370
1362.38	404
1363.77	398
1365.16	417
1366.56	425
1367.95	424
1369.34	370
1370.73	444
1372.13	432
1373.52	412
1374.91	413
1376.3	402
1377.69	418
1379.08	455
1380.47	425
1381.86	436
1383.25	428
1384.64	440
1386.03	426
1387.42	485
1388.81	478
1390.2	451
1391.59	505
1392.98	505
1394.36	532
1395.75	616
1397.14	813
1398.53	4828
1399.91	40820
1401.3	6031
1402.68	745
1404.07	624
1405.46	584
1406.84	548
1408.23	534
1409.61	530
1411	526
1412.38	527
1413.77	562
1415.15	515
1416.53	530
1417.92	537
1419.3	571
1420.68	552
1422.06	572
1423.45	581
1424.83	536
1426.21	588
1427.59	581
1428.97	608
1430.36	600
1431.74	625
1433.12	653
1434.5	701
1435.88	1882
1437.26	5198
1438.64	842
1440.01	782
1441.39	857
1442.77	899
1444.15	1170
1445.53	2099
1446.91	15822
1448.29	64525
1449.66	37404
1451.04	1755
1452.41	1164
1453.79	1004
1455.17	894
1456.54	879
1457.92	850
1459.3	760
1460.67	752
1462.05	731
1463.42	744
1464.8	772
1466.17	895
1467.54	772
1468.92	721
1470.29	736
1471.66	747
1473.04	756
1474.41	732
1475.78	736
1477.16	729
1478.53	730
1479.9	760
1481.27	776
1482.64	748
1484.01	752
1485.38	734
1486.75	753
1488.12	749
1489.49	819
1490.86	772
1492.23	836
1493.6	776
1494.97	804
1496.34	802
1497.71	800
1499.07	849
1500.44	841
1501.81	782
1503.18	840
1504.54	867
1505.91	840
1507.28	897
1508.64	835
1510.01	900
1511.37	910
1512.74	889
1514.1	903
1515.47	959
1516.83	832
1518.2	970
1519.56	945
1520.93	988
1522.29	932
1523.65	941
1525.02	950
1526.38	979
1527.74	1009
1529.1	1000
1530.47	1036
1531.83	1011
1533.19	1047
1534.55	1071
1535.91	1113
1537.27	1102
1538.63	1126
1539.99	1107
1541.35	1147
1542.71	1134
1544.07	1170
1545.43	1128
1546.79	1155
1548.15	1210
1549.51	1188
1550.87	1236
1552.22	1293
1553.58	1283
1554.94	1284
1556.3	1315
1557.65	1369
1559.01	1353
1560.37	1410
1561.72	1416
1563.08	1494
1564.43	1548
1565.79	2144
1567.14	12646
1568.5	29568
1569.85	2472
1571.21	1659
1572.56	1696
1573.92	1720
1575.27	1727
1576.62	1698
1577.97	1829
1579.33	1980
1580.68	1902
1582.03	1894
1583.38	1970
1584.74	1912
1586.09	1991
1587.44	2571
1588.79	6441
1590.14	2373
1591.49	2029
1592.84	2123
1594.19	2164
1595.54	2191
1596.89	2251
1598.24	2233
1599.59	2250
1600.94	2299
1602.29	2469
1603.63	3709
1604.98	3308
1606.33	2556
1607.68	2630
1609.02	2756
1610.37	2952
1611.72	3409
1613.06	10040
1614.41	64525
1615.76	25420
1617.1	3656
1618.45	3344
1619.79	3063
1621.14	3248
1622.48	3048
1623.83	3150
1625.17	3272
1626.51	3184
1627.86	3299
1629.2	3410
1630.54	3424
1631.89	3489
1633.23	3514
1634.57	3670
1635.91	3901
1637.26	3804
1638.6	3877
1639.94	5439
1641.28	4702
1642.62	4157
1643.96	4120
1645.3	4371
1646.64	4313
1647.98	4347
1649.32	4282
1650.66	4304
1652	4596
1653.34	4669
1654.68	4925
1656.01	4874
1657.35	5003
1658.69	5074
1660.03	5243
1661.36	5431
1662.7	5486
1664.04	5507
1665.38	5645
1666.71	5762
1668.05	5830
1669.38	6077
1670.72	6202
1672.05	6450
1673.39	6690
1674.72	6718
1676.06	6914
1677.39	7059
1678.73	7299
1680.06	7508
1681.39	8026
1682.73	8476
1684.06	8282
1685.39	8624
1686.72	9260
1688.06	10046
1689.39	10550
1690.72	11046
1692.05	11651
1693.38	12728
1694.71	14017
1696.04	15994
1697.37	17884
1698.7	20633
1700.03	24394
1701.36	30944
1702.69	40934
1704.02	58620
1705.35	64525
1706.68	64525
1708.01	64525
1709.34	64525
1710.66	64525
1711.99	64525
1713.32	64525
1714.65	64525
1715.97	57857
1717.3	46251
1718.62	37036
1719.95	31552
1721.28	26854
1722.6	22834
1723.93	20338
1725.25	19654
1726.58	18095
1727.9	16387
1729.23	15055
1730.55	14721
1731.87	14416
1733.2	13401
1734.52	13718
1735.84	13292
1737.17	12577
1738.49	12670
1739.81	12408
1741.13	12392
1742.46	11940
1743.78	12474
1745.1	12193
1746.42	12210
1747.74	11754
1749.06	12061
1750.38	12108
1751.7	11790
1753.02	11999
1754.34	11900
1755.66	14054
1756.98	12536
1758.3	11673
1759.62	10825
1760.93	11000
1762.25	10374
1763.57	10020
1764.89	9510
1766.2	12251
1767.52	18381
1768.84	37930
1770.16	11555
1771.47	8772
1772.79	8655
1774.1	8606
1775.42	7952
1776.73	7758
1778.05	7738
1779.36	7376
1780.68	7041
1781.99	6750
1783.31	6840
1784.62	6736
1785.93	6911
1787.25	7314
1788.56	8050
1789.87	9486
1791.19	19050
1792.5	64525
1793.81	64525
1795.12	64525
1796.43	64525
1797.74	51626
1799.05	11347
1800.36	8902
1801.68	7664
1802.99	7088
1804.3	6353
1805.61	5905
1806.91	5589
1808.22	5382
1809.53	5207
1810.84	5080
1812.15	4660
1813.46	4779
1814.77	4693
1816.07	4534
1817.38	4512
1818.69	4507
1820	4228
1821.3	4330
1822.61	4015
1823.92	4034
1825.22	3950
1826.53	3959
1827.83	3740
1829.14	3760
1830.44	3819
1831.75	3826
1833.05	3662
1834.36	3588
1835.66	3597
1836.97	3512
1838.27	3447
1839.57	3416
1840.87	3544
1842.18	3885
1843.48	3357
1844.78	3226
1846.08	3268
1847.39	3202
1848.69	3176
1849.99	3328
1851.29	5370
1852.59	16017
1853.89	55601
1855.19	28550
1856.49	4710
1857.79	3112
1859.09	2978
1860.39	2850
1861.69	3088
1862.99	4800
1864.29	13313
1865.59	33908
1866.88	9424
1868.18	2928
1869.48	2631
1870.78	2420
1872.07	2436
1873.37	2442
1874.67	2280
1875.96	2118
1877.26	2315
1878.55	2286
1879.85	2278
1881.15	2326
1882.44	2453
1883.73	3525
1885.03	8253
1886.32	15218
1887.62	4410
1888.91	2341
1890.2	2256
1891.5	2165
1892.79	2136
1894.08	2110
1895.38	2201
1896.67	2169
1897.96	2593
1899.25	3518
1900.55	8534
1901.84	9532
1903.13	3041
1904.42	2272
1905.71	2231
1907	2227
1908.29	2182
1909.58	2136
1910.87	2124
1912.16	2138
1913.45	2202
1914.74	2215
1916.03	2066
1917.31	2169
1918.6	2174
1919.89	2226
1921.18	2202
1922.46	2242
1923.75	2333
1925.04	2307
1926.33	2360
1927.61	2312
1928.9	2288
1930.18	2252
1931.47	2422
1932.76	2357
1934.04	2382
1935.33	2441
1936.61	2485
1937.9	2579
1939.18	2588
1940.46	2582
1941.75	2638
