492.846	150
494.401	154
495.957	144
497.512	168
499.067	164
500.622	168
502.178	161
503.732	165
505.286	150
506.84	156
508.393	146
509.946	165
511.499	171
513.052	140
514.604	169
516.156	148
517.71	148
519.262	162
520.813	157
522.364	150
523.915	137
525.463	145
527.013	155
528.563	154
530.113	136
531.662	148
533.212	148
534.76	160
536.309	146
537.858	154
539.406	157
540.953	159
542.499	151
544.046	154
545.593	149
547.14	142
548.687	150
550.231	151
551.777	155
553.323	136
554.868	151
556.412	158
557.956	152
559.501	160
561.046	148
562.588	152
564.132	141
565.675	158
567.217	154
568.76	156
570.301	136
571.843	144
573.386	152
574.926	155
576.468	136
578.007	140
579.549	143
581.088	146
582.628	140
584.167	138
585.707	148
587.245	143
588.785	146
590.322	144
591.862	138
593.399	162
594.937	190
596.474	327
598.01	920
599.548	341
601.083	163
602.621	136
604.156	116
605.691	124
607.228	154
608.762	142
610.296	136
611.83	152
613.365	156
614.899	164
616.432	150
617.965	144
619.499	144
621.031	147
622.564	156
624.095	154
625.627	142
627.158	145
628.691	144
630.222	140
631.752	143
633.283	149
634.813	166
636.342	169
637.872	144
639.401	196
640.93	220
642.458	140
643.987	148
645.515	140
647.043	162
648.571	144
650.098	144
651.625	162
653.152	192
654.679	185
656.205	153
657.731	148
659.257	163
660.781	148
662.306	146
663.831	146
665.356	143
666.88	142
668.403	148
669.927	164
671.451	160
672.974	169
674.495	130
676.018	147
677.541	146
679.064	139
680.584	154
682.106	145
683.628	156
685.147	156
686.668	149
688.187	158
689.708	144
691.229	152
692.747	162
694.267	162
695.784	154
697.304	154
698.821	149
700.34	161
701.857	158
703.375	157
704.891	154
706.409	151
707.925	154
709.442	168
710.958	153
712.472	146
713.989	148
715.504	160
717.018	164
718.534	143
720.047	152
721.561	166
723.076	160
724.589	206
726.101	581
727.614	242
729.128	181
730.64	165
732.151	156
733.663	158
735.174	160
736.687	148
738.197	159
739.708	158
741.218	338
742.727	628
744.237	201
745.746	179
747.255	156
748.764	154
750.273	161
751.781	157
753.289	171
754.797	151
756.305	155
757.812	161
759.319	162
760.826	138
762.333	165
763.839	165
765.345	148
766.851	174
768.356	152
769.862	148
771.365	167
772.869	168
774.374	158
775.878	154
777.382	164
778.884	176
780.388	158
781.891	178
783.392	158
784.895	162
786.397	163
787.898	176
789.4	163
790.902	160
792.401	170
793.903	166
795.404	160
796.902	174
798.403	170
799.901	158
801.401	156
802.899	169
804.399	165
805.896	166
807.395	246
808.892	362
810.39	197
811.887	182
813.383	193
814.881	200
816.376	258
817.873	760
819.369	6431
820.863	8510
822.36	608
823.854	234
825.348	212
826.842	194
828.338	193
829.831	175
831.324	180
832.817	184
834.312	177
835.804	192
837.296	157
838.788	174
840.28	178
841.771	178
843.262	191
844.753	177
846.245	168
847.736	166
849.226	186
850.716	167
852.205	186
853.695	193
855.184	187
856.673	184
858.161	188
859.648	172
861.136	184
862.624	276
864.112	196
865.599	189
867.086	173
868.573	180
870.06	164
871.544	167
873.03	148
874.516	176
876.002	152
877.485	180
878.971	180
880.455	177
881.938	160
883.423	182
884.907	164
886.389	179
887.872	168
889.356	183
890.837	190
892.32	198
893.801	172
895.283	180
896.766	198
898.246	188
899.727	180
901.207	164
902.686	181
904.167	243
905.646	352
907.127	195
908.605	212
910.085	190
911.563	199
913.04	171
914.52	186
915.997	192
917.474	184
918.952	193
920.429	172
921.905	182
923.381	181
924.856	168
926.334	192
927.809	180
929.284	201
930.758	174
932.233	174
933.707	190
935.183	192
936.656	172
938.13	196
939.603	172
941.076	196
942.549	198
944.021	189
945.493	190
946.965	202
948.437	181
949.909	188
951.38	184
952.849	185
954.32	189
955.79	184
957.261	193
958.731	178
960.2	206
961.67	198
963.137	186
964.606	191
966.075	178
967.544	200
969.01	189
970.478	183
971.946	198
973.412	176
974.879	179
976.346	195
977.811	201
979.278	190
980.743	206
982.209	198
983.675	203
985.138	200
986.604	198
988.067	220
989.532	201
990.995	177
992.458	194
993.922	198
995.384	201
996.848	196
998.309	200
999.771	207
1001.23	200
1002.69	200
1004.16	214
1005.62	214
1007.08	194
1008.54	205
1010	205
1011.46	199
1012.92	184
1014.38	206
1015.84	196
1017.29	208
1018.75	210
1020.21	198
1021.67	195
1023.13	219
1024.58	208
1026.04	204
1027.5	222
1028.96	220
1030.41	210
1031.87	206
1033.32	216
1034.78	206
1036.23	193
1037.69	227
1039.14	204
1040.6	220
1042.05	214
1043.51	220
1044.96	215
1046.41	221
1047.86	214
1049.32	214
1050.77	221
1052.22	212
1053.67	216
1055.13	207
1056.58	223
1058.03	217
1059.48	226
1060.93	222
1062.38	216
1063.83	223
1065.28	217
1066.73	218
1068.18	211
1069.63	218
1071.08	220
1072.53	222
1073.97	232
1075.42	236
1076.87	218
1078.32	242
1079.76	264
1081.21	236
1082.66	208
1084.1	227
1085.55	257
1086.99	223
1088.44	232
1089.89	244
1091.33	248
1092.77	261
1094.22	230
1095.66	240
1097.11	260
1098.55	255
1099.99	250
1101.44	284
1102.88	389
1104.32	2310
1105.76	2265
1107.2	314
1108.65	292
1110.09	303
1111.53	334
1112.97	370
1114.41	864
1115.85	3975
1117.29	16733
1118.73	10118
1120.17	498
1121.61	375
1123.05	320
1124.49	284
1125.93	280
1127.36	264
1128.8	286
1130.24	290
1131.68	313
1133.11	362
1134.55	1030
1135.99	5830
1137.42	1467
1138.86	337
1140.29	304
1141.73	292
1143.17	274
1144.6	286
1146.03	275
1147.47	310
1148.9	284
1150.34	290
1151.77	276
1153.2	274
1154.64	280
1156.07	296
1157.5	276
1158.93	276
1160.37	279
1161.8	291
1163.23	267
1164.66	286
1166.09	294
1167.52	272
1168.95	264
1170.38	276
1171.81	272
1173.24	287
1174.67	280
1176.1	264
1177.53	282
1178.96	281
1180.38	264
1181.81	285
1183.24	308
1184.67	300
1186.09	307
1187.52	266
1188.95	291
1190.37	302
1191.8	330
1193.23	270
1194.65	286
1196.08	298
1197.5	301
1198.93	309
1200.35	293
1201.77	306
1203.2	316
1204.62	388
1206.05	330
1207.47	315
1208.89	317
1210.31	336
1211.73	327
1213.16	350
1214.58	368
1216	396
1217.42	492
1218.84	1274
1220.26	11190
1221.68	5502
1223.1	434
1224.52	389
1225.94	362
1227.36	350
1228.78	324
1230.2	363
1231.62	360
1233.04	353
1234.45	336
1235.87	352
1237.29	352
1238.71	344
1240.12	327
1241.54	341
1242.96	345
1244.37	332
1245.79	344
1247.2	374
1248.62	348
1250.03	361
1251.45	351
1252.86	356
1254.28	371
1255.69	362
1257.11	358
1258.52	354
1259.93	360
1261.35	359
1262.76	363
1264.17	358
1265.58	358
1267	395
1268.41	372
1269.82	348
1271.23	376
1272.64	357
1274.05	390
1275.46	358
1276.87	376
1278.28	384
1279.69	389
1281.1	374
1282.51	376
1283.92	376
1285.32	368
1286.73	395
1288.14	398
1289.55	398
1290.95	388
1292.36	380
1293.77	387
1295.18	394
1296.58	392
1297.99	457
1299.39	638
1300.8	413
1302.2	442
1303.61	408
1305.01	431
1306.42	485
1307.82	558
1309.23	2118
1310.63	9986
1312.03	5828
1313.44	722
1314.84	501
1316.24	454
1317.64	426
1319.05	467
1320.45	441
1321.85	450
1323.25	453
1324.65	458
1326.05	453
1327.45	445
1328.85	446
1330.25	442
1331.65	475
1333.05	464
1334.45	456
1335.85	444
1337.25	476
1338.65	470
1340.05	482
1341.44	481
1342.84	478
1344.24	489
1345.63	511
1347.03	476
1348.43	535
1349.82	505
1351.22	520
1352.61	500
1354.01	523
1355.41	533
1356.8	547
1358.19	550
1359.59	550
1360.98	516
1362.38	527
1363.77	512
1365.16	532
1366.56	554
1367.95	559
1369.34	564
1370.73	614
1372.13	604
1373.52	580
1374.91	582
1376.3	599
1377.69	597
1379.08	611
1380.47	587
1381.86	637
1383.25	604
1384.64	610
1386.03	608
1387.42	700
1388.81	678
1390.2	628
1391.59	676
1392.98	744
1394.36	808
1395.75	1009
1397.14	1977
1398.53	21979
1399.91	51790
1401.3	4663
1402.68	1048
1404.07	860
1405.46	787
1406.84	778
1408.23	738
1409.61	760
1411	702
1412.38	723
1413.77	726
1415.15	740
1416.53	733
1417.92	732
1419.3	766
1420.68	720
1422.06	784
1423.45	784
1424.83	813
1426.21	798
1427.59	833
1428.97	835
1430.36	876
1431.74	881
1433.12	951
1434.5	1181
1435.88	5166
1437.26	5809
1438.64	1190
1440.01	1218
1441.39	1297
1442.77	1555
1444.15	2310
1445.53	6091
1446.91	62536
1448.29	64525
1449.66	23724
1451.04	2545
1452.41	1774
1453.79	1505
1455.17	1318
1456.54	1246
1457.92	1210
1459.3	1174
1460.67	1098
1462.05	1010
1463.42	1111
1464.8	1125
1466.17	1303
1467.54	1091
1468.92	1059
1470.29	1026
1471.66	1089
1473.04	1068
1474.41	1064
1475.78	1062
1477.16	1040
1478.53	1090
1479.9	1131
1481.27	1080
1482.64	1086
1484.01	1082
1485.38	1084
1486.75	1086
1488.12	1126
1489.49	1167
1490.86	1130
1492.23	1122
1493.6	1159
1494.97	1122
1496.34	1099
1497.71	1175
1499.07	1198
1500.44	1151
1501.81	1180
1503.18	1234
1504.54	1268
1505.91	1225
1507.28	1210
1508.64	1244
1510.01	1206
1511.37	1226
1512.74	1252
1514.1	1300
1515.47	1304
1516.83	1258
1518.2	1328
1519.56	1370
1520.93	1362
1522.29	1372
1523.65	1383
1525.02	1414
1526.38	1427
1527.74	1415
1529.1	1364
1530.47	1440
1531.83	1485
1533.19	1522
1534.55	1593
1535.91	1580
1537.27	1504
1538.63	1584
1539.99	1608
1541.35	1600
1542.71	1624
1544.07	1632
1545.43	1622
1546.79	1614
1548.15	1778
1549.51	1662
1550.87	1752
1552.22	1882
1553.58	1921
1554.94	1934
1556.3	1878
1557.65	1970
1559.01	1983
1560.37	2085
1561.72	2110
1563.08	2217
1564.43	2502
1565.79	4590
1567.14	32796
1568.5	31183
1569.85	2926
1571.21	2474
1572.56	2561
1573.92	2558
1575.27	2520
1576.62	2582
1577.97	2741
1579.33	2937
1580.68	2903
1582.03	2989
1583.38	2964
1584.74	2859
1586.09	3059
1587.44	5094
1588.79	8693
1590.14	3156
1591.49	3122
1592.84	3321
1594.19	3233
1595.54	3418
1596.89	3425
1598.24	3234
1599.59	3456
1600.94	3593
1602.29	3812
1603.63	5869
1604.98	4499
1606.33	4002
1607.68	4041
1609.02	4391
1610.37	4554
1611.72	6285
1613.06	32002
1614.41	64525
1615.76	18515
1617.1	5631
1618.45	5012
1619.79	4677
1621.14	4777
1622.48	4718
1623.83	4746
1625.17	4938
1626.51	4932
1627.86	5068
1629.2	5124
1630.54	5256
1631.89	5220
1633.23	5421
1634.57	5646
1635.91	5938
1637.26	5776
1638.6	6143
1639.94	8816
1641.28	6494
1642.62	6324
1643.96	6488
1645.3	6601
1646.64	6764
1647.98	6846
1649.32	6675
1650.66	6934
1652	7315
1653.34	7303
1654.68	7483
1656.01	7743
1657.35	7863
1658.69	7911
1660.03	8520
1661.36	8470
1662.7	8872
1664.04	8918
1665.38	8780
1666.71	8924
1668.05	9368
1669.38	9668
1670.72	10090
1672.05	10322
1673.39	10657
1674.72	10577
1676.06	11314
1677.39	11528
1678.73	11775
1680.06	12112
1681.39	13272
1682.73	13760
1684.06	13553
1685.39	14649
1686.72	15575
1688.06	16886
1689.39	17470
1690.72	18548
1692.05	20323
1693.38	22552
1694.71	24640
1696.04	28708
1697.37	32665
1698.7	37630
1700.03	46785
1701.36	61564
1702.69	64525
1704.02	64525
1705.35	64525
1706.68	64525
1708.01	64525
1709.34	64525
1710.66	64525
1711.99	64525
1713.32	64525
1714.65	64525
1715.97	64525
1717.3	64525
1718.62	61379
1719.95	51522
1721.28	44404
1722.6	38417
1723.93	35279
1725.25	32357
1726.58	29189
1727.9	26188
1729.23	23777
1730.55	23249
1731.87	21914
1733.2	21086
1734.52	21196
1735.84	19969
1737.17	19806
1738.49	18902
1739.81	19044
1741.13	18726
1742.46	18511
1743.78	18651
1745.1	19003
1746.42	18764
1747.74	18919
1749.06	19026
1750.38	19937
1751.7	19812
1753.02	20172
1754.34	21094
1755.66	24138
1756.98	21771
1758.3	19628
1759.62	18656
1760.93	18750
1762.25	17467
1763.57	16220
1764.89	16242
1766.2	21860
1767.52	34724
1768.84	55878
1770.16	17348
1771.47	15675
1772.79	15701
1774.1	14761
1775.42	13796
1776.73	13547
1778.05	13226
1779.36	12110
1780.68	11219
1781.99	10956
1783.31	10960
1784.62	11087
1785.93	11483
1787.25	12714
1788.56	14202
1789.87	17262
1791.19	39294
1792.5	64525
1793.81	64525
1795.12	64525
1796.43	64525
1797.74	32361
1799.05	18272
1800.36	14170
1801.68	12012
1802.99	10998
1804.3	10044
1805.61	9228
1806.91	8714
1808.22	8372
1809.53	8239
1810.84	7866
1812.15	7358
1813.46	7227
1814.77	7060
1816.07	6918
1817.38	6830
1818.69	6798
1820	6557
1821.3	6417
1822.61	6166
1823.92	6134
1825.22	6040
1826.53	5982
1827.83	5630
1829.14	5704
1830.44	5847
1831.75	5868
1833.05	5680
1834.36	5767
1835.66	5928
1836.97	5598
1838.27	5750
1839.57	5661
1840.87	5774
1842.18	6405
1843.48	5594
1844.78	5516
1846.08	5252
1847.39	5207
1848.69	5198
1849.99	5606
1851.29	9854
1852.59	27064
1853.89	64525
1855.19	34184
1856.49	6604
1857.79	5070
1859.09	4748
1860.39	4664
1861.69	5117
1862.99	8713
1864.29	22084
1865.59	54134
1866.88	10466
1868.18	4381
1869.48	3978
1870.78	3861
1872.07	3672
1873.37	3752
1874.67	3546
1875.96	3338
1877.26	3510
1878.55	3537
1879.85	3565
1881.15	3528
1882.44	3895
1883.73	5788
1885.03	13106
1886.32	24050
1887.62	5399
1888.91	3509
1890.2	3460
1891.5	3182
1892.79	3287
1894.08	3223
1895.38	3317
1896.67	3270
1897.96	3954
1899.25	5482
1900.55	13962
1901.84	14100
1903.13	4107
1904.42	3302
1905.71	3338
1907	3282
1908.29	3268
1909.58	3205
1910.87	3280
1912.16	3260
1913.45	3262
1914.74	3304
1916.03	3122
1917.31	3232
1918.6	3276
1919.89	3310
1921.18	3298
1922.46	3360
1923.75	3347
1925.04	3384
1926.33	3504
1927.61	3495
1928.9	3516
1930.18	3536
1931.47	3452
1932.76	3456
1934.04	3500
1935.33	3530
1936.61	3700
1937.9	3690
1939.18	3674
1940.46	3782
1941.75	3990
