1042.414189	693.0
1042.980685	691.333313
1043.547124	692.666687
1044.113505	693.666687
1044.679828	690.333313
1045.246093	688.333313
1045.8123	687.666687
1046.378449	683.666687
1046.94454	689.0
1047.510573	686.666687
1048.076548	684.333313
1048.642465	683.333313
1049.208325	681.666687
1049.774126	683.666687
1050.339869	684.333313
1050.905555	684.666687
1051.471183	685.0
1052.036752	677.333313
1052.602264	684.666687
1053.167718	682.0
1053.733114	681.0
1054.298452	678.333313
1054.863733	676.333313
1055.428955	676.666687
1055.994119	679.666687
1056.559226	676.666687
1057.124275	678.333313
1057.689266	677.333313
1058.254199	675.666687
1058.819074	675.333313
1059.383891	677.0
1059.94865	678.666687
1060.513352	675.666687
1061.077996	676.666687
1061.642582	678.333313
1062.20711	675.666687
1062.77158	675.333313
1063.335992	672.333313
1063.900347	673.0
1064.464643	669.666687
1065.028882	670.0
1065.593063	673.333313
1066.157187	677.0
1066.721252	674.333313
1067.28526	674.0
1067.84921	671.333313
1068.413102	672.333313
1068.976936	671.0
1069.540713	670.0
1070.104431	677.666687
1070.668092	673.333313
1071.231696	671.333313
1071.795241	670.666687
1072.358729	670.0
1072.922159	670.333313
1073.485531	674.0
1074.048845	671.333313
1074.612102	675.0
1075.175301	670.666687
1075.738442	672.333313
1076.301525	669.0
1076.864551	673.666687
1077.427519	671.666687
1077.990429	670.333313
1078.553281	669.0
1079.116076	667.333313
1079.678813	673.0
1080.241492	670.666687
1080.804114	671.0
1081.366678	672.0
1081.929184	670.0
1082.491633	669.333313
1083.054024	669.666687
1083.616357	667.333313
1084.178632	669.0
1084.74085	669.666687
1085.30301	669.333313
1085.865113	669.333313
1086.427158	671.666687
1086.989145	671.0
1087.551074	671.666687
1088.112946	665.666687
1088.67476	671.333313
1089.236517	669.666687
1089.798216	667.333313
1090.359857	671.0
1090.92144	672.333313
1091.482966	672.666687
1092.044435	669.666687
1092.605845	672.0
1093.167199	670.0
1093.728494	672.0
1094.289732	671.0
1094.850912	667.0
1095.412035	678.333313
1095.9731	669.666687
1096.534107	673.666687
1097.095057	672.666687
1097.65595	669.666687
1098.216784	669.0
1098.777561	665.666687
1099.338281	669.666687
1099.898943	673.333313
1100.459547	670.333313
1101.020094	674.666687
1101.580584	670.333313
1102.141015	671.333313
1102.701389	669.333313
1103.261706	669.333313
1103.821965	670.333313
1104.382167	667.0
1104.942311	669.333313
1105.502397	667.0
1106.062426	673.666687
1106.622398	671.0
1107.182312	671.666687
1107.742168	672.666687
1108.301967	668.333313
1108.861708	671.333313
1109.421392	667.666687
1109.981019	669.333313
1110.540587	670.333313
1111.100099	672.333313
1111.659553	673.0
1112.218949	671.333313
1112.778288	671.666687
1113.33757	668.0
1113.896794	671.0
1114.45596	672.333313
1115.015069	670.0
1115.574121	669.0
1116.133115	670.333313
1116.692052	668.0
1117.250931	673.0
1117.809753	671.666687
1118.368517	668.0
1118.927224	671.333313
1119.485873	669.666687
1120.044465	671.666687
1120.603	671.333313
1121.161477	672.0
1121.719897	674.666687
1122.278259	671.666687
1122.836564	669.666687
1123.394812	673.666687
1123.953002	671.333313
1124.511135	670.666687
1125.06921	671.666687
1125.627228	671.333313
1126.185189	668.333313
1126.743092	671.333313
1127.300938	668.666687
1127.858726	676.666687
1128.416457	671.666687
1128.974131	674.0
1129.531748	675.0
1130.089307	675.666687
1130.646808	670.0
1131.204252	673.666687
1131.761639	674.333313
1132.318969	670.666687
1132.876241	674.0
1133.433456	675.0
1133.990614	673.333313
1134.547714	673.666687
1135.104757	678.333313
1135.661743	678.0
1136.218671	679.333313
1136.775542	675.666687
1137.332356	675.0
1137.889112	675.333313
1138.445811	679.0
1139.002453	681.333313
1139.559037	682.666687
1140.115565	676.666687
1140.672035	679.666687
1141.228447	683.666687
1141.784803	706.666687
1142.341101	715.0
1142.897342	703.0
1143.453525	694.666687
1144.009651	690.0
1144.565721	695.333313
1145.121732	703.666687
1145.677687	732.0
1146.233584	751.333313
1146.789424	751.333313
1147.345207	761.333313
1147.900933	832.0
1148.456601	997.0
1149.012212	1139.0
1149.567766	1004.666687
1150.123263	831.0
1150.678702	766.333313
1151.234085	728.0
1151.78941	697.333313
1152.344678	683.0
1152.899888	685.666687
1153.455042	681.333313
1154.010138	679.333313
1154.565177	676.0
1155.120159	681.666687
1155.675084	677.0
1156.229951	676.666687
1156.784762	675.0
1157.339515	678.666687
1157.894211	674.0
1158.44885	674.0
1159.003432	674.666687
1159.557956	676.0
1160.112424	673.0
1160.666834	673.666687
1161.221187	671.666687
1161.775483	674.0
1162.329722	676.666687
1162.883904	669.333313
1163.438029	672.0
1163.992096	672.333313
1164.546107	668.333313
1165.10006	673.0
1165.653956	673.333313
1166.207795	670.0
1166.761577	668.666687
1167.315302	671.0
1167.86897	670.333313
1168.422581	666.333313
1168.976134	668.666687
1169.529631	670.666687
1170.08307	669.0
1170.636453	668.0
1171.189778	672.0
1171.743046	669.666687
1172.296257	670.333313
1172.849412	671.0
1173.402509	668.333313
1173.955549	666.666687
1174.508532	670.0
1175.061458	666.0
1175.614327	671.666687
1176.167138	666.0
1176.719893	669.333313
1177.272591	671.333313
1177.825232	668.0
1178.377816	664.0
1178.930342	665.666687
1179.482812	667.666687
1180.035225	669.666687
1180.587581	667.666687
1181.139879	668.333313
1181.692121	670.0
1182.244306	665.666687
1182.796434	669.666687
1183.348504	664.333313
1183.900518	672.333313
1184.452475	668.0
1185.004375	667.0
1185.556218	667.0
1186.108004	666.666687
1186.659733	667.666687
1187.211405	663.666687
1187.76302	665.333313
1188.314578	666.333313
1188.866079	668.666687
1189.417523	667.333313
1189.96891	666.333313
1190.520241	669.333313
1191.071514	664.333313
1191.622731	669.0
1192.17389	670.333313
1192.724993	666.666687
1193.276039	680.0
1193.827027	668.333313
1194.377959	666.0
1194.928834	667.333313
1195.479653	668.666687
1196.030414	665.333313
1196.581118	666.0
1197.131766	667.333313
1197.682356	666.0
1198.23289	665.666687
1198.783367	667.333313
1199.333786	664.666687
1199.88415	662.666687
1200.434456	667.0
1200.984705	665.0
1201.534898	662.333313
1202.085033	667.333313
1202.635112	665.333313
1203.185134	662.333313
1203.735099	666.666687
1204.285007	665.333313
1204.834859	667.666687
1205.384653	663.666687
1205.934391	667.333313
1206.484072	665.666687
1207.033696	664.0
1207.583263	664.333313
1208.132774	665.333313
1208.682228	665.666687
1209.231624	661.333313
1209.780965	663.666687
1210.330248	665.0
1210.879474	665.0
1211.428644	667.333313
1211.977757	666.333313
1212.526813	666.333313
1213.075813	667.0
1213.624755	664.0
1214.173641	668.333313
1214.72247	665.0
1215.271242	668.666687
1215.819958	666.333313
1216.368617	666.0
1216.917219	664.333313
1217.465764	664.333313
1218.014253	665.333313
1218.562685	664.0
1219.11106	662.0
1219.659378	665.666687
1220.20764	665.333313
1220.755845	664.0
1221.303993	665.666687
1221.852085	662.0
1222.400119	667.0
1222.948097	665.0
1223.496019	666.333313
1224.043883	662.333313
1224.591691	668.0
1225.139443	665.666687
1225.687137	667.666687
1226.234775	666.666687
1226.782357	667.333313
1227.329881	667.666687
1227.877349	664.666687
1228.42476	666.0
1228.972115	669.333313
1229.519413	664.0
1230.066654	666.666687
1230.613839	665.666687
1231.160967	665.0
1231.708038	665.666687
1232.255053	665.666687
1232.802011	664.333313
1233.348912	665.0
1233.895757	665.333313
1234.442545	666.0
1234.989277	664.666687
1235.535951	663.666687
1236.08257	668.0
1236.629131	665.333313
1237.175636	670.666687
1237.722085	667.333313
1238.268477	663.666687
1238.814812	666.666687
1239.361091	668.333313
1239.907313	666.666687
1240.453478	667.333313
1240.999587	666.666687
1241.54564	665.666687
1242.091636	667.0
1242.637575	665.333313
1243.183457	668.0
1243.729284	669.333313
1244.275053	664.333313
1244.820766	667.666687
1245.366423	665.0
1245.912022	665.0
1246.457566	667.666687
1247.003053	666.333313
1247.548483	667.0
1248.093857	668.333313
1248.639174	667.333313
1249.184435	672.0
1249.729639	667.333313
1250.274787	668.0
1250.819878	665.666687
1251.364912	668.0
1251.909891	665.333313
1252.454812	668.0
1252.999677	667.666687
1253.544486	665.0
1254.089238	667.666687
1254.633934	671.666687
1255.178573	668.666687
1255.723156	671.0
1256.267682	669.0
1256.812152	669.333313
1257.356565	669.333313
1257.900922	668.333313
1258.445223	673.333313
1258.989467	670.666687
1259.533654	672.333313
1260.077785	681.0
1260.62186	677.333313
1261.165878	680.0
1261.70984	679.333313
1262.253745	682.666687
1262.797594	677.666687
1263.341386	676.0
1263.885123	678.666687
1264.428802	680.0
1264.972425	677.333313
1265.515992	678.333313
1266.059503	676.666687
1266.602957	673.666687
1267.146354	670.333313
1267.689696	672.0
1268.23298	670.666687
1268.776209	671.0
1269.319381	670.333313
1269.862497	672.333313
1270.405556	670.333313
1270.948559	670.666687
1271.491506	670.0
1272.034396	673.0
1272.57723	672.666687
1273.120007	672.333313
1273.662728	673.666687
1274.205393	670.333313
1274.748002	672.333313
1275.290554	678.666687
1275.83305	672.0
1276.375489	672.666687
1276.917872	676.0
1277.460199	675.666687
1278.00247	678.666687
1278.544684	680.666687
1279.086842	688.666687
1279.628943	699.0
1280.170989	710.333313
1280.712978	745.333313
1281.25491	806.333313
1281.796787	866.666687
1282.338607	851.666687
1282.880371	808.333313
1283.422078	749.666687
1283.963729	731.333313
1284.505324	737.333313
1285.588345	748.666687
1286.129772	712.666687
1286.671142	690.0
1287.212455	684.0
1287.753713	679.333313
1288.294914	676.333313
1288.836059	669.333313
1289.377147	668.0
1289.91818	676.666687
1290.459156	675.666687
1291.000076	673.333313
1291.54094	671.333313
1292.081747	667.0
1292.622499	672.333313
1293.163194	673.0
1293.703833	667.666687
1294.244415	676.666687
1294.784942	672.333313
1295.325412	672.333313
1295.865826	670.333313
1296.406184	672.0
1296.946486	672.333313
1297.486731	667.666687
1298.026921	668.666687
1298.567054	666.666687
1299.107131	671.0
1299.647152	669.333313
1300.187116	670.666687
1300.727025	668.666687
1301.266877	669.333313
1301.806673	670.666687
1302.346413	668.333313
1302.886097	669.666687
1303.425725	671.333313
1303.965297	670.0
1304.504812	668.0
1305.044272	672.333313
1305.583675	672.0
1306.123022	671.333313
1306.662313	667.666687
1307.201548	668.333313
1307.740727	671.0
1308.279849	669.333313
1308.818916	668.333313
1309.357926	666.333313
1309.896881	671.0
1310.435779	668.0
1310.974621	665.666687
1311.513407	670.666687
1312.052137	666.333313
1312.590811	669.0
1313.129429	671.0
1313.667991	667.666687
1314.206497	665.0
1314.744946	668.666687
1315.28334	665.0
1315.821678	669.333313
1316.359959	668.0
1316.898184	672.666687
1317.436354	671.333313
1317.974467	669.0
1318.512525	668.0
1319.050526	670.0
1319.588471	669.666687
1320.12636	670.333313
1320.664194	668.333313
1321.201971	671.0
1321.739692	670.666687
1322.277357	671.0
1322.814967	668.666687
1323.35252	668.0
1323.890017	672.333313
1324.427458	673.0
1324.964843	671.333313
1325.502173	669.666687
1326.039446	671.333313
1326.576663	670.333313
1327.113824	672.0
1327.65093	669.666687
1328.187979	671.0
1328.724972	673.0
1329.26191	670.333313
1329.798791	670.0
1330.335617	668.333313
1330.872386	672.333313
1331.4091	674.333313
1331.945758	671.666687
1332.48236	674.0
1333.018905	672.0
1333.555395	672.0
1334.091829	671.666687
1334.628207	670.0
1335.164529	673.0
1335.700796	671.333313
1336.237006	670.666687
1336.77316	667.333313
1337.309259	670.666687
1337.845301	671.0
1338.381288	669.333313
1338.917219	674.666687
1339.453094	671.333313
1339.988913	670.333313
1340.524676	672.0
1341.060383	674.666687
1341.596034	669.333313
1342.13163	671.0
1342.66717	671.333313
1343.202653	668.333313
1343.738081	669.666687
1344.273453	674.0
1344.80877	674.0
1345.34403	672.0
1345.879235	673.666687
1346.414383	669.333313
1346.949476	672.666687
1347.484513	675.333313
1348.019494	671.0
1348.55442	670.333313
1349.089289	675.666687
1349.624103	672.0
1350.158861	672.333313
1350.693563	670.0
1351.228209	672.333313
1351.7628	674.0
1352.297334	674.0
1352.831813	673.0
1353.366236	674.666687
1353.900604	671.0
1354.434915	670.666687
1354.969171	670.666687
1355.503371	668.0
1356.037515	673.0
1356.571604	671.333313
1357.105636	671.0
1357.639613	674.333313
1358.173535	671.666687
1358.7074	675.0
1359.24121	673.666687
1359.774964	672.0
1360.308662	673.666687
1360.842304	673.666687
1361.375891	673.333313
1361.909422	674.0
1362.442897	673.333313
1362.976317	675.333313
1363.50968	674.0
1364.042989	673.666687
1364.576241	671.0
1365.109438	671.333313
1365.642579	669.333313
1366.175664	670.333313
1366.708693	671.0
1367.241667	673.666687
1367.774585	676.333313
1368.307448	677.666687
1368.840255	680.333313
1369.373006	682.333313
1369.905701	676.666687
1370.438341	678.0
1370.970925	676.333313
1371.503454	676.666687
1372.035926	671.333313
1372.568344	673.666687
1373.100705	673.0
1373.633011	672.0
1374.165261	673.333313
1374.697456	676.333313
1375.229595	676.0
1375.761678	671.666687
1376.293705	676.666687
1376.825677	675.333313
1377.357594	675.333313
1377.889455	674.0
1378.42126	680.333313
1378.953009	677.0
1379.484703	677.666687
1380.016342	676.333313
1380.547924	678.333313
1381.079452	678.0
1381.610923	681.666687
1382.142339	683.0
1382.673699	686.333313
1383.205004	685.666687
1383.736253	701.666687
1384.267447	710.0
1384.798585	738.333313
1385.329668	798.666687
1385.860695	913.0
1386.391666	1073.0
1386.922582	1085.333374
1387.453442	960.0
1389.04569	827.333313
1389.576328	736.333313
1390.10691	698.666687
1390.637437	689.666687
1391.167909	682.0
1391.698325	685.333313
1392.228685	681.666687
1392.75899	678.666687
1393.28924	681.666687
1393.819434	676.333313
1394.349572	675.333313
1394.879655	674.0
1395.409683	675.0
1395.939655	676.333313
1396.469571	673.0
1396.999432	672.0
1397.529237	674.0
1398.058987	673.0
1398.588682	677.333313
1399.118321	670.0
1399.647905	674.333313
1400.177433	674.0
1400.706906	673.333313
1401.236323	674.0
1401.765685	674.666687
1402.294991	670.666687
1402.824242	673.666687
1403.353437	672.333313
1403.882577	671.666687
1404.411662	677.0
1404.940691	674.0
1405.469665	676.666687
1405.998583	680.333313
1406.527446	685.666687
1407.056253	688.0
1407.585005	691.0
1408.113702	692.0
1408.642343	683.333313
1409.170929	692.666687
1409.69946	689.666687
1410.227935	690.0
1410.756354	685.333313
1411.284719	673.333313
1411.813028	672.333313
1412.341281	678.333313
1412.869479	671.0
1413.397622	671.0
1413.92571	670.0
1414.453742	669.333313
1414.981718	670.333313
1415.50964	676.666687
1416.037506	669.666687
1416.565316	668.333313
1417.093072	668.666687
1417.620772	667.333313
1418.148416	664.666687
1418.676005	668.666687
1419.203539	668.666687
1419.731018	664.333313
1420.258441	667.666687
1420.785809	669.0
1421.313122	663.666687
1421.840379	666.333313
1422.367582	669.666687
1422.894728	668.333313
1423.42182	667.666687
1423.948856	666.0
1424.475837	669.666687
1425.002762	668.0
1425.529633	667.333313
1426.056448	666.666687
1426.583207	664.0
1427.109912	669.0
1427.636561	666.333313
1428.163155	666.0
1428.689694	667.666687
1429.216177	666.666687
1429.742605	669.0
1430.268978	665.0
1430.795296	668.666687
1431.321558	663.333313
1431.847765	665.666687
1432.373917	665.0
1432.900014	671.333313
1433.426056	670.333313
1433.952042	668.333313
1434.477973	666.0
1435.003849	665.333313
1435.529669	664.0
1436.055435	666.0
1436.581145	664.666687
1437.1068	666.0
1437.632399	665.666687
1438.157944	664.333313
1438.683433	664.666687
1439.208868	665.666687
1439.734247	666.666687
1440.25957	668.666687
1440.784839	665.0
1441.310053	665.666687
1441.835211	665.333313
1442.360314	664.666687
1442.885362	664.666687
1443.410355	666.666687
1443.935292	663.333313
1444.460175	664.333313
1444.985002	667.666687
1445.509774	665.666687
1446.034491	662.666687
1446.559153	663.666687
1447.08376	666.666687
1447.608312	664.0
1448.132808	665.0
1448.65725	666.666687
1449.181636	665.333313
1449.705967	664.333313
1450.230243	667.333313
1450.754464	663.333313
1451.27863	666.333313
1451.802741	659.0
1452.326797	668.0
1452.850797	665.0
1453.374743	664.666687
1453.898633	662.333313
1454.422468	668.666687
1454.946249	669.666687
1455.469974	663.0
1455.993644	665.0
1456.517259	666.666687
1457.040819	666.0
1457.564324	665.666687
1458.087773	663.666687
1458.611168	664.0
1459.134508	664.0
1459.657793	665.666687
1460.181022	664.666687
1460.704197	666.666687
1461.227316	664.0
1461.750381	664.666687
1462.27339	664.666687
1462.796345	677.333313
1463.319244	677.333313
1463.842089	665.333313
1464.364878	664.333313
1464.887613	665.666687
1465.410292	663.666687
1465.932916	663.0
1466.455486	660.333313
1466.978	665.666687
1467.50046	665.0
1468.022864	661.333313
1468.545214	665.666687
1469.067508	665.0
1469.589748	666.0
1470.111932	667.333313
1470.634062	663.333313
1471.156136	662.333313
1471.678156	665.666687
1472.20012	662.0
1472.72203	664.666687
1473.243885	663.666687
1473.765685	666.666687
1474.28743	662.333313
1474.80912	664.666687
1475.330755	665.0
1475.852335	668.0
1476.37386	664.0
1476.89533	662.666687
1477.416745	664.666687
1477.938106	663.0
1478.459411	667.333313
1478.980662	663.0
1479.501857	664.333313
1480.022998	666.0
1480.544084	663.333313
1481.065115	664.333313
1481.586091	664.333313
1482.107012	664.666687
1482.627878	664.333313
1483.14869	662.666687
1483.669446	664.0
1484.190148	662.666687
1484.710794	662.0
1485.231386	663.333313
1485.751923	668.0
1486.272406	663.0
1486.792833	663.333313
1487.313205	666.333313
1487.833523	664.0
1488.353786	663.666687
1488.873994	661.666687
1489.394147	664.0
1489.914245	665.0
1490.434288	662.666687
1490.954277	665.0
1491.474211	665.0
1491.99409	663.666687
1492.513914	663.666687
1493.033683	662.333313
1493.553398	662.0
1494.073057	666.0
1494.592662	663.333313
1495.112212	662.333313
1495.631708	666.666687
1496.151148	663.666687
1496.670534	666.666687
1497.189865	666.666687
1497.709141	662.666687
1498.228362	662.333313
1498.747529	663.0
1499.266641	664.666687
1499.785698	672.0
1500.3047	665.0
1500.823648	663.666687
1501.34254	668.666687
1501.861379	662.333313
1502.380162	660.0
1502.89889	665.333313
1503.417564	663.0
1503.936183	663.0
1504.454748	662.0
1504.973257	661.666687
1505.491712	663.333313
1506.010112	662.666687
1506.528458	662.333313
1507.046748	660.333313
1507.564984	662.0
1508.083166	667.666687
1508.601292	665.333313
1509.119364	666.666687
1509.637381	664.0
1510.155344	664.0
1510.673252	666.666687
1511.191105	663.0
1511.708903	667.333313
1512.226647	662.666687
1512.744336	663.333313
1513.261971	665.333313
1513.77955	662.666687
1514.297076	660.333313
1514.814546	666.0
1515.331962	665.0
1515.849323	663.333313
1516.366629	662.333313
1516.883881	662.666687
1517.401078	665.0
1517.918221	664.0
1518.435309	668.0
1518.952342	664.0
1519.469321	667.666687
1519.986245	666.666687
1520.503114	665.0
1521.019929	666.0
1521.536689	663.333313
1522.053395	665.666687
1522.570046	664.333313
1523.086642	665.0
1523.603184	663.0
1524.119671	662.666687
1524.636103	661.0
1525.152481	661.333313
1525.668805	666.333313
1526.185073	674.0
1526.701288	669.0
1527.217447	665.0
1527.733552	666.333313
1528.249603	664.666687
1528.765599	664.666687
1529.28154	663.333313
1529.797427	668.0
1530.313259	666.0
1530.829037	664.666687
1531.34476	665.0
1531.860429	660.333313
1532.376043	663.0
1532.891602	664.666687
1533.407107	663.666687
1533.922558	666.333313
1534.437954	665.0
1534.953295	664.333313
1535.468582	662.333313
1535.983815	664.666687
1536.498993	666.0
1537.014116	663.0
1537.529185	661.333313
1538.044199	665.0
1538.559159	665.666687
1539.074064	663.0
1539.588915	663.0
1540.103712	663.666687
1540.618454	662.0
1541.133141	664.333313
1541.647774	665.333313
1542.162353	662.333313
1542.676877	664.0
1543.191346	666.333313
1543.705761	661.666687
1544.220122	664.666687
1544.734428	662.333313
1545.24868	663.0
1545.762877	663.666687
1546.27702	663.666687
1546.791109	668.0
1547.305143	662.0
1547.819122	664.0
1548.333047	663.666687
1548.846918	664.0
1549.360734	661.666687
1549.874496	664.333313
1550.388204	665.333313
1550.901857	666.666687
1551.415455	664.333313
1551.929	664.333313
1552.442489	665.0
1552.955925	665.666687
1553.469306	662.666687
1553.982632	662.666687
1554.495905	665.333313
1555.009123	666.0
1555.522286	663.333313
1556.035395	665.0
1556.54845	663.333313
1557.06145	662.0
1557.574396	664.0
1558.087288	664.666687
1558.600125	666.666687
1559.112908	664.333313
1559.625637	663.333313
1560.138311	665.333313
1560.650931	663.333313
1561.163497	665.666687
1561.676008	662.333313
1562.188465	663.666687
1562.700867	667.333313
1563.213216	663.333313
1563.725509	664.333313
1564.237749	662.666687
1564.749934	662.666687
1565.262065	665.333313
1565.774142	665.333313
1566.286164	666.0
1566.798132	664.333313
1567.310046	669.0
1567.821906	667.333313
1568.333711	669.333313
1568.845462	666.666687
1569.357158	666.666687
1569.868801	659.333313
1570.380389	663.0
1570.891922	665.0
1571.403402	663.666687
1571.914827	665.666687
1572.426198	663.666687
1572.937515	666.666687
1573.448777	666.333313
1573.959985	665.333313
1574.471139	663.0
1574.982239	664.333313
1575.493285	666.0
1576.004276	665.666687
1576.515213	665.666687
1577.026096	663.0
1577.536924	663.666687
1578.047698	661.666687
1578.558419	663.666687
1579.069084	661.333313
1579.579696	661.666687
1580.090254	664.666687
1580.600757	665.333313
1581.111206	665.333313
1581.621601	665.333313
1582.131941	666.0
1582.642228	661.333313
1583.15246	664.0
1583.662638	664.0
1584.172762	664.0
1584.682832	663.0
1585.192847	662.333313
1585.702809	665.0
1586.212716	662.0
1586.722569	664.666687
1587.232368	662.666687
1587.742113	663.666687
1588.251803	661.666687
1588.76144	660.333313
1589.271022	661.666687
1589.78055	666.0
1590.290024	664.333313
1590.799444	663.333313
1591.30881	666.0
1591.818121	666.0
1592.327379	664.333313
