1489.5612	27.110947
1489.0934	26.110947
1488.6237	31
1488.1539	25.110947
1487.686	26
1487.2163	23.594528
1486.7465	24.483582
1486.2766	27.610947
1485.8087	20.5
1485.3387	22.5
1484.8688	31.110947
1484.3988	28.5
1483.9308	36.594528
1483.4608	56.483582
1482.9907	40.110947
1482.5208	31
1482.0526	19.5
1481.5825	26.610945
1481.1123	24.110945
1480.6422	22
1480.172	24.483582
1479.7037	31.110947
1479.2335	20.094528
1478.7633	22.110945
1478.293	23.110945
1477.8228	26
1477.3524	27.610947
1476.884	21
1476.4136	25.483582
1475.9432	17.483582
1475.4728	24.110947
1475.0023	26.110947
1474.5319	20.483582
1474.0614	15.483582
1473.5908	26.594528
1473.1222	19.483582
1472.6516	18.483582
1472.181	29.483582
1471.7104	24.594528
1471.2397	18.610945
1470.7692	23.483582
1470.2985	22.483582
1469.8276	18.483582
1469.3569	18.483582
1468.8861	21.483582
1468.4154	19.483582
1467.9446	17.483582
1467.4738	25.5
1467.0028	22.483582
1466.532	24.483582
1466.061	21
1465.5901	26.594528
1465.1191	22.610945
1464.6481	19.5
1464.1771	19.110945
1463.7061	18.483582
1463.235	25.483582
1462.7639	23.110945
1462.2927	22.610945
1461.8217	23.483582
1461.3505	29.610947
1460.8793	33.110947
1460.4081	56.094528
1459.9368	135.48358
1459.4655	395
1458.9943	1213.611
1458.5229	974.11096
1458.0515	341.48358
1457.5802	169.09453
1457.1088	80
1456.6354	33.483582
1456.1639	30.110947
1455.6925	22.610945
1455.2211	25.610947
1454.7495	26.483582
1454.278	24.5
1453.8064	23.483582
1453.3348	21.610945
1452.8612	25.110945
1452.3895	22.594528
1451.918	21
1451.4463	20.094528
1450.9745	20.483582
1450.5028	30.5
1450.0291	22.094528
1449.5573	20.483582
1449.0854	27.594528
1448.6136	17.483582
1448.1417	26.094528
1447.6678	25.483582
1447.1959	34.483582
1446.724	42.483582
1446.2521	29.594528
1445.7781	25.594528
1445.3062	26.483582
1444.8341	21.610945
1444.3621	18.594528
1443.8879	24.094528
1443.4159	26
1442.9437	23.110947
1442.4716	27.110947
1441.9974	20.594528
1441.5251	21.610945
1441.053	23.110945
1440.5787	23.610947
1440.1064	24.110945
1439.6342	26.094528
1439.1598	22.5
1438.6875	23.094528
1438.2151	22.5
1437.7407	21.110945
1437.2683	17.483582
1436.7958	20.483582
1436.3213	20.110945
1435.8489	22
1435.3763	13.483582
1434.9017	18.110945
1434.4292	18.483582
1433.9565	22
1433.4819	28
1433.0093	17.483582
1432.5347	16.483582
1432.062	22.610945
1431.5892	22.110947
1431.1145	28.594528
1430.6417	21.610945
1430.1669	23.594528
1429.6941	24.110945
1429.2192	24.594528
1428.7463	22.483582
1428.2715	24.110947
1427.7986	26.5
1427.3236	31.5
1426.8507	22.094528
1426.3777	24.610947
1425.9027	27.110947
1425.4296	28.110947
1424.9546	27
1424.4814	22.110945
1424.0063	16.094528
1423.5332	14.483582
1423.058	21.610945
1422.5829	21.610945
1422.1096	20.110945
1421.6344	21.483582
1421.1611	23
1420.6858	17.610945
1420.2125	15.610945
1419.7372	25.110945
1419.2638	26.610947
1418.7883	20
1418.313	22.483582
1417.8395	22.094528
1417.364	18.483582
1416.8905	19.483582
1416.415	21.610945
1415.9396	23
1415.4659	17
1414.9904	18.110945
1414.5167	21.110947
1414.0411	26.094528
1413.5654	20.594528
1413.0917	21.110945
1412.616	27.483582
1412.1403	18.483582
1411.6665	24.110947
1411.1907	21.110945
1410.715	26.483582
1410.2411	18.094528
1409.7653	19.483582
1409.2893	20
1408.8154	18.483582
1408.3395	24.610945
1407.8635	22.094528
1407.3875	18.483582
1406.9135	17.483582
1406.4375	24.483582
1405.9614	19.483582
1405.4854	31.110947
1405.0112	24.110947
1404.535	16.594528
1404.0588	25.110945
1403.5826	25.110947
1403.1085	18.094528
1402.6322	17.483582
1402.156	21.483582
1401.6797	20.094528
1401.2053	25.110947
1400.729	23.483582
1400.2527	25.483582
1399.7762	21.594528
1399.2998	20.094528
1398.8234	20.110945
1398.3489	25.610945
1397.8724	21.483582
1397.3959	23.610947
1396.9194	19.110945
1396.4429	17.483582
1395.9662	20.610947
1395.4916	27.610947
1395.015	22.610945
1394.5383	24.610947
1394.0616	24.483582
1393.585	17.110945
1393.1082	22.483582
1392.6313	22.594528
1392.1547	24.110945
1391.6779	25
1391.2009	22.483582
1390.7261	18.110945
1390.2491	19.483582
1389.7722	15.110946
1389.2953	25.483582
1388.8184	19.594528
1388.3414	20
1387.8644	20.594528
1387.3873	32.094528
1386.9103	25.094528
1386.4331	26.610947
1385.9561	24.110945
1385.4789	25.483582
1385.0017	21.483582
1384.5245	17.483582
1384.0474	20.094528
1383.5701	22.610945
1383.0928	21.110945
1382.6155	25.483582
1382.1382	20.594528
1381.6609	20.110945
1381.1835	28.483582
1380.7061	48.483582
1380.2286	53.610947
1379.7512	34.610947
1379.2737	23.610945
1378.7963	22.483582
1378.3168	20.110945
1377.8392	22.594528
1377.3616	26.110947
1376.884	26.483582
1376.4064	23.483582
1375.9287	21.5
1375.451	20.594528
1374.9734	17.483582
1374.4956	24.5
1374.0179	27.594528
1373.5381	18.094528
1373.0603	26.094528
1372.5825	22.483582
1372.1046	18.610945
1371.6268	27.610947
1371.1489	20.483582
1370.6709	16.483582
1370.191	25.483582
1369.713	20.594528
1369.235	20.610945
1368.757	19
1368.2789	26
1367.7988	30.610947
1367.3208	19.483582
1366.8427	22.110945
1366.3645	22.594528
1365.8864	19.110945
1365.4061	26
1364.9279	39.094528
1364.4496	65.110947
1363.9713	53.483582
1363.4911	29.094528
1363.0127	25.483582
1362.5343	62.483582
1362.054	69.094528
1361.5756	33.110947
1361.0972	24.110945
1360.6187	22.483582
1360.1382	25.483582
1359.6597	23.483582
1359.1812	24.483582
1358.7006	21.483582
1358.222	21.483582
1357.7434	19.594528
1357.2628	26.483582
1356.7841	17.110945
1356.3054	19
1355.8247	21.5
1355.3459	27.610947
1354.8672	27.5
1354.3865	27.610947
1353.9076	22
1353.4288	23.094528
1352.9479	26.610947
1352.469	19.610945
1351.9882	17.610945
1351.5092	25.094528
1351.0302	27.594528
1350.5492	22.483582
1350.0702	26
1349.5891	21.483582
1349.1101	21.110947
1348.629	19.610945
1348.1499	23.610947
1347.6708	23.610945
1347.1896	27.610947
1346.7103	16.110945
1346.2291	23.110945
1345.7499	20.483582
1345.2687	22.610945
1344.7893	22.094528
1344.308	27.594528
1343.8287	18.110945
1343.3473	18.110945
1342.8679	22.594528
1342.3865	22.5
1341.9071	20.483582
1341.4255	22.5
1340.946	21.610945
1340.4646	23.094528
1339.985	24.483582
1339.5034	22.483582
1339.0238	26.610945
1338.5422	20.610945
1338.0605	29
1337.5808	22
1337.0991	15.483582
1336.6194	22.594528
1336.1377	24.094528
1335.6578	17
1335.1761	21.610945
1334.6942	23
1334.2144	23.594528
1333.7325	27.094528
1333.2526	15.610945
1332.7706	22.110945
1332.2887	21.110945
1331.8087	17.483582
1331.3267	16.610945
1330.8447	23.5
1330.3646	19.094528
1329.8826	23.610947
1329.4004	26.610947
1328.9203	27
1328.4381	16.483582
1327.9559	26.110947
1327.4757	19.483582
1326.9935	20.610947
1326.5112	24.110947
1326.0309	20.610945
1325.5486	27.094528
1325.0663	25.594528
1324.5839	17.610945
1324.1035	23
1323.6211	18.5
1323.1387	25.094528
1322.6561	25
1322.1757	32.594528
1321.6931	23.110945
1321.2106	22
1320.728	24.094528
1320.2474	22.483582
1319.7648	24.610945
1319.2821	18.594528
1318.7994	19.110945
1318.3168	23.110945
1317.8361	18.5
1317.3533	20.5
1316.8705	24.110945
1316.3877	28.110947
1315.9048	20.110945
1315.424	23.110947
1314.9412	21.5
1314.4583	23.610945
1313.9752	25.110947
1313.4923	21.110945
1313.0093	24.110945
1312.5262	17.094528
1312.0453	26.110947
1311.5623	26
1311.0791	24.094528
1310.5959	24.110945
1310.1128	24.610947
1309.6296	33.610947
1309.1465	23.5
1308.6633	24
1308.1801	27
1307.6968	32.110947
1307.2155	21.094528
1306.7322	27.594528
1306.2488	17.094528
1305.7654	20.483582
1305.282	22.483582
1304.7986	23.110945
1304.3152	22.610947
1303.8317	20.610945
1303.3481	24.110947
1302.8646	26.483582
1302.3811	22.483582
1301.8975	25.110947
1301.4139	17
1300.9303	26.110945
1300.4467	24.610947
1299.9629	21.094528
1299.4792	27.5
1298.9955	18.610945
1298.5117	30.610947
1298.028	23.594528
1297.5442	24.110947
1297.0603	25.483582
1296.5764	19.483582
1296.0925	19.483582
1295.6086	24.110945
1295.1227	23.110945
1294.6387	18.610945
1294.1548	20.094528
1293.6708	25.110947
1293.1866	25.483582
1292.7026	24.610947
1292.2185	29
1291.7344	41.610947
1291.2502	33.483582
1290.7661	30.610947
1290.2799	22.110945
1289.7957	23.110945
1289.3114	22.483582
1288.8271	22.110945
1288.3428	19
1287.8585	20.483582
1287.3741	19.483582
1286.8877	19.483582
1286.4033	23.483582
1285.9189	24.094528
1285.4344	27.094528
1284.95	29.610947
1284.4634	24.5
1283.9789	23.094528
1283.4944	26.110945
1283.0098	20.094528
1282.5251	21.110945
1282.0385	21.483582
1281.5538	23.483582
1281.0691	18.610945
1280.5845	22.094528
1280.0977	19.094528
1279.6129	23
1279.1281	25.094528
1278.6433	26.610947
1278.1564	36.610947
1277.6715	39.483582
1277.1866	21.483582
1276.7018	24.610945
1276.2147	19.483582
1275.7297	45.110947
1275.2448	82.483582
1274.7577	51.610947
1274.2727	26
1273.7876	23
1273.3005	27
1272.8153	25.110947
1272.3302	27.110945
1271.843	19.594528
1271.3578	22.594528
1270.8726	23.5
1270.3853	25.110947
1269.9	22
1269.4147	23.094528
1268.9274	25.483582
1268.442	22.483582
1267.9546	23.483582
1267.4691	25.110947
1266.9836	20.610945
1266.4962	25.110945
1266.0107	23.483582
1265.5232	27
1265.0376	28.594528
1264.55	25.5
1264.0645	21.483582
1263.5789	25.483582
1263.0912	15.483582
1262.6055	15
1262.1178	18.483582
1261.6321	25.610947
1261.1443	27.483582
1260.6584	31.5
1260.1707	23.094528
1259.6848	23.483582
1259.1969	22.110945
1258.7111	22.5
1258.2231	18.610945
1257.7372	25.110947
1257.2493	19.483582
1256.7632	18.483582
1256.2751	16.483582
1255.7892	26.094528
1255.301	23.483582
1254.8149	22.610945
1254.3268	22
1253.8407	14.483582
1253.3525	26.110947
1252.8663	19.483582
1252.3781	23.483582
1251.8898	17.483582
1251.4036	21.483582
1250.9152	20.483582
1250.4288	19.094528
1249.9406	24.483582
1249.4521	19
1248.9657	16.094528
1248.4773	21.483582
1247.9908	22.094528
1247.5023	24.094528
1247.0138	25.610947
1246.5272	25.094528
1246.0386	21
1245.55	24.610945
1245.0634	26.110947
1244.5747	26.110947
1244.0861	21.5
1243.5994	14.483582
1243.1106	25
1242.6218	21.483582
1242.1351	21.594528
1241.6462	23.094528
1241.1575	26.110947
1240.6705	23.483582
1240.1816	21.483582
1239.6927	24
1239.2039	22.483582
1238.7168	22.094528
1238.2279	21.110945
1237.7388	19
1237.2498	18.110945
1236.7627	22.594528
1236.2736	33.094528
1235.7844	45.483582
1235.2953	94
1234.8081	60
1234.319	26
1233.8297	19.483582
1233.3405	24.483582
1232.8531	20.610945
1232.3639	22.483582
1231.8745	22.610945
1231.3851	23.110947
1230.8958	21.110945
1230.4064	24.483582
1229.9189	23.483582
1229.4294	25.110947
1228.9399	23.5
1228.4504	22
1227.9608	23
1227.4712	20
1226.9836	24.094528
1226.494	18.610945
1226.0044	16.094528
1225.5146	18.483582
1225.025	26.5
1224.5353	19.110945
1224.0455	23.610945
1223.5557	17
1223.0659	19.483582
1222.578	20.5
1222.0881	28.110947
1221.5983	25.110947
1221.1084	24.483582
1220.6184	22.110945
1220.1284	19.594528
1219.6384	18.5
1219.1484	23.610945
1218.6583	20
1218.1682	16.483582
1217.6782	23.483582
1217.188	18.594528
1216.6979	23.110945
1216.2076	27.094528
1215.7175	23
1215.2272	22.110945
1214.7369	19.483582
1214.2467	25.483582
1213.7563	22.110945
1213.266	23
1212.7756	22.483582
1212.2853	13.483582
1211.7948	27.094528
1211.3043	21.5
1210.8138	23.094528
1210.3234	17.483582
1209.8329	21
1209.3423	19
1208.8517	21.483582
1208.3611	21.610945
1207.8705	23.594528
1207.3798	22.594528
1206.8871	20.483582
1206.3964	21.594528
1205.9056	27
1205.4149	20.594528
1204.9241	22
1204.4332	22.483582
1203.9424	19.483582
1203.4515	21.483582
1202.9607	20.610945
1202.4677	18
1201.9767	24.110945
1201.4857	11.483582
1200.9948	21.610945
1200.5038	19.483582
1200.0127	17.110945
1199.5195	24.610945
1199.0284	18.483582
1198.5374	21.610945
1198.0461	23
1197.5549	19.110945
1197.0616	18.483582
1196.5704	25.5
1196.0792	25
1195.5879	21.610945
1195.0966	23.594528
1194.6031	22.094528
1194.1118	22.483582
1193.6204	20.610947
1193.129	21.5
1192.6355	22.610945
1192.144	23.594528
1191.6525	21.483582
1191.161	16.5
1190.6674	19.483582
1190.1758	22.483582
1189.6842	17.610945
1189.1906	25.483582
1188.6989	22
1188.2072	23.610947
1187.7155	24.610947
1187.2217	19.483582
1186.7299	18.483582
1186.238	21.610945
1185.7443	18.483582
1185.2523	28.483582
1184.7605	26
1184.2665	22.5
1183.7747	23.483582
1183.2826	20.594528
1182.7886	20.5
1182.2966	20.483582
1181.8025	29.483582
1181.3104	24
1180.8184	18.483582
1180.3242	20
1179.832	18.110945
1179.34	21.483582
1178.8457	20.483582
1178.3535	24
1177.8591	15.5
1177.3669	27.483582
1176.8726	28.5
1176.3802	23
1175.8878	18.483582
1175.3934	20.110945
1174.901	20.5
1174.4066	26
1173.9141	21.610947
1173.4196	23.5
1172.927	25
1172.4325	29.110947
1171.9399	24
1171.4453	26.5
1170.9526	30.094528
1170.458	17.483582
1169.9653	23.094528
1169.4706	21.610945
1168.9778	23.110945
1168.483	18.610945
1167.9902	23.594528
1167.4954	13.483582
1167.0026	18.483582
1166.5077	21.483582
1166.0148	19.483582
1165.5198	26.483582
1165.0269	24.483582
1164.5319	24.110947
1164.0369	24.610945
1163.5438	16.483582
1163.0487	20.483582
1162.5557	18.594528
1162.0604	26.110947
1161.5653	19.110945
1161.0721	21.483582
1160.5769	22.610945
1160.0837	22.610945
1159.5884	19.110945
1159.0931	21.610947
1158.5999	18.610945
1158.1045	24.094528
1157.6111	24
1157.1157	19.483582
1156.6202	21
1156.1268	20.483582
1155.6313	22.594528
1155.1359	9.4835825
1154.6423	18.483582
1154.1467	18.483582
1153.6512	20.094528
1153.1555	27.610945
1152.662	19.594528
1152.1663	23.610945
1151.6705	26.594528
1151.1769	19.483582
1150.6812	24.483582
1150.1853	14.483582
1149.6896	27.094528
1149.1957	18.483582
1148.6998	17.483582
1148.204	24.483582
1147.7101	19.610945
1147.2141	21.5
1146.7181	11.483582
1146.2222	19
1145.7262	17.483582
1145.2322	24.610945
1144.7361	23.110945
1144.24	20.483582
1143.7438	24.610947
1143.2496	22.5
1142.7535	22.610945
1142.2573	17.094528
1141.761	15.483582
1141.2648	18.483582
1140.7684	23.483582
1140.2742	19.594528
1139.7778	20.594528
1139.2815	17.5
1138.785	21.610945
1138.2886	22.594528
1137.7921	17.483582
1137.2957	18.483582
1136.8013	22.094528
1136.3047	24.594528
1135.8081	20.610945
1135.3115	21
1134.8149	13.483582
1134.3182	20.610945
1133.8215	21.594528
1133.3248	44.110947
1132.8281	16.610945
1132.3334	23.5
1131.8367	24
1131.3398	25.483582
1130.843	24.094528
1130.3462	18.110945
1129.8492	19
1129.3523	20.110945
1128.8553	18.110945
1128.3584	25.610947
1127.8615	19.110945
1127.3644	25.094528
1126.8673	24.594528
1126.3702	19.594528
1125.8732	23.110945
1125.3761	22.594528
1124.8789	24.094528
1124.3817	21.094528
1123.8845	22.483582
1123.3872	20.594528
1122.89	31.483582
1122.3927	21.594528
1121.8954	18.483582
1121.3981	15.483582
1120.9006	20.483582
1120.4032	25.110947
1119.9058	23
1119.4083	16.483582
1118.9109	17.610945
1118.4133	18.594528
1117.9138	23.610945
1117.4163	22.110945
1116.9186	17.594528
1116.421	20.110945
1115.9233	15.483582
1115.4257	23.094528
1114.928	17.094528
1114.4303	17.110945
1113.9325	23.110945
1113.4347	14.483582
1112.9348	14.483582
1112.437	20.094528
1111.9392	25.5
1111.4413	18.483582
1110.9434	17.094528
1110.4454	18.483582
1109.9474	18.483582
1109.4474	17.594528
1108.9493	21.483582
1108.4513	17.483582
1107.9532	13.483582
1107.4551	15.483582
1106.955	17.483582
1106.4568	18.610945
1105.9586	18.110945
1105.4604	10.483582
1104.9622	22.594528
1104.4618	16.483582
1103.9635	23
1103.4652	27.094528
1102.9669	16.483582
1102.4664	16.483582
1101.968	17
1101.4696	19.610945
1100.9712	13.483582
1100.4706	16.483582
1099.972	11.483582
1099.4735	16.110945
1098.975	22.094528
1098.4744	19.483582
1097.9757	26.094528
1097.4771	20.483582
1096.9763	23.483582
1096.4777	10.483582
1095.9789	23.610945
1095.4781	18.594528
1094.9794	19
1094.4805	15.483582
1093.9796	21.110945
1093.4807	18.483582
1092.9818	24.110947
1092.4808	18.483582
1091.9819	19
1091.4829	15.483582
1090.9819	18.5
1090.4829	18.094528
1089.9838	25.610947
1089.4827	14.594527
1088.9835	15.110945
1088.4824	20.483582
1087.9833	16.483582
1087.484	21.094528
1086.9828	20
1086.4835	24.610947
1085.9822	23.5
1085.4829	20
1084.9814	25.483582
1084.4822	21.610945
1083.9828	21.594528
1083.4813	20.5
1082.9818	18.483582
1082.4803	82.483582
1081.9808	223.48358
1081.4792	150.48358
1080.9797	44.483582
1080.4781	18
1079.9785	25.594528
1079.4768	16.483582
1078.9772	20.110945
1078.4755	18.483582
1077.9757	29.483582
1077.4739	17
1076.9741	20.483582
1076.4723	28.094528
1075.9725	21.483582
1075.4706	18.094528
1074.9707	17
1074.4688	24.610947
1073.9689	20
1073.4668	19.483582
1072.9647	22.610945
1072.4647	17.094528
1071.9626	20.483582
1071.4626	24.610945
1070.9604	22.594528
1070.4603	21.610945
1069.9581	20.094528
1069.4559	23
1068.9557	21.483582
1068.4534	21.110945
1067.9531	25.594528
1067.4508	22.594528
1066.9485	15.483582
1066.4481	22.094528
1065.9457	17.483582
1065.4432	18.110945
1064.9427	13.483582
1064.4403	25.094528
1063.9377	15.110945
1063.4373	21.483582
1062.9347	19.483582
1062.432	19.483582
1061.9315	14.5
1061.4288	22
1060.9261	14.483582
1060.4254	18.610945
1059.9227	16.483582
1059.4199	9.4835825
1058.9192	12.483582
1058.4164	12.5
1057.9135	15.483582
1057.4105	15.483582
1056.9097	14.610945
1056.4067	16.483582
1055.9038	17
1055.4008	17.483582
1054.8998	12.483582
1054.3967	18.610945
1053.8937	19
1053.3906	20.483582
1052.8895	23.483582
1052.3864	12.483582
1051.8832	21.610947
1051.3799	22.5
1050.8767	31.110947
1050.3755	24.5
1049.8722	14.483582
1049.3688	17.610945
1048.8655	18.5
1048.3621	16.483582
1047.8607	17.483582
1047.3573	21.483582
1046.8538	17.5
1046.3503	21.110945
1045.8468	21.483582
1045.3433	20.110945
1044.8397	16.483582
1044.3381	19.110945
1043.8345	20.094528
1043.3308	22.594528
1042.8271	21.483582
1042.3234	20.610945
1041.8197	24.110945
1041.3159	25.5
1040.8121	23.610945
1040.3082	23.110945
1039.8065	13.483582
1039.3026	21.094528
1038.7987	21.610945
1038.2948	20.5
1037.7908	14.483582
1037.2867	18.610945
1036.7828	15.483582
1036.2787	16.483582
1035.7747	21.610945
1035.2705	19.094528
1034.7665	19
1034.2622	19.483582
1033.7581	18.594528
1033.2539	19.483582
1032.7496	32
1032.2454	168
1031.7411	360.48358
1031.2367	212.11095
1030.7324	57.110947
1030.228	27.610947
1029.7236	20.094528
1029.2191	22.483582
1028.7147	22.610945
1028.2102	16.610945
1027.7057	20.483582
1027.2012	18.110945
1026.6965	22.110945
1026.192	17.483582
1025.6874	21.610945
1025.1827	21.610945
1024.678	15.610945
1024.1733	21.110945
1023.6685	20.110945
1023.1617	20.610945
1022.6569	19.483582
1022.1521	21.594528
1021.6472	20.110945
1021.1424	24.610945
1020.6375	20.094528
1020.1325	23.094528
1019.6276	18.483582
1019.1226	20
1018.6155	20
1018.1105	19.594528
1017.6053	20.5
1017.1003	18.483582
1016.5952	16.483582
1016.09	18.610945
1015.5848	26.483582
1015.0775	21.610945
1014.5723	17.5
1014.067	19.5
1013.5617	24.110947
1013.0564	20.5
1012.549	15.483582
1012.0436	23
1011.5382	14.483582
1011.0328	11.483582
1010.5273	21.610945
1010.0198	22.094528
1009.5142	18.110945
1009.0087	18.483582
1008.5031	32.610947
1007.9955	21.483582
1007.4898	22.594528
1006.9842	19.594528
1006.4785	15.094527
1005.9707	19.483582
1005.465	22.483582
1004.9592	13.483582
1004.4534	14.483582
1003.9455	29.610947
1003.4397	16.094528
1002.9338	23.094528
1002.4258	10.483582
1001.9199	27.5
1001.4139	20.110945
1000.9059	18.483582
1000.3998	23.610947
999.8938	22.610945
