1488.8182	373.29303
1488.3485	403.79303
1487.8788	377.5
1487.4089	376
1486.941	389.79303
1486.4712	395.29303
1486.0013	386.79303
1485.5334	378.79303
1485.0635	395
1484.5935	413.29303
1484.1235	365.5
1483.6555	390.5
1483.1855	401
1482.7155	399.5
1482.2454	389.29303
1481.7753	393.41245
1481.3071	376
1480.8369	399.29303
1480.3668	389.79303
1479.8966	388.29303
1479.4283	388.79303
1478.9581	391.29303
1478.4878	389.5
1478.0176	393.29303
1477.5472	397.5
1477.0769	385.79303
1476.6085	378.29303
1476.1381	401
1475.6676	396.5
1475.1973	418.5
1474.7267	394.79303
1474.2562	400.79303
1473.7858	405.29303
1473.3152	400.79303
1472.8466	379.41245
1472.376	381.29303
1471.9054	392
1471.4347	380.79303
1470.9641	399
1470.4934	368.29303
1470.0227	380
1469.5519	371.29303
1469.0812	388
1468.6104	405.79303
1468.1395	381.5
1467.6687	365.5
1467.1979	386
1466.7269	410.79303
1466.2561	369.5
1465.7852	377.79303
1465.3142	371
1464.8431	404.79303
1464.3722	394.5
1463.9011	369.79303
1463.4301	402.79303
1462.959	391.79303
1462.4879	397.79303
1462.0167	400
1461.5457	398.5
1461.0745	379.79303
1460.6033	381.5
1460.132	396.29303
1459.6608	392
1459.1895	388
1458.7181	398.70547
1458.2468	392.5
1457.7754	388.5
1457.3041	388
1456.8326	418
1456.3612	372.79303
1455.8878	367.79303
1455.4164	363.41245
1454.9448	393
1454.4733	388.5
1454.0017	370.79303
1453.5302	397.5
1453.0586	376.29303
1452.5869	378
1452.1133	389.5
1451.6416	385.41245
1451.1699	370
1450.6982	391.29303
1450.2264	382.29303
1449.7527	390.79303
1449.2809	403.41245
1448.8091	399.41245
1448.3372	383.41245
1447.8654	404.79303
1447.3915	378.79303
1446.9196	372.79303
1446.4476	400.5
1445.9756	397.79303
1445.5037	382.41245
1445.0297	395
1444.5576	366
1444.0854	368
1443.6134	390.41245
1443.1393	379
1442.6671	394
1442.1949	404
1441.7208	387.41245
1441.2485	377
1440.7764	379.29303
1440.3041	394
1439.8297	385.29303
1439.3574	370.29303
1438.8851	396
1438.4108	385
1437.9384	391.79303
1437.4659	355.29303
1436.9915	394.79303
1436.519	370.79303
1436.0465	405
1435.572	395.5
1435.0995	395.79303
1434.625	391.79303
1434.1523	399.5
1433.6797	382.29303
1433.2051	377
1432.7324	380
1432.2578	407.5
1431.785	395.79303
1431.3123	380.5
1430.8375	371.41245
1430.3647	393
1429.89	376.79303
1429.4171	377.41245
1428.9423	391.5
1428.4694	383.41245
1427.9965	385.5
1427.5215	408.29303
1427.0486	384.79303
1426.5736	376
1426.1006	352.29303
1425.6256	383.29303
1425.1525	397.29303
1424.6774	379
1424.2043	394.5
1423.7291	354.79303
1423.256	394.79303
1422.7809	392.79303
1422.3076	380.5
1421.8324	387.5
1421.3591	390.79303
1420.8838	385.29303
1420.4086	387.29303
1419.9352	410.79303
1419.4598	393.79303
1418.9865	386.5
1418.5111	385
1418.0376	378.29303
1417.5621	369.5
1417.0867	402.79303
1416.6132	383.70547
1416.1377	408.29303
1415.6641	369
1415.1885	377.29303
1414.7129	377.29303
1414.2393	376.5
1413.7637	430.79303
1413.288	407.29303
1412.8142	385.5
1412.3385	385.5
1411.8647	389.41245
1411.3889	412.79303
1410.9132	402
1410.4393	383.5
1409.9635	424.29303
1409.4875	415
1409.0117	395.79303
1408.5377	382.79303
1408.0618	400.29303
1407.5858	411.20547
1407.1118	404.5
1406.6357	408
1406.1598	365.5
1405.6837	386
1405.2096	397.5
1404.7334	405
1404.2573	404.29303
1403.7811	371
1403.3069	383.79303
1402.8307	402.79303
1402.3544	397.79303
1401.8782	407
1401.4038	381.29303
1400.9275	397.41245
1400.4512	403
1399.9747	417.79303
1399.4984	377.79303
1399.0239	395.79303
1398.5475	395.29303
1398.071	393
1397.5945	401
1397.1179	378.29303
1396.6414	401.29303
1396.1669	404
1395.6902	387.29303
1395.2136	396.79303
1394.7369	396.29303
1394.2603	384.5
1393.7836	412.79303
1393.3068	381
1392.8301	427.29303
1392.3533	368.79303
1391.8784	398.29303
1391.4016	396.79303
1390.9248	378.5
1390.4479	391.5
1389.9709	379.29303
1389.494	435.79303
1389.0171	525.5
1388.5402	871.5
1388.0631	645.29303
1387.5861	451.79303
1387.109	410.79303
1386.632	388.29303
1386.1548	401.41245
1385.6777	409
1385.2006	389.79303
1384.7234	391.41245
1384.2461	375
1383.7689	385.5
1383.2916	394.5
1382.8143	388.5
1382.337	392
1381.8597	397.79303
1381.3823	383
1380.905	407.29303
1380.4276	402.79303
1379.9502	402.29303
1379.4727	383
1378.9952	363.5
1378.5177	398.79303
1378.0402	373.5
1377.5626	403.5
1377.085	394.5
1376.6074	395.29303
1376.1278	422.79303
1375.6501	394.29303
1375.1724	377
1374.6947	404.5
1374.2169	395.29303
1373.7391	383.79303
1373.2614	391.29303
1372.7836	372.79303
1372.3037	403
1371.8259	391.29303
1371.348	399.5
1370.8701	341.29303
1370.3921	368.29303
1369.9142	399.29303
1369.4362	394
1368.9562	386
1368.4781	396
1368.0001	396
1367.522	387.5
1367.0438	392.41245
1366.5637	401
1366.0856	376.79303
1365.6073	392.41245
1365.1292	399.79303
1364.6489	414
1364.1707	396.79303
1363.6924	402.79303
1363.214	367.79303
1362.7336	410
1362.2552	363
1361.7769	385.5
1361.2985	401.29303
1360.818	361.79303
1360.3396	388.79303
1359.8611	415.41245
1359.3805	377.41245
1358.902	377.79303
1358.4235	384.79303
1357.9429	405
1357.4642	387.29303
1356.9856	400.79303
1356.5049	401.79303
1356.0261	394.79303
1355.5475	379.5
1355.0667	368.5
1354.5879	377.29303
1354.1091	388.29303
1353.6283	359.29303
1353.1494	395.29303
1352.6705	388.70547
1352.1897	407.29303
1351.7107	382.5
1351.2297	393
1350.7509	370.29303
1350.2719	409
1349.7908	413.5
1349.3118	394.29303
1348.8307	399.79303
1348.3516	394
1347.8704	399.41245
1347.3912	399
1346.9121	395
1346.4308	399.29303
1345.9517	397
1345.4703	390
1344.9911	380.79303
1344.5098	378
1344.0304	405
1343.5491	429.5
1343.0697	400.79303
1342.5883	429.29303
1342.1088	394.41245
1341.6273	410.20547
1341.1478	416.79303
1340.6664	397.29303
1340.1868	387.5
1339.7052	393.5
1339.2257	394.5
1338.744	375.79303
1338.2625	406.79303
1337.7827	423.79303
1337.301	388.5
1336.8213	402
1336.3396	414.5
1335.8599	372.5
1335.3781	389.29303
1334.8962	378
1334.4164	389.79303
1333.9344	411.29303
1333.4546	398.5
1332.9727	412.5
1332.4907	399.29303
1332.0107	427.29303
1331.5287	400.29303
1331.0468	420.5
1330.5667	389.5
1330.0846	391.29303
1329.6045	402.29303
1329.1223	382
1328.6401	410.5
1328.16	386.79303
1327.6779	404.29303
1327.1956	373
1326.7134	391
1326.233	377.29303
1325.7507	402.79303
1325.2684	385.29303
1324.7881	409.29303
1324.3057	390.29303
1323.8232	403.29303
1323.3408	381.5
1322.8604	388.29303
1322.3778	416.79303
1321.8954	408
1321.4128	421.29303
1320.9323	422.41245
1320.4497	385.5
1319.967	414.29303
1319.4844	404.79303
1319.0038	396.29303
1318.521	383.29303
1318.0383	407.79303
1317.5555	406.5
1317.0728	372.5
1316.592	387.5
1316.1093	386
1315.6263	393.29303
1315.1434	398.29303
1314.6605	387.5
1314.1776	389.79303
1313.6967	401.79303
1313.2137	388
1312.7307	402.79303
1312.2477	392.29303
1311.7646	411.79303
1311.2816	402.29303
1310.7985	420.5
1310.3153	389.5
1309.8342	356.29303
1309.351	412.29303
1308.8678	360.5
1308.3845	392
1307.9012	394.5
1307.418	418.79303
1306.9347	392
1306.4514	420.5
1305.968	411.29303
1305.4846	400.79303
1305.0012	399.29303
1304.5178	399.29303
1304.0343	393.29303
1303.5508	408.79303
1303.0673	398.29303
1302.5858	379.79303
1302.1022	392.79303
1301.6187	393.79303
1301.135	399.29303
1300.6514	395.41245
1300.1676	405.29303
1299.684	418.5
1299.1982	404.79303
1298.7145	423.79303
1298.2307	401.79303
1297.7469	390.79303
1297.2631	404.79303
1296.7792	387.79303
1296.2954	399
1295.8114	406.29303
1295.3275	411.5
1294.8435	414.79303
1294.3596	403.29303
1293.8756	399
1293.3916	388.79303
1292.9075	412.41245
1292.4233	433.20547
1291.9393	386.29303
1291.4531	399.29303
1290.969	404.5
1290.4847	405.29303
1290.0006	413.20547
1289.5164	401.5
1289.0321	432.79303
1288.5477	413.5
1288.0614	410
1287.5771	427
1287.0928	421
1286.6084	442
1286.1239	534.29303
1285.6395	674.79303
1285.153	539
1284.6685	442.5
1284.184	435.79303
1283.6995	406.41245
1283.2148	424.79303
1282.7283	423.41245
1282.2437	437.5
1281.7589	417.5
1281.2743	375.41245
1280.7896	423.5
1280.3029	401.5
1279.8181	393.41245
1279.3333	409
1278.8485	406.79303
1278.3616	400.41245
1277.8767	393.79303
1277.3918	415.5
1276.9049	423.5
1276.42	383.5
1275.9351	404.5
1275.4501	396.5
1274.963	426.5
1274.478	409.29303
1273.9929	405.5
1273.5059	410.29303
1273.0206	398.79303
1272.5355	393.79303
1272.0483	419.29303
1271.5631	416.41245
1271.0779	403
1270.5907	420
1270.1053	419.5
1269.6201	426
1269.1327	379.29303
1268.6473	436.5
1268.16	424.29303
1267.6746	418.41245
1267.1892	412.5
1266.7017	409.5
1266.2162	433.29303
1265.7286	413.5
1265.2432	439.5
1264.7576	440.29303
1264.27	422.79303
1263.7843	399.79303
1263.2968	430.20547
1262.811	439
1262.3234	442.29303
1261.8376	453.29303
1261.3499	414.79303
1260.8641	430.29303
1260.3783	426
1259.8905	421.29303
1259.4045	426.5
1258.9167	403.41245
1258.4308	427.5
1257.9429	423.79303
1257.4569	407
1256.9689	415.79303
1256.4829	435.29303
1255.9949	454.29303
1255.5088	427.5
1255.0208	407.79303
1254.5326	436.5
1254.0465	446.5
1253.5582	450
1253.0721	422
1252.5839	434.79303
1252.0977	443.79303
1251.6094	449.29303
1251.123	450.79303
1250.6348	459.29303
1250.1464	438.5
1249.66	402.79303
1249.1715	418.29303
1248.6852	433.79303
1248.1967	450.79303
1247.7081	431.5
1247.2217	444
1246.7332	444.29303
1246.2445	407.29303
1245.7579	433.5
1245.2694	431.29303
1244.7808	461.29303
1244.2941	453.5
1243.8053	414.29303
1243.3167	442.5
1242.8298	418.79303
1242.3411	445.5
1241.8523	473.29303
1241.3655	451.5
1240.8766	447
1240.3877	468.79303
1239.9009	466.5
1239.4119	476
1238.923	446.79303
1238.434	456.79303
1237.947	446.79303
1237.4579	444.70547
1236.9689	450.5
1236.4797	446.5
1235.9927	450.5
1235.5035	466.29303
1235.0143	449.79303
1234.5251	476
1234.038	466.5
1233.5487	482.79303
1233.0594	448.5
1232.5701	421.41245
1232.0828	454.5
1231.5934	458
1231.104	465
1230.6146	465
1230.1252	464.29303
1229.6357	470
1229.1482	467
1228.6587	466.29303
1228.1692	460.29303
1227.6796	468
1227.1901	484.5
1226.7004	471.29303
1226.2108	455
1225.7231	441.41245
1225.2334	461.79303
1224.7437	469.79303
1224.2539	478.29303
1223.7642	487.29303
1223.2743	486.79303
1222.7845	461.29303
1222.2947	474.5
1221.8048	485.5
1221.3169	473.79303
1220.8269	496
1220.337	475
1219.847	459.79303
1219.3569	481
1218.8669	463.5
1218.3768	465.29303
1217.8867	469.79303
1217.3966	480.29303
1216.9065	474.79303
1216.4163	463
1215.9261	474.79303
1215.4359	470.5
1214.9457	479.5
1214.4553	475
1213.9651	453
1213.4747	483.79303
1212.9844	479.5
1212.494	456.29303
1212.0035	461.79303
1211.5131	478
1211.0227	465.5
1210.5321	469.79303
1210.0416	462.29303
1209.5511	476.79303
1209.0605	479.79303
1208.5699	477
1208.0793	472.41245
1207.5867	482.5
1207.0959	491
1206.6052	498
1206.1145	486.41245
1205.6238	486
1205.1329	500
1204.6422	502.29303
1204.1514	456.5
1203.6605	495.41245
1203.1696	485.79303
1202.6766	476
1202.1857	490.29303
1201.6947	491.5
1201.2037	477.79303
1200.7128	495.5
1200.2217	486
1199.7285	502.5
1199.2374	471.79303
1198.7463	473.79303
1198.2552	516.41241
1197.764	509.79303
1197.2728	463
1196.7795	465.29303
1196.2883	483.41245
1195.797	492.29303
1195.3057	486
1194.8124	492
1194.3209	487.5
1193.8296	490.5
1193.3381	504.41245
1192.8467	465
1192.3531	500.5
1191.8617	479
1191.3702	475.79303
1190.8787	473.79303
1190.385	502.41245
1189.8934	488.5
1189.4017	487.5
1188.9081	507.79303
1188.4164	502.5
1187.9247	501
1187.433	486.79303
1186.9392	470.79303
1186.4474	472.29303
1185.9556	479
1185.4617	491.41245
1184.9698	469.79303
1184.4779	480
1183.984	516.29303
1183.4921	499.29303
1183.0001	483.5
1182.506	496.41245
1182.014	464.41245
1181.5199	485.41245
1181.0278	514
1180.5358	491.41245
1180.0415	508.5
1179.5494	479.79303
1179.0552	472
1178.563	508.5
1178.0707	486
1177.5764	480.5
1177.0841	465.79303
1176.5897	511.29303
1176.0974	485
1175.6051	486.79303
1175.1106	493.20547
1174.6182	490.29303
1174.1237	477.79303
1173.6312	486.29303
1173.1367	481
1172.6442	480.79303
1172.1495	459.29303
1171.657	523
1171.1624	508
1170.6697	490.5
1170.1749	468.29303
1169.6823	474.41245
1169.1875	472.79303
1168.6948	479.29303
1168.2	471.79303
1167.7072	490.5
1167.2123	481.41245
1166.7195	496.79303
1166.2245	491.29303
1165.7317	499.79303
1165.2367	497.5
1164.7437	483.79303
1164.2487	478.41245
1163.7537	476.79303
1163.2606	457.29303
1162.7655	516.70544
1162.2723	453.29303
1161.7772	498
1161.2821	459.79303
1160.7888	468.29303
1160.2936	467
1159.8004	488.5
1159.3052	462.5
1158.8098	462
1158.3165	481.79303
1157.8212	475.5
1157.3257	504.79303
1156.8324	490.5
1156.3369	474.79303
1155.8435	490.5
1155.3479	519.29303
1154.8524	458
1154.3589	517.41241
1153.8633	506.79303
1153.3677	488.29303
1152.8721	506.5
1152.3784	476.79303
1151.8827	467.79303
1151.387	495.5
1150.8933	478.79303
1150.3976	473.79303
1149.9017	488.70547
1149.4059	467.29303
1148.9121	482.29303
1148.4163	490
1147.9203	486
1147.4264	454.5
1146.9304	459.5
1146.4344	491.79303
1145.9385	462.79303
1145.4424	472.41245
1144.9484	488.79303
1144.4523	488.29303
1143.9562	466.5
1143.46	483.20547
1142.9658	471.79303
1142.4696	453.29303
1141.9734	459.29303
1141.4772	479.79303
1140.9808	480.29303
1140.4846	500.79303
1139.9902	466.5
1139.4939	476
1138.9976	456.41245
1138.5011	450.29303
1138.0046	475.29303
1137.5082	488.20547
1137.0137	453.5
1136.5172	476
1136.0206	466.5
1135.524	472.5
1135.0275	463
1134.5308	466
1134.0342	490.41245
1133.5375	471.29303
1133.0408	477.5
1132.5439	637.41241
1132.0493	459.41245
1131.5525	457
1131.0557	478.79303
1130.5588	477
1130.0619	467.5
1129.5651	460.5
1129.0681	475.5
1128.5712	443.29303
1128.0741	488
1127.5771	477.5
1127.0801	458.29303
1126.583	469
1126.0859	464
1125.5889	457.29303
1125.0917	473.5
1124.5945	463
1124.0973	456
1123.6001	462.79303
1123.1028	468.79303
1122.6055	467.29303
1122.1082	457.79303
1121.6108	442.29303
1121.1135	480.20547
1120.6161	444
1120.1187	462.79303
1119.6212	439.41245
1119.1238	446.41245
1118.6263	471.41245
1118.1288	457.79303
1117.6312	498.5
1117.1316	463.5
1116.6339	468.70547
1116.1364	488
1115.6387	453
1115.141	478.79303
1114.6433	453.29303
1114.1455	482.29303
1113.6477	466.29303
1113.15	467.79303
1112.6521	465.5
1112.1522	455.5
1111.6544	466.5
1111.1565	455
1110.6586	453.79303
1110.1605	437.79303
1109.6626	452.29303
1109.1625	487.29303
1108.6644	491.5
1108.1664	472.79303
1107.6683	462.79303
1107.1702	478.29303
1106.672	467.79303
1106.1719	468.41245
1105.6736	456.29303
1105.1754	475.29303
1104.6771	452.29303
1104.1768	483.5
1103.6785	489.29303
1103.1802	509.79303
1102.6818	463.5
1102.1833	499.5
1101.683	473.5
1101.1844	479.79303
1100.686	516.29303
1100.1854	481.79303
1099.6869	469.29303
1099.1884	478.79303
1098.6898	493.5
1098.1891	488
1097.6904	498.5
1097.1918	533.79303
1096.691	501.79303
1096.1924	507.29303
1095.6936	515.41241
1095.1948	512.41241
1094.694	507.79303
1094.1952	515.41241
1093.6963	534
1093.1954	534.79303
1092.6964	525.79303
1092.1975	516.29303
1091.6965	515.79303
1091.1975	531.29303
1090.6964	509.5
1090.1974	505.79303
1089.6984	536.29303
1089.1971	533.79303
1088.6981	546.41241
1088.1989	504.5
1087.6976	522
1087.1985	539.79303
1086.6971	540.41241
1086.1979	531
1085.6965	536.41241
1085.1973	544.5
1084.6979	563.41241
1084.1965	556.29303
1083.6971	540.29303
1083.1956	528.41241
1082.6962	547
1082.1946	555.79303
1081.6951	550.5
1081.1935	566.5
1080.694	578.29303
1080.1923	543.5
1079.6927	561.79303
1079.191	561.29303
1078.6913	577.5
1078.1896	551
1077.6898	545.5
1077.188	565
1076.6882	577.5
1076.1864	570.29303
1075.6865	551.29303
1075.1847	566.5
1074.6848	566.29303
1074.1827	533
1073.6829	597.29303
1073.1808	587.41241
1072.6808	498.5
1072.1787	578.29303
1071.6766	545.41241
1071.1765	565.5
1070.6743	577.41241
1070.1742	593.5
1069.672	581
1069.1719	576.5
1068.6696	575
1068.1672	604.41241
1067.667	596
1067.1647	590.29303
1066.6622	604.29303
1066.1619	577.41241
1065.6594	588
1065.1591	613.41241
1064.6565	626.79303
1064.1541	583.29303
1063.6536	612.5
1063.151	607.79303
1062.6483	615
1062.1478	582.29303
1061.6451	622
1061.1425	576.29303
1060.6417	606.79303
1060.139	579.79303
1059.6362	605
1059.1334	587.79303
1058.6327	581.79303
1058.1299	614.29303
1057.627	579.29303
1057.1261	603.29303
1056.6232	498.5
1056.1202	618.79303
1055.6173	640
1055.1163	620.29303
1054.6133	624
1054.1102	578.41241
1053.6071	592.29303
1053.1061	621.29303
1052.6029	612.5
1052.0997	607.5
1051.5964	591.79303
1051.0933	615.79303
1050.592	599.41241
1050.0887	606.29303
1049.5854	615.20544
1049.082	615
1048.5787	624
1048.0774	609
1047.574	598.79303
1047.0704	642
1046.567	628.29303
1046.0635	590.79303
1045.5599	628.29303
1045.0585	629.41241
1044.5548	586
1044.0513	639.79303
1043.5476	624.5
1043.0439	652.41241
1042.5402	603.29303
1042.0365	619.5
1041.5327	627.79303
1041.031	633.29303
1040.5271	659.29303
1040.0233	614.29303
1039.5194	625.29303
1039.0155	613.29303
1038.5116	622.41241
1038.0077	613.41241
1037.5037	635.5
1036.9996	596.79303
1036.4956	605.20544
1035.9916	621.5
1035.4874	641
1034.9834	613.29303
1034.4792	595.41241
1033.9751	618.41241
1033.4729	613.29303
1032.9686	613.79303
1032.4645	630.29303
1031.9601	609
1031.4558	598.79303
1030.9515	601.41241
1030.4471	617.20544
1029.9427	576.29303
1029.4384	621.41241
1028.9318	607.41241
1028.4272	610.79303
1027.9229	549.41241
1027.4182	586.41241
1026.9137	604.41241
1026.4091	597
1025.9045	599.5
1025.3999	589
1024.8951	598.5
1024.3905	600.29303
1023.8857	641.29303
1023.381	603.41241
1022.8762	601.29303
1022.3714	566.41241
1021.8666	595
1021.3617	627.79303
1020.8547	584
1020.3498	604.79303
1019.8448	596.29303
1019.3399	597.79303
1018.8349	614.29303
1018.3298	596
1017.8248	576.79303
1017.3197	553.41241
1016.8125	572.79303
1016.3074	585.79303
1015.8022	598
1015.297	587.20544
1014.7918	569.20544
1014.2866	573.79303
1013.7792	586.29303
1013.2739	616.20544
1012.7686	605.41241
1012.2632	573.41241
1011.7578	539.41241
1011.2503	591.70544
1010.7448	586.41241
1010.2394	576.41241
1009.7338	618.70544
1009.2283	590
1008.7207	566.79303
1008.2151	566.79303
1007.7095	582.79303
1007.2039	546.41241
1006.6961	567.29303
1006.1904	557.29303
1005.6847	573.29303
1005.1769	535.41241
1004.6711	585.79303
1004.1653	539
1003.6594	572
1003.1515	547.79303
1002.6456	555.29303
1002.1396	579.79303
1001.6317	574.41241
1001.1257	533.79303
1000.6197	548
1000.1136	557.5
999.60553	578.41241
999.09943	554.41241
