1489.3312	37.770149
1488.8615	44.270149
1488.3937	37.518906
1487.924	40.518906
1487.4541	38.289055
1486.9863	44.789055
1486.5165	42.518906
1486.0465	42.770149
1485.5767	38.289055
1485.1086	43.289055
1484.6388	40.5
1484.1688	40.770149
1483.6987	55.518906
1483.2307	97.518906
1482.7606	66.518906
1482.2906	48.270149
1481.8206	32.518906
1481.3503	42.5
1480.8822	39.770149
1480.412	44.518906
1479.9419	41
1479.4717	36.518906
1479.0013	39.770149
1478.5331	36.770149
1478.0627	35.518906
1477.5925	46.770149
1477.1221	37.518906
1476.6517	42.518906
1476.1814	36.518906
1475.7129	29.518906
1475.2424	36.5
1474.772	35.518906
1474.3015	42
1473.8311	37.789055
1473.3605	31.270149
1472.8899	39.5
1472.4193	40.270149
1471.9487	38.770149
1471.48	39.270149
1471.0094	35.270149
1470.5387	34.770149
1470.068	32.289055
1469.5973	32.518906
1469.1265	38.770149
1468.6556	41.289055
1468.1849	39.518906
1467.714	38.518906
1467.2432	31.518906
1466.7723	41.518906
1466.3014	42.518906
1465.8304	40
1465.3595	35.270149
1464.8885	36.5
1464.4175	41.5
1463.9465	40.270149
1463.4755	37.518906
1463.0044	46.518906
1462.5332	46.518906
1462.0621	44.518906
1461.5909	43.289055
1461.1198	45
1460.6486	46.289055
1460.1774	67.518906
1459.7061	177.77014
1459.2347	405.51889
1458.7635	1558.7701
1458.2921	1704.2701
1457.8188	716.51892
1457.3474	311.27014
1456.8761	150.77014
1456.4047	65.770149
1455.9332	49.270149
1455.4617	39.518906
1454.9902	48.5
1454.5187	38.518906
1454.0471	36.518906
1453.5736	42.518906
1453.1019	41.518906
1452.6304	42
1452.1587	46.518906
1451.687	37.789055
1451.2153	35.770149
1450.7416	42.289055
1450.2699	33.518906
1449.7981	36.5
1449.3263	29.518906
1448.8545	39.5
1448.3806	42
1447.9088	39.770149
1447.4369	39.270149
1446.965	65
1446.493	69.5
1446.019	46.518906
1445.547	38.270149
1445.0751	46.770149
1444.603	38.770149
1444.1289	36.789055
1443.6569	41.270149
1443.1847	39.518906
1442.7125	39.270149
1442.2384	46.518906
1441.7662	30.270149
1441.2941	37.518906
1440.8198	37.770149
1440.3475	37.518906
1439.8752	31.770149
1439.4009	47.789055
1438.9286	37.270149
1438.4562	43.270149
1437.9818	44
1437.5094	40.770149
1437.037	42.5
1436.5625	34.270149
1436.0901	32.270149
1435.6176	33.518906
1435.1429	41.770149
1434.6704	39.518906
1434.1979	39.270149
1433.7233	43
1433.2506	32.289055
1432.776	39.289055
1432.3032	45.289055
1431.8306	37.518906
1431.3558	36.518906
1430.8831	36.5
1430.4083	36.770149
1429.9354	44.5
1429.4607	38.5
1428.9878	36.770149
1428.5129	40.270149
1428.04	36.270149
1427.567	43
1427.0922	26.518906
1426.6191	38.518906
1426.1442	42.5
1425.671	40.518906
1425.196	38.518906
1424.7229	39.518906
1424.2478	40.270149
1423.7747	35.518906
1423.2996	36.5
1422.8264	45
1422.3512	35.518906
1421.876	41.5
1421.4027	35.770149
1420.9274	43.5
1420.4541	36.518906
1419.9788	37.518906
1419.5054	36.289055
1419.03	38
1418.5566	36.789055
1418.0812	37.289055
1417.6057	46.5
1417.1323	42
1416.6567	40.518906
1416.1832	33.518906
1415.7076	43.5
1415.2321	38.5
1414.7585	37.770149
1414.2828	38.518906
1413.8073	37.518906
1413.3335	39.270149
1412.8578	43.518906
1412.3821	36.270149
1411.9083	44.270149
1411.4326	39.518906
1410.9568	43
1410.4829	41.5
1410.0071	37.270149
1409.5313	34.289055
1409.0574	33.270149
1408.5814	39.789055
1408.1055	39.5
1407.6315	42.270149
1407.1555	42.289055
1406.6794	35.270149
1406.2034	34.770149
1405.7292	33.270149
1405.2532	35.5
1404.7771	41.289055
1404.3009	38.270149
1403.8268	39
1403.3506	40.270149
1402.8743	38.789055
1402.3981	33.770149
1401.9238	37
1401.4475	35.518906
1400.9712	36.518906
1400.4948	40.270149
1400.0184	41.789055
1399.5441	36.270149
1399.0676	37.518906
1398.5912	36.518906
1398.1146	37.270149
1397.6382	35.770149
1397.1616	38.518906
1396.6871	34.289055
1396.2104	34.5
1395.7339	33.770149
1395.2573	43.270149
1394.7806	33.518906
1394.304	38.270149
1393.8273	35
1393.3505	50.289055
1392.8757	38.518906
1392.3989	46
1391.9221	36.770149
1391.4453	42.770149
1390.9685	39.270149
1390.4916	38.789055
1390.0146	34.789055
1389.5377	37.770149
1389.0608	36.770149
1388.5839	38.518906
1388.1068	41
1387.6298	34.770149
1387.1527	43.270149
1386.6757	39.5
1386.1986	35.5
1385.7214	31.518906
1385.2443	42.770149
1384.7671	38
1384.2899	34.789055
1383.8126	40.770149
1383.3354	40.518906
1382.8582	34.518906
1382.3809	42.770149
1381.9034	39.5
1381.4261	42
1380.9487	42.289055
1380.4713	76.518906
1379.9939	82.770149
1379.5165	48.270149
1379.0389	35.270149
1378.5614	40
1378.0839	31.270149
1377.6063	44.770149
1377.1288	44.770149
1376.6511	50.289055
1376.1736	49
1375.6938	49.270149
1375.2162	35.518906
1374.7385	42
1374.2607	44.270149
1373.783	35.289055
1373.3052	48
1372.8274	48.289055
1372.3496	36.270149
1371.8698	42.270149
1371.3918	49.518906
1370.9139	33.518906
1370.4359	35.5
1369.958	34.5
1369.48	38.5
1369	31.770149
1368.522	36.518906
1368.0439	42.5
1367.5658	44
1367.0876	46
1366.6075	41.5
1366.1294	45.5
1365.6512	38.518906
1365.173	40.518906
1364.6927	37.518906
1364.2145	95.770149
1363.7362	91.518906
1363.2578	53.518906
1362.7775	48.5
1362.2992	78.518906
1361.8208	111.51891
1361.3423	57
1360.8619	52.289055
1360.3834	36.5
1359.9049	43.270149
1359.4244	35.770149
1358.9459	40.518906
1358.4673	43.270149
1357.9867	33.270149
1357.5081	43.270149
1357.0294	41
1356.5487	45
1356.0701	48.518906
1355.5913	42.5
1355.1106	38.518906
1354.6318	33.789055
1354.153	34
1353.6722	40.770149
1353.1934	36.518906
1352.7145	37.518906
1352.2335	36.770149
1351.7546	38
1351.2737	43.518906
1350.7947	43.5
1350.3157	38
1349.8347	40.518906
1349.3556	37.770149
1348.8745	40.5
1348.3954	43.518906
1347.9143	39.518906
1347.4352	35.518906
1346.9559	42.5
1346.4747	33.518906
1345.9955	40
1345.5143	42.270149
1345.035	34.518906
1344.5537	42.518906
1344.0743	43
1343.593	37.518906
1343.1136	42.5
1342.6322	33.518906
1342.1527	40
1341.6713	45.518906
1341.1918	37.518906
1340.7103	45
1340.2307	36.518906
1339.7493	38.518906
1339.2676	42.5
1338.788	36.518906
1338.3064	40.789055
1337.8267	37.518906
1337.345	38.518906
1336.8652	40
1336.3835	39
1335.9017	45.789055
1335.422	36.5
1334.9402	40
1334.4603	39.789055
1333.9785	32.518906
1333.4966	39.770149
1333.0166	42.270149
1332.5347	38.518906
1332.0547	49
1331.5728	35.270149
1331.0907	40.518906
1330.6106	41.518906
1330.1285	38.518906
1329.6465	35
1329.1664	37.518906
1328.6842	37.289055
1328.202	34.770149
1327.7218	48.5
1327.2396	43.289055
1326.7573	45.270149
1326.2771	37.770149
1325.7948	40.5
1325.3124	34.518906
1324.8301	30.789055
1324.3497	42
1323.8673	39.518906
1323.3849	43
1322.9023	41.789055
1322.4219	40.5
1321.9395	40.770149
1321.4569	44.518906
1320.9742	47.5
1320.4937	42.518906
1320.0111	39.789055
1319.5284	45.770149
1319.0458	43.5
1318.5651	40
1318.0824	37.518906
1317.5996	43.5
1317.1168	41.518906
1316.634	41
1316.1512	45.518906
1315.6704	34.518906
1315.1875	41
1314.7047	34.5
1314.2217	42.518906
1313.7388	43
1313.2559	38.518906
1312.7748	37
1312.2917	36.789055
1311.8087	32.270149
1311.3257	38
1310.8425	32.518906
1310.3595	39.789055
1309.8763	39.270149
1309.3931	33.270149
1308.9099	36.5
1308.4287	39.770149
1307.9454	31.518906
1307.4622	38.270149
1306.9789	45.770149
1306.4955	36.289055
1306.0121	42.5
1305.5288	38
1305.0453	38.289055
1304.5619	34.770149
1304.0785	39.289055
1303.595	35.770149
1303.1115	31.518906
1302.6279	36
1302.1443	34.770149
1301.6608	38.770149
1301.1771	43.789055
1300.6935	34.270149
1300.2098	42.5
1299.7261	34.270149
1299.2424	36.770149
1298.7587	38.518906
1298.2749	35.518906
1297.791	39.789055
1297.3073	37.518906
1296.8234	35.270149
1296.3395	38.5
1295.8556	38.289055
1295.3717	42.270149
1294.8877	36.289055
1294.4038	42.5
1293.9198	36.270149
1293.4337	39.789055
1292.9497	30.770149
1292.4656	39.270149
1291.9814	43
1291.4973	46.518906
1291.0132	47.770149
1290.5291	40
1290.0448	35.289055
1289.5605	38.770149
1289.0742	36.518906
1288.59	34.518906
1288.1057	32.518906
1287.6213	38.518906
1287.137	33.289055
1286.6526	43.5
1286.1661	38.270149
1285.6816	37.518906
1285.1973	44.5
1284.7128	36.270149
1284.2281	31.770149
1283.7417	40.289055
1283.2571	31.789055
1282.7725	32.770149
1282.2878	33.518906
1281.8032	32.289055
1281.3165	37.789055
1280.8318	32.289055
1280.347	41.270149
1279.8623	44.789055
1279.3755	34.5
1278.8907	42.5
1278.4059	36.289055
1277.921	48
1277.4341	62.770149
1276.9492	43.770149
1276.4642	38.289055
1275.9773	37.270149
1275.4923	63.518906
1275.0073	141.27014
1274.5203	116.51891
1274.0352	61.789055
1273.55	41
1273.0649	39.770149
1272.5778	32.5
1272.0927	33.270149
1271.6055	44.270149
1271.1202	35.518906
1270.635	43.518906
1270.1477	46.270149
1269.6624	43.5
1269.177	40.770149
1268.6897	35.518906
1268.2043	47.518906
1267.7189	34.289055
1267.2314	37.770149
1266.746	35.270149
1266.2585	43
1265.7729	39.270149
1265.2854	40.270149
1264.7999	39.770149
1264.3143	37.289055
1263.8267	41.518906
1263.3411	37.789055
1262.8534	38.5
1262.3677	37.518906
1261.8799	30.5
1261.3942	36.518906
1260.9064	42.270149
1260.4207	40.270149
1259.9348	46.270149
1259.4469	36.518906
1258.9611	38
1258.4731	47.518906
1257.9872	43.518906
1257.4993	42.789055
1257.0112	40.770149
1256.5253	48.270149
1256.0372	33.270149
1255.5511	38.289055
1255.0631	31.770149
1254.5769	33.789055
1254.0889	39.5
1253.6027	36.789055
1253.1145	34.270149
1252.6283	39.289055
1252.14	37.270149
1251.6517	33.289055
1251.1654	42.789055
1250.6771	46.270149
1250.1908	39.270149
1249.7024	40.518906
1249.214	44.5
1248.7275	40.289055
1248.239	31.518906
1247.7526	30.289055
1247.264	42.518906
1246.7755	38.518906
1246.2889	37.289055
1245.8004	39.289055
1245.3118	30.518906
1244.8252	31.289055
1244.3364	41.5
1243.8478	43.270149
1243.3611	33.270149
1242.8723	43.518906
1242.3835	37.5
1241.8967	40.518906
1241.408	41.518906
1240.9191	33.518906
1240.4323	37.789055
1239.9432	46.518906
1239.4543	46.270149
1238.9653	33.518906
1238.4784	37.289055
1237.9894	39.518906
1237.5004	34.518906
1237.0133	34.270149
1236.5242	45.5
1236.0352	42.289055
1235.5459	56.770149
1235.0588	123.28905
1234.5696	109
1234.0803	46.518906
1233.5912	39.770149
1233.1018	44.518906
1232.6146	41.518906
1232.1252	36.770149
1231.6359	47.5
1231.1465	42.5
1230.6571	40.518906
1230.1697	47.789055
1229.6802	45.518906
1229.1907	45
1228.7012	32.789055
1228.2117	37.518906
1227.7222	36.270149
1227.2325	34.270149
1226.7449	36.5
1226.2552	29.518906
1225.7656	31.789055
1225.2759	35.770149
1224.7861	30.770149
1224.2964	35.518906
1223.8066	36.270149
1223.3169	36.770149
1222.827	33.789055
1222.3392	37.770149
1221.8494	42.789055
1221.3594	35.270149
1220.8695	32.789055
1220.3795	34.789055
1219.8895	37.518906
1219.3995	40.270149
1218.9094	38.518906
1218.4194	49.270149
1217.9293	37.518906
1217.4392	38.770149
1216.949	46.518906
1216.4589	43
1215.9686	41.770149
1215.4784	37.289055
1214.9882	41.770149
1214.4979	42.270149
1214.0076	41
1213.5172	41.270149
1213.0269	39.518906
1212.5365	47.270149
1212.0461	33.518906
1211.5557	41.270149
1211.0652	38.770149
1210.5747	33.518906
1210.0842	38.518906
1209.5936	21.518906
1209.1031	38.789055
1208.6125	47.518906
1208.1218	39.518906
1207.6312	38.789055
1207.1405	36.270149
1206.6478	39.270149
1206.1571	38.770149
1205.6664	40.518906
1205.1755	36.289055
1204.6848	42.789055
1204.194	45.270149
1203.7031	36.518906
1203.2122	39.518906
1202.7192	36.789055
1202.2283	36.518906
1201.7373	37.518906
1201.2463	30.518906
1200.7554	35.270149
1200.2643	40.789055
1199.7732	34.518906
1199.2802	43
1198.7889	42
1198.2979	39.518906
1197.8066	39.270149
1197.3154	33.518906
1196.8221	37.518906
1196.3309	40.270149
1195.8396	38.518906
1195.3484	34.518906
1194.8569	36.518906
1194.3636	29.518906
1193.8722	37.270149
1193.3807	40.518906
1192.8894	35.789055
1192.3959	39.518906
1191.9044	42.518906
1191.4128	45
1190.9213	43.518906
1190.4277	41.270149
1189.936	36.518906
1189.4445	44.518906
1188.9508	35.789055
1188.4591	46
1187.9674	37.518906
1187.4757	39.770149
1186.9818	42.518906
1186.4901	46.518906
1185.9983	34.518906
1185.5044	32.518906
1185.0126	46.789055
1184.5206	38.770149
1184.0267	33.289055
1183.5348	41.518906
1183.0427	42.518906
1182.5487	27.518906
1182.0566	44.5
1181.5626	41.518906
1181.0706	43.518906
1180.5784	35.770149
1180.0842	41.270149
1179.5922	39.289055
1179.0979	39
1178.6057	35.518906
1178.1134	39.770149
1177.6191	40.289055
1177.1268	40.270149
1176.6324	41.518906
1176.1401	35.789055
1175.6458	33.518906
1175.1533	34.289055
1174.6609	34.518906
1174.1664	37.5
1173.674	35.518906
1173.1794	42
1172.6869	38
1172.1923	50.270149
1171.6997	45.270149
1171.2051	32.770149
1170.7124	45.789055
1170.2178	43.789055
1169.725	40.770149
1169.2302	37.789055
1168.7375	43
1168.2427	34.289055
1167.7499	37.789055
1167.2551	34.770149
1166.7622	35.270149
1166.2673	35.518906
1165.7744	32.518906
1165.2794	41.789055
1164.7844	39.289055
1164.2915	34.289055
1163.7964	40.289055
1163.3033	35.270149
1162.8082	30.518906
1162.3152	30.289055
1161.8201	29.789055
1161.3248	37.770149
1160.8317	31.518906
1160.3364	36.518906
1159.8433	35.5
1159.3479	41.770149
1158.8527	38.5
1158.3593	37.289055
1157.8639	32.518906
1157.3685	40.789055
1156.8751	36.789055
1156.3798	31.770149
1155.8843	37.770149
1155.3907	35.770149
1154.8953	37.270149
1154.3997	34.518906
1153.9061	34.270149
1153.4105	35.518906
1152.9149	36.289055
1152.4213	42.789055
1151.9255	40.518906
1151.4298	39.789055
1150.9341	39.770149
1150.4404	27.789055
1149.9446	42.270149
1149.4487	33.770149
1148.955	40.770149
1148.4591	39.270149
1147.9631	33.270149
1147.4672	31.270149
1146.9733	35.770149
1146.4773	30.289055
1145.9813	37.770149
1145.4852	33.770149
1144.9891	30.770149
1144.4951	33.270149
1143.999	33.270149
1143.5028	40.789055
1143.0067	32.770149
1142.5126	37.770149
1142.0164	34.518906
1141.52	32.518906
1141.0238	41.270149
1140.5275	37.270149
1140.0311	32.518906
1139.5367	43.270149
1139.0404	36.270149
1138.5439	38.518906
1138.0475	35.770149
1137.551	37.770149
1137.0546	41.789055
1136.5581	36.518906
1136.0636	37
1135.567	34.518906
1135.0703	42.270149
1134.5737	39.770149
1134.077	42.289055
1133.5803	41.5
1133.0836	60.518906
1132.5869	38.5
1132.0902	43.270149
1131.5934	35.518906
1131.0966	38.289055
1130.6017	36.770149
1130.1049	35.518906
1129.6079	37.770149
1129.1111	39
1128.614	32.270149
1128.1171	39
1127.6201	39.518906
1127.123	31.518906
1126.626	32.289055
1126.1289	33.5
1125.6317	39.770149
1125.1346	32.770149
1124.6375	30.518906
1124.1403	31.770149
1123.6431	39.518906
1123.1458	42
1122.6484	35.770149
1122.1512	39.789055
1121.6538	39
1121.1565	35.270149
1120.6591	32.789055
1120.1617	38.289055
1119.6642	41.5
1119.1647	35.518906
1118.6672	27.289055
1118.1697	35.5
1117.6721	37.770149
1117.1746	33.289055
1116.677	33.789055
1116.1793	30.770149
1115.6816	41.5
1115.184	36.770149
1114.6863	33.518906
1114.1886	33.270149
1113.6887	41.5
1113.1909	35.518906
1112.6931	38.789055
1112.1953	28.518906
1111.6974	49.5
1111.1995	33.789055
1110.7015	38.770149
1110.2015	29.770149
1109.7036	33.789055
1109.2056	38.270149
1108.7075	30.789055
1108.2095	41.270149
1107.7114	40.789055
1107.2112	40.770149
1106.713	34.518906
1106.2148	43.289055
1105.7167	38.518906
1105.2164	31
1104.7181	32.770149
1104.2198	41
1103.7216	37.789055
1103.2233	43.270149
1102.7228	28.518906
1102.2244	33.518906
1101.726	37.770149
1101.2275	39.5
1100.7271	37.770149
1100.2285	38.518906
1099.73	39.518906
1099.2314	35.289055
1098.7308	43.518906
1098.2322	44.518906
1097.7335	39.789055
1097.2329	29.518906
1096.7341	44.5
1096.2355	45
1095.7346	41.518906
1095.2358	39.518906
1094.7371	44.518906
1094.2362	33.518906
1093.7374	38.518906
1093.2385	42.518906
1092.7375	40.518906
1092.2386	47.270149
1091.7396	37.518906
1091.2386	39.518906
1090.7396	34.518906
1090.2406	38.5
1089.7394	30.270149
1089.2404	35.789055
1088.7391	39.518906
1088.24	44
1087.7408	35.518906
1087.2395	29.289055
1086.7404	37.518906
1086.239	40.5
1085.7397	42
1085.2404	36.518906
1084.739	39.518906
1084.2396	34.518906
1083.7382	44.5
1083.2388	42.5
1082.7373	45.770149
1082.2378	100.78905
1081.7362	296.51889
1081.2367	289.51889
1080.7351	100.5
1080.2355	40
1079.7338	36.518906
1079.2341	40
1078.7324	40.5
1078.2328	37.289055
1077.731	40.518906
1077.2312	34.770149
1076.7294	44.770149
1076.2296	39.270149
1075.7277	34.518906
1075.2278	43.5
1074.726	31.289055
1074.226	48
1073.724	43.270149
1073.224	36.289055
1072.7219	28.789055
1072.2198	35.789055
1071.7198	40
1071.2177	39
1070.7177	31.270149
1070.2155	38.770149
1069.7152	33.770149
1069.213	36.270149
1068.7107	38.770149
1068.2104	42.289055
1067.7081	32.518906
1067.2079	27.789055
1066.7054	34.770149
1066.2031	34.770149
1065.7026	39.518906
1065.2002	37.289055
1064.6978	31.270149
1064.1973	39.518906
1063.6947	31.770149
1063.1921	39.289055
1062.6917	38.270149
1062.189	34.518906
1061.6863	32
1061.1857	33.789055
1060.683	35
1060.1803	34.770149
1059.6796	32
1059.1768	41.5
1058.674	37.518906
1058.171	37.789055
1057.6703	32.5
1057.1674	31.270149
1056.6644	34.270149
1056.1615	31.5
1055.6605	40.5
1055.1575	35.289055
1054.6545	35.770149
1054.1514	35.270149
1053.6504	42.770149
1053.1472	35.5
1052.6442	36.770149
1052.1409	43.270149
1051.6398	26.770149
1051.1366	32.289055
1050.6333	32.789055
1050.13	33.770149
1049.6267	27.518906
1049.1254	41.5
1048.6221	29.770149
1048.1187	43.289055
1047.6152	35.5
1047.1117	33.518906
1046.6083	37.270149
1046.1068	37.270149
1045.6033	33.518906
1045.0997	37.518906
1044.5961	35.770149
1044.0925	30.770149
1043.5889	33.518906
1043.0852	32.289055
1042.5835	35.5
1042.0798	35.518906
1041.576	31.289055
1041.0723	41.270149
1040.5685	32.770149
1040.0646	41.518906
1039.5608	34.518906
1039.0569	37.5
1038.553	38.518906
1038.049	35.518906
1037.545	32.770149
1037.041	36.789055
1036.5391	28.789055
1036.0349	41.289055
1035.5309	37.289055
1035.0267	37.270149
1034.5226	32.789055
1034.0184	33.289055
1033.5143	35.518906
1033.01	47.5
1032.5057	41.770149
1032.0015	163.77014
1031.4972	500.5
1030.9928	410
1030.4884	123.27015
1029.984	43.770149
1029.4796	42.789055
1028.9752	38.789055
1028.4707	37.289055
1027.9662	40.518906
1027.4617	36.518906
1026.9572	30.789055
1026.4504	41
1025.9458	29.518906
1025.4412	38.518906
1024.9365	41.270149
1024.4319	35.5
1023.9271	42.518906
1023.4224	34.518906
1022.9176	39.518906
1022.4128	32.518906
1021.908	25.289055
1021.4031	35.289055
1020.8982	37.270149
1020.3912	36.270149
1019.8862	30.289055
1019.3813	28.789055
1018.8763	39.289055
1018.3713	28.270149
1017.8662	34.289055
1017.3611	34.289055
1016.856	36.518906
1016.3488	35.770149
1015.8436	31.789055
1015.3384	37
1014.8332	37.289055
1014.3279	33.518906
1013.8206	33.270149
1013.3153	32.270149
1012.8099	30.518906
1012.3046	38.289055
1011.7992	35.270149
1011.2938	34.770149
1010.7863	32.518906
1010.2808	35
1009.7753	40
1009.2698	35.518906
1008.7621	47.270149
1008.2565	40.518906
1007.7509	29.518906
1007.2453	38.5
1006.7375	40.270149
1006.2319	34.518906
1005.7261	41.770149
1005.2204	33.270149
1004.7125	38.789055
1004.2067	33
1003.7009	39.789055
1003.1929	37.770149
1002.6871	35.789055
1002.1812	40.270149
1001.6752	36.770149
1001.1672	34
1000.6611	31.518906
1000.1552	34.770149
999.64697	32.518906
