1042.452273	748.2000122
1043.018714	741.0
1043.585098	744.4000244
1044.151424	741.4000244
1044.717692	739.4000244
1045.283903	743.0
1045.850056	741.4000244
1046.416151	742.0
1046.982188	737.5999756
1047.548167	733.4000244
1048.114089	737.0
1048.679953	739.5999756
1049.24576	739.2000122
1049.811509	732.4000244
1050.3772	736.7999878
1050.942833	734.5999756
1051.508408	739.7999878
1052.073926	733.7999878
1052.639387	738.5999756
1053.204789	731.2000122
1053.770134	734.5999756
1054.335421	734.0
1054.900651	737.7999878
1055.465823	733.0
1056.030937	735.7999878
1056.595993	733.4000244
1057.160992	738.0
1057.725934	732.0
1058.290817	724.0
1058.855643	731.7999878
1059.420411	737.4000244
1059.985122	733.4000244
1060.549775	733.4000244
1061.114371	735.2000122
1061.678908	734.4000244
1062.243389	730.4000244
1062.807811	729.2000122
1063.372176	733.4000244
1063.936483	732.5999756
1064.500733	731.2000122
1065.064925	735.0
1065.62906	730.4000244
1066.193137	732.4000244
1066.757156	733.7999878
1067.321118	728.5999756
1067.885022	734.2000122
1068.448869	733.7999878
1069.012658	732.0
1069.57639	731.4000244
1070.140063	731.7999878
1070.70368	731.7999878
1071.267239	731.5999756
1071.83074	736.2000122
1072.394184	737.7999878
1072.95757	735.5999756
1073.520899	728.5999756
1074.08417	733.0
1074.647383	734.7999878
1075.21054	731.4000244
1075.773638	730.0
1076.336679	730.7999878
1076.899663	730.0
1077.462589	736.2000122
1078.025457	725.7999878
1078.588268	732.5999756
1079.151022	729.5999756
1079.713718	730.0
1080.276356	730.4000244
1080.838937	731.2000122
1081.401461	730.7999878
1081.963927	734.5999756
1082.526336	730.5999756
1083.088687	730.0
1083.650981	722.4000244
1084.213217	725.7999878
1084.775396	730.7999878
1085.337517	731.5999756
1085.899581	727.4000244
1086.461587	726.4000244
1087.023536	730.2000122
1087.585428	730.5999756
1088.147262	726.5999756
1088.709039	732.0
1089.270758	731.2000122
1089.83242	727.7999878
1090.394024	726.5999756
1090.955571	728.5999756
1091.517061	733.7999878
1092.078493	732.7999878
1092.639868	731.5999756
1093.201185	727.4000244
1093.762445	729.5999756
1094.323648	730.7999878
1094.884793	730.7999878
1095.445881	734.5999756
1096.006911	727.5999756
1096.567884	726.5999756
1097.1288	728.7999878
1097.689659	729.0
1098.25046	728.4000244
1098.811203	733.5999756
1099.37189	730.4000244
1099.932518	729.0
1100.49309	728.4000244
1101.053604	728.5999756
1101.614061	727.5999756
1102.174461	732.0
1102.734803	724.4000244
1103.295088	733.4000244
1103.855316	729.4000244
1104.415486	727.0
1104.975599	728.0
1105.535655	728.7999878
1106.095653	729.7999878
1106.655594	728.0
1107.215478	728.2000122
1107.775305	731.5999756
1108.335074	729.4000244
1108.894786	730.5999756
1109.45444	731.2000122
1110.014038	726.7999878
1110.573578	730.2000122
1111.133061	733.4000244
1111.692486	727.5999756
1112.251854	731.5999756
1112.811165	732.0
1113.370419	729.5999756
1113.929616	727.7999878
1114.488755	731.0
1115.047837	727.0
1115.606862	727.0
1116.16583	728.5999756
1116.72474	726.2000122
1117.283593	727.4000244
1117.842389	722.2000122
1118.401128	732.2000122
1118.959809	732.7999878
1119.518433	733.7999878
1120.077	726.7999878
1120.63551	728.4000244
1121.193963	726.5999756
1121.752358	732.0
1122.310697	725.7999878
1122.868978	729.2000122
1123.427202	726.0
1123.985368	731.4000244
1124.543478	730.4000244
1125.10153	726.0
1125.659526	731.4000244
1126.217464	731.5999756
1126.775345	727.4000244
1127.333168	720.0
1127.890935	729.2000122
1128.448644	728.7999878
1129.006297	732.7999878
1129.563892	729.4000244
1130.12143	726.0
1130.678911	732.4000244
1131.236335	729.7999878
1131.793701	730.0
1132.351011	725.5999756
1132.908263	731.0
1133.465458	727.0
1134.022597	727.2000122
1134.579678	726.5999756
1135.136702	727.5999756
1135.693669	726.4000244
1136.250578	726.2000122
1136.807431	728.0
1137.364227	725.5999756
1137.920965	732.7999878
1138.477647	726.0
1139.034271	725.2000122
1139.590839	728.2000122
1140.147349	727.2000122
1140.703802	728.4000244
1141.260198	730.2000122
1141.816537	731.2000122
1142.37282	730.5999756
1142.929045	727.7999878
1143.485213	725.7999878
1144.041323	729.5999756
1144.597377	725.2000122
1145.153374	730.0
1145.709314	728.2000122
1146.265197	728.7999878
1146.821023	730.7999878
1147.376792	730.5999756
1147.932503	726.5999756
1148.488158	731.0
1149.043756	730.5999756
1149.599297	735.2000122
1150.154781	725.7999878
1150.710207	727.4000244
1151.265577	734.7999878
1151.82089	732.0
1152.376146	730.0
1152.931345	731.2000122
1154.041572	733.5999756
1154.5966	730.4000244
1155.151571	731.4000244
1155.706485	728.2000122
1156.261342	732.5999756
1156.816142	727.7999878
1157.370885	728.7999878
1157.925572	726.5999756
1158.480201	728.2000122
1159.034774	730.4000244
1159.589289	731.2000122
1160.143748	730.5999756
1160.698149	732.4000244
1161.252494	731.5999756
1161.806782	731.4000244
1162.361013	725.2000122
1162.915187	728.7999878
1163.469304	729.5999756
1164.023364	732.5999756
1164.577368	730.5999756
1165.131314	731.2000122
1165.685204	729.0
1166.239036	729.2000122
1166.792812	729.7999878
1167.346531	728.4000244
1167.900193	725.0
1168.453798	725.0
1169.007347	728.4000244
1169.560838	732.7999878
1170.114273	731.4000244
1170.66765	727.0
1171.220971	734.4000244
1171.774235	730.7999878
1172.327443	732.5999756
1172.880593	727.7999878
1173.433687	732.4000244
1173.986723	730.5999756
1174.539703	732.2000122
1175.092626	728.7999878
1175.645493	731.5999756
1176.198302	727.5999756
1176.751055	729.5999756
1177.303751	732.7999878
1177.85639	725.7999878
1178.408972	728.5999756
1178.961498	730.5999756
1179.513966	729.4000244
1180.066378	725.5999756
1180.618733	730.7999878
1181.171032	728.5999756
1181.723273	727.4000244
1182.275458	726.7999878
1182.827586	729.2000122
1183.379657	728.5999756
1183.931672	730.2000122
1184.48363	728.2000122
1185.035531	725.7999878
1185.587375	729.4000244
1186.139162	729.4000244
1186.690893	726.2000122
1187.242567	727.2000122
1187.794184	729.5999756
1188.345745	732.4000244
1188.897249	736.7999878
1189.448696	730.0
1190.000086	727.7999878
1190.55142	736.0
1191.102697	729.2000122
1191.653918	733.4000244
1192.205081	729.7999878
1192.756188	729.5999756
1193.307238	739.2000122
1193.858232	729.0
1194.409169	731.0
1194.960049	731.2000122
1195.510872	727.0
1196.061639	733.5999756
1196.612349	728.5999756
1197.163003	732.0
1197.713599	728.2000122
1198.264139	728.2000122
1198.814623	730.0
1199.36505	730.2000122
1199.91542	727.4000244
1200.465734	728.7999878
1201.01599	731.2000122
1201.566191	729.4000244
1202.116334	731.5999756
1202.666421	727.7999878
1203.216452	731.7999878
1203.766425	730.5999756
1204.316343	730.2000122
1204.866203	733.7999878
1205.416007	728.5999756
1205.965754	728.4000244
1206.515445	732.5999756
1207.065079	729.2000122
1207.614657	729.5999756
1208.164177	730.5999756
1208.713642	733.2000122
1209.26305	733.4000244
1209.812401	731.2000122
1210.361695	727.4000244
1210.910933	732.0
1211.460115	730.7999878
1212.00924	729.7999878
1212.558308	730.5999756
1213.10732	733.0
1213.656275	732.7999878
1214.205174	730.0
1214.754016	733.4000244
1215.302801	733.4000244
1215.85153	728.0
1216.400203	730.4000244
1216.948819	730.4000244
1217.497378	730.0
1218.045881	732.5999756
1218.594327	735.5999756
1219.142717	730.0
1219.691051	732.0
1220.239327	735.4000244
1220.787548	732.7999878
1221.335712	733.2000122
1221.883819	733.5999756
1222.43187	731.2000122
1222.979864	734.7999878
1223.527802	733.7999878
1224.075683	733.0
1224.623508	727.7999878
1225.171277	729.4000244
1225.718989	736.0
1226.266644	738.4000244
1226.814243	734.0
1227.361786	736.2000122
1227.909272	739.7999878
1228.456702	734.2000122
1229.004075	735.4000244
1229.551392	732.2000122
1230.098652	733.7999878
1230.645856	735.7999878
1231.193003	734.0
1231.740094	735.7999878
1232.287129	730.5999756
1232.834107	729.0
1233.381029	736.4000244
1233.927894	737.2000122
1234.474703	733.4000244
1235.021455	733.5999756
1235.568151	733.0
1236.114791	731.4000244
1236.661374	731.4000244
1237.207901	726.7999878
1237.754372	735.7999878
1238.300786	734.0
1238.847144	736.0
1239.393445	735.4000244
1239.93969	739.2000122
1240.485879	736.5999756
1241.032011	733.4000244
1241.578087	738.2000122
1242.124106	740.0
1242.67007	736.0
1243.215976	730.2000122
1243.761827	733.7999878
1244.307621	727.5999756
1244.853359	738.5999756
1245.39904	737.5999756
1245.944665	730.2000122
1246.490234	735.0
1247.035746	735.2000122
1247.581203	733.7999878
1248.126602	735.5999756
1248.671946	739.5999756
1249.217233	733.7999878
1249.762464	744.2000122
1250.307638	735.7999878
1250.852757	737.2000122
1251.397819	735.4000244
1251.942824	734.4000244
1252.487774	735.7999878
1253.032667	739.2000122
1253.577503	734.0
1254.122284	737.7999878
1254.667008	738.0
1255.211676	739.5999756
1255.756288	731.7999878
1256.300843	742.5999756
1256.845342	735.7999878
1257.389785	732.0
1257.934172	739.5999756
1258.478502	734.4000244
1259.022776	738.2000122
1259.566994	739.0
1260.111156	747.5999756
1260.655261	736.7999878
1261.199311	740.0
1261.743304	743.2000122
1262.28724	742.2000122
1262.831121	739.7999878
1263.374945	745.5999756
1263.918713	763.4000244
1264.462425	772.5999756
1265.006081	794.0
1265.54968	776.5999756
1266.093223	756.5999756
1266.636711	748.5999756
1267.180141	742.4000244
1267.723516	739.7999878
1268.266835	737.2000122
1268.810097	739.2000122
1269.353303	736.2000122
1269.896453	733.0
1270.439547	736.2000122
1270.982584	735.5999756
1271.525566	737.4000244
1272.068491	738.2000122
1272.61136	740.2000122
1273.154173	739.2000122
1273.69693	740.2000122
1274.239631	739.0
1274.782275	739.7999878
1275.324864	737.5999756
1275.867396	744.2000122
1276.409872	736.2000122
1276.952292	739.0
1277.494656	740.0
1278.036964	738.7999878
1278.579215	741.2000122
1279.121411	739.2000122
1279.66355	744.2000122
1280.205634	739.2000122
1280.747661	744.7999878
1281.289632	740.7999878
1281.831547	747.5999756
1282.373406	749.4000244
1282.915209	763.0
1283.456955	779.5999756
1283.998646	842.4000244
1284.540281	1041.199951
1285.081859	1522.0
1285.623381	1416.400024
1286.164848	954.5999756
1286.706258	807.0
1287.247612	769.7999878
1287.788911	759.7999878
1288.330153	749.7999878
1288.871339	746.0
1289.412469	746.5999756
1289.953543	748.2000122
1290.494561	747.5999756
1291.035523	740.5999756
1291.576428	742.5999756
1292.117278	737.5999756
1292.658072	744.2000122
1293.19881	743.0
1293.739492	740.5999756
1294.280118	737.2000122
1294.820687	742.7999878
1295.361201	746.2000122
1295.901659	744.2000122
1296.442061	733.4000244
1296.982406	739.4000244
1297.522696	737.7999878
1298.06293	742.4000244
1298.603108	739.7999878
1299.143229	736.4000244
1299.683295	737.0
1300.223305	742.4000244
1300.763259	746.2000122
1301.303157	745.5999756
1301.842999	746.4000244
1302.382785	740.2000122
1302.922515	745.2000122
1303.462189	742.5999756
1304.001807	741.0
1304.541369	743.2000122
1305.080875	745.4000244
1305.620326	748.2000122
1306.15972	746.5999756
1306.699058	741.5999756
1307.238341	747.5999756
1307.777567	740.2000122
1308.316738	745.7999878
1308.855853	742.4000244
1309.394912	741.7999878
1309.933915	748.0
1310.472862	742.2000122
1311.011753	743.4000244
1311.550588	747.4000244
1312.089367	744.5999756
1312.62809	747.0
1313.166758	745.5999756
1313.70537	747.4000244
1314.243925	741.5999756
1314.782425	746.2000122
1315.320869	744.2000122
1315.859257	741.0
1316.397589	741.5999756
1316.935866	741.0
1317.474086	745.5999756
1318.012251	741.2000122
1318.55036	744.7999878
1319.088413	746.0
1319.62641	744.4000244
1320.164351	743.0
1320.702236	738.5999756
1321.240066	743.4000244
1321.777839	742.7999878
1322.315557	744.5999756
1322.853219	748.4000244
1323.390826	747.0
1323.928376	742.4000244
1324.465871	749.2000122
1325.003309	744.4000244
1325.540692	748.0
1326.07802	744.0
1326.615291	746.2000122
1327.152506	745.2000122
1327.689666	743.4000244
1328.22677	746.2000122
1328.763818	748.2000122
1329.300811	746.5999756
1329.837747	743.7999878
1330.374628	735.4000244
1330.911453	748.2000122
1331.448222	744.2000122
1331.984936	746.2000122
1332.521594	741.4000244
1333.058196	744.5999756
1333.594742	742.2000122
1334.131232	742.5999756
1334.667667	741.2000122
1335.204046	738.0
1335.740369	747.7999878
1336.276637	748.5999756
1336.812848	742.7999878
1337.349004	747.5999756
1337.885105	749.4000244
1338.421149	747.2000122
1338.957138	746.0
1339.493071	749.2000122
1340.028949	750.0
1340.56477	745.7999878
1341.100536	740.5999756
1341.636246	750.0
1342.171901	750.2000122
1342.7075	745.0
1343.243043	743.5999756
1343.77853	748.7999878
1344.313962	753.4000244
1344.849338	749.2000122
1345.384659	752.7999878
1345.919923	744.5999756
1346.455133	753.2000122
1346.990286	752.0
1347.525384	752.5999756
1348.060426	751.0
1348.595412	754.5999756
1349.130343	746.5999756
1349.665218	750.4000244
1350.200037	752.0
1350.734801	755.5999756
1351.269509	753.4000244
1351.804162	752.7999878
1352.338758	746.5999756
1352.8733	754.5999756
1353.407785	752.7999878
1353.942215	750.4000244
1354.476589	754.0
1355.010908	754.7999878
1355.545171	753.5999756
1356.079379	753.5999756
1356.61353	749.7999878
1357.147627	750.2000122
1357.681667	754.5999756
1358.215652	754.4000244
1358.749582	753.0
1359.283456	746.4000244
1359.817274	752.5999756
1360.351037	752.2000122
1360.884744	750.7999878
1361.418395	749.7999878
1361.951991	750.0
1362.485531	746.0
1363.019016	747.2000122
1363.552445	751.5999756
1364.085819	745.7999878
1364.619137	753.0
1365.1524	752.2000122
1365.685607	753.2000122
1366.218758	758.0
1366.751854	748.7999878
1367.284894	747.2000122
1367.817879	750.0
1368.350808	749.4000244
1368.883682	750.4000244
1369.4165	747.7999878
1369.949263	763.0
1370.48197	767.7999878
1371.014622	756.0
1371.547218	749.2000122
1372.079758	748.5999756
1372.612244	756.0
1373.144673	753.2000122
1373.677047	747.2000122
1374.209366	743.7999878
1374.741629	748.5999756
1375.273836	747.0
1375.805989	748.0
1376.338085	747.4000244
1376.870126	745.7999878
1377.402112	758.0
1377.934042	744.7999878
1378.465917	749.7999878
1378.997736	752.7999878
1379.5295	748.7999878
1380.061208	745.4000244
1380.592861	751.5999756
1381.124459	751.5999756
1381.656	747.0
1382.187487	749.7999878
1382.718918	752.7999878
1383.250294	746.7999878
1383.781614	754.2000122
1384.312879	754.4000244
1384.844088	751.0
1385.375242	763.2000122
1385.90634	772.7999878
1386.437383	783.2000122
1386.968371	810.2000122
1387.499303	913.5999756
1388.03018	1395.0
1388.561001	2257.0
1389.091767	1576.199951
1389.622478	938.7999878
1390.153133	813.4000244
1390.683733	771.0
1391.214277	772.5999756
1391.744766	764.2000122
1392.2752	759.4000244
1392.805578	759.5999756
1393.335901	750.5999756
1393.866168	749.7999878
1394.396381	742.2000122
1394.926537	751.2000122
1395.456639	747.2000122
1395.986685	737.5999756
1396.516675	743.0
1397.046611	747.7999878
1397.576491	747.0
1398.106315	744.7999878
1398.636084	748.7999878
1399.165798	745.0
1399.695457	742.2000122
1400.22506	740.4000244
1400.754608	742.5999756
1401.284101	744.7999878
1401.813538	744.4000244
1402.34292	742.0
1402.872247	741.5999756
1403.401518	745.2000122
1403.930734	750.2000122
1404.459895	747.4000244
1404.989	747.2000122
1405.51805	746.0
1406.047045	745.0
1406.575984	751.4000244
1407.104869	747.2000122
1407.633697	754.5999756
1408.162471	752.7999878
1408.691189	765.4000244
1409.219852	790.0
1409.74846	835.5999756
1410.277013	826.5999756
1410.80551	780.2000122
1411.333952	751.4000244
1411.862339	752.0
1412.39067	754.5999756
1412.918946	739.4000244
1413.447167	744.0
1413.975333	748.0
1414.503444	748.2000122
1415.031499	745.7999878
1415.559499	751.5999756
1416.087444	746.7999878
1416.615333	743.4000244
1417.143167	744.5999756
1417.670947	742.4000244
1418.19867	739.7999878
1418.726339	746.2000122
1419.253952	737.5999756
1419.781511	743.7999878
1420.309014	742.4000244
1420.836461	744.2000122
1421.363854	742.7999878
1421.891191	741.4000244
1422.418474	743.4000244
1422.945701	744.7999878
1423.472872	745.5999756
1423.999989	746.2000122
1424.52705	745.7999878
1425.054057	743.7999878
1425.581008	740.7999878
1426.107904	745.2000122
1426.634745	741.5999756
1427.16153	745.0
1427.688261	745.2000122
1428.214936	742.7999878
1428.741556	742.2000122
1429.268121	744.5999756
1429.794631	744.2000122
1430.321085	740.2000122
1430.847485	744.7999878
1431.373829	743.0
1431.900118	748.0
1432.426353	736.0
1432.952532	745.2000122
1433.478655	738.5999756
1434.004724	742.0
1434.530738	742.2000122
1435.056696	740.4000244
1435.5826	745.0
1436.108448	738.5999756
1436.634241	738.5999756
1437.159979	739.5999756
1437.685662	745.2000122
1438.21129	736.7999878
1438.736863	745.7999878
1439.262381	742.2000122
1439.787843	739.0
1440.313251	741.2000122
1440.838603	739.0
1441.3639	745.0
1441.889143	743.2000122
1442.41433	742.0
1442.939462	738.4000244
1443.464539	742.0
1443.989561	735.0
1444.514528	745.5999756
1445.03944	742.4000244
1445.564297	739.5999756
1446.089099	740.2000122
1446.613846	741.5999756
1447.138537	742.2000122
1447.663174	744.0
1448.187756	740.5999756
1448.712282	740.4000244
1449.236754	739.2000122
1449.761171	733.7999878
1450.285532	741.5999756
1450.809839	741.2000122
1451.33409	741.0
1451.858287	739.0
1452.382428	733.4000244
1452.906515	741.2000122
1453.430546	741.4000244
1453.954523	739.7999878
1454.478444	744.5999756
1455.002311	738.2000122
1455.526123	741.0
1456.049879	740.0
1456.573581	742.4000244
1457.097227	739.4000244
1457.620819	741.5999756
1458.144356	740.7999878
1458.667837	742.4000244
1459.191264	739.5999756
1459.714636	742.7999878
1460.237952	738.5999756
1460.761214	740.7999878
1461.284421	742.5999756
1461.807573	743.5999756
1462.33067	740.0
1462.853712	742.7999878
1463.376699	739.4000244
1463.899632	744.0
1464.422509	738.4000244
1464.945331	742.4000244
1465.468099	741.2000122
1465.990811	738.4000244
1466.513469	741.2000122
1467.036071	738.4000244
1467.558619	737.5999756
1468.081112	741.7999878
1468.60355	744.0
1469.125933	739.4000244
1469.648261	741.7999878
1470.170534	741.4000244
1470.692752	737.7999878
1471.214916	739.0
1471.737024	740.4000244
1472.259078	745.7999878
1472.781077	741.0
1473.303021	738.0
1473.82491	740.7999878
1474.346744	740.7999878
1474.868523	740.4000244
1475.390248	745.7999878
1475.911917	739.4000244
1476.433532	740.4000244
1476.955092	743.2000122
1477.476597	739.0
1477.998047	739.4000244
1478.519442	736.7999878
1479.040783	738.0
1479.562068	739.7999878
1480.083299	740.5999756
1480.604475	735.7999878
1481.125596	739.7999878
1481.646663	736.5999756
1482.167674	743.2000122
1482.688631	740.2000122
1483.209533	740.5999756
1483.73038	739.7999878
1484.251172	745.2000122
1484.771909	739.4000244
1485.292592	741.4000244
1485.81322	740.5999756
1486.333793	740.7999878
1486.854311	737.5999756
1487.374775	746.0
1487.895183	745.0
1488.415537	743.0
1488.935836	733.0
1489.456081	738.0
1489.97627	739.2000122
1490.496405	741.7999878
1491.016485	741.2000122
1491.536511	738.0
1492.056481	738.5999756
1492.576397	742.5999756
1493.096258	740.0
1493.616064	739.4000244
1494.135816	739.7999878
1494.655513	740.7999878
1495.175155	734.4000244
1495.694742	737.5999756
1496.214274	744.2000122
1496.733752	747.2000122
1497.253175	741.0
1497.772544	742.5999756
1498.291858	741.5999756
1498.811116	746.2000122
1499.330321	740.4000244
1499.84947	749.0
1500.368565	744.5999756
1500.887605	741.4000244
1501.406591	746.2000122
1501.925521	742.0
1502.444397	743.7999878
1502.963219	739.5999756
1503.481985	741.4000244
1504.000697	745.4000244
1504.519355	740.7999878
1505.037957	736.2000122
1505.556505	741.0
1506.074999	739.7999878
1506.593437	739.4000244
1507.111821	741.5999756
1507.63015	737.0
1508.148425	740.4000244
1508.666645	742.7999878
1509.18481	739.0
1509.702921	739.2000122
1510.220977	740.4000244
1510.738979	750.4000244
1511.256925	747.4000244
1511.774817	745.2000122
1512.292655	740.5999756
1512.810438	741.5999756
1513.328166	741.0
1513.84584	736.7999878
1514.363459	745.2000122
1514.881023	749.4000244
1515.398533	742.7999878
1515.915988	743.0
1516.433389	741.2000122
1516.950734	746.5999756
1517.468026	743.0
1517.985263	744.0
1518.502445	748.5999756
1519.019572	744.0
1519.536645	745.5999756
1520.053664	740.5999756
1520.570628	740.5999756
1521.087537	743.5999756
1521.604392	743.5999756
1522.121192	744.0
1522.637937	741.4000244
1523.154628	748.7999878
1523.671265	740.4000244
1524.187847	741.0
1524.704374	745.5999756
1525.220847	747.5999756
1525.737265	742.4000244
1526.253629	741.2000122
1526.769938	739.0
1527.286192	745.0
1527.802392	740.7999878
1528.318538	744.0
1528.834629	745.5999756
1529.350666	741.5999756
1529.866648	737.0
1530.382575	742.2000122
1530.898448	742.5999756
1531.414266	746.5999756
1531.93003	744.2000122
1532.44574	739.7999878
1532.961395	740.2000122
1533.476995	736.4000244
1533.992541	744.0
1534.508033	737.2000122
1535.02347	746.7999878
1535.538852	741.0
1536.05418	740.4000244
1536.569454	743.4000244
1537.084673	751.4000244
1537.599837	745.7999878
1538.114947	747.7999878
1538.630003	748.7999878
1539.145004	744.5999756
1539.659951	746.5999756
1540.174843	745.2000122
1540.689681	738.4000244
1541.204465	746.2000122
1541.719194	743.4000244
1542.233868	740.4000244
1542.748488	745.4000244
1543.263054	744.4000244
1543.777565	740.2000122
1544.292022	747.2000122
1544.806424	739.4000244
1545.320772	742.2000122
1545.835066	744.5999756
1546.349305	744.7999878
1546.863489	738.7999878
1547.37762	742.2000122
1547.891696	746.5999756
1548.405717	745.4000244
1548.919684	746.5999756
1549.433597	747.2000122
1549.947455	741.4000244
1550.461259	751.2000122
1550.975009	750.0
1551.488704	748.4000244
1552.002345	743.4000244
1552.515931	750.4000244
1553.029463	744.0
1553.542941	746.0
1554.056364	748.5999756
1554.569733	745.0
1555.083048	740.7999878
1555.596308	744.5999756
1556.109514	745.5999756
1556.622665	747.5999756
1557.135762	745.7999878
1557.648805	754.5999756
1558.161794	749.0
1558.674728	746.5999756
1559.187608	744.0
1559.700433	744.4000244
1560.213205	749.7999878
1560.725921	743.7999878
1561.238584	745.5999756
1561.751192	746.2000122
1562.263746	742.0
1562.776246	742.7999878
1563.288691	744.5999756
1563.801082	745.4000244
1564.313419	743.0
1564.825701	750.2000122
1565.337929	745.5999756
1565.850103	749.2000122
1566.362223	746.5999756
1566.874288	743.4000244
1567.386299	745.0
1567.898256	740.4000244
1568.410158	746.5999756
1568.922007	746.7999878
1569.4338	746.4000244
1569.94554	751.4000244
1570.457226	746.5999756
1570.968857	748.5999756
1571.480434	741.5999756
1571.991956	741.4000244
1572.503425	749.0
1573.014839	753.2000122
1573.526199	749.0
1574.037505	747.4000244
1574.548756	746.0
1575.059953	745.5999756
1575.571096	742.2000122
1576.082185	751.0
1576.59322	747.5999756
1577.1042	748.0
1577.615126	748.4000244
1578.125998	750.0
1578.636816	748.7999878
1579.14758	743.2000122
1579.658289	748.5999756
1580.168944	749.5999756
1580.679545	752.4000244
1581.190092	743.5999756
1581.700585	743.0
1582.211023	749.4000244
1582.721407	749.7999878
1583.231737	746.0
1583.742013	748.5999756
1584.252235	748.2000122
1584.762403	744.0
1585.272516	744.2000122
1585.782575	747.5999756
1586.292581	747.4000244
1586.802532	749.0
1587.312428	747.4000244
1587.822271	749.7999878
1588.33206	749.2000122
1588.841794	749.7999878
1589.351474	747.4000244
1589.8611	747.0
1590.370672	746.4000244
1590.88019	743.5999756
1591.389654	744.4000244
1591.899064	748.4000244
1592.408419	742.0
