X-Axis	CC14_MI2_H2O_96mw
 5.874196431E+01	 8.039000244E+02
 6.371206119E+01	 1.159000000E+03
 6.867965313E+01	 2.161100098E+03
 7.364474049E+01	 3.026800049E+03
 7.860732366E+01	 3.321300049E+03
 8.356740304E+01	 3.368800049E+03
 8.852497903E+01	 3.400899902E+03
 9.348005205E+01	 3.413699951E+03
 9.843262250E+01	 3.384300049E+03
 1.033826908E+02	 3.403699951E+03
 1.083302575E+02	 3.385000000E+03
 1.132753228E+02	 3.328000000E+03
 1.182178874E+02	 3.332000000E+03
 1.231579517E+02	 3.337100098E+03
 1.280955161E+02	 3.334300049E+03
 1.330305811E+02	 3.274399902E+03
 1.379631473E+02	 3.198100098E+03
 1.428932150E+02	 3.174399902E+03
 1.478207848E+02	 3.179500000E+03
 1.527458573E+02	 3.176699951E+03
 1.576684328E+02	 3.141800049E+03
 1.625885121E+02	 3.099000000E+03
 1.675060955E+02	 3.049100098E+03
 1.724211837E+02	 2.997899902E+03
 1.773337772E+02	 2.974399902E+03
 1.822438765E+02	 2.940000000E+03
 1.871514822E+02	 2.935500000E+03
 1.920565950E+02	 2.902100098E+03
 1.969592153E+02	 2.878399902E+03
 2.018593437E+02	 2.837699951E+03
 2.067569809E+02	 2.785500000E+03
 2.116521275E+02	 2.770199951E+03
 2.165447841E+02	 2.762800049E+03
 2.214349512E+02	 2.763399902E+03
 2.263226296E+02	 2.749199951E+03
 2.312078198E+02	 2.776199951E+03
 2.360905225E+02	 2.732800049E+03
 2.409707384E+02	 2.710399902E+03
 2.458484680E+02	 2.686600098E+03
 2.507237122E+02	 2.661199951E+03
 2.555964714E+02	 2.658300049E+03
 2.604667465E+02	 2.656699951E+03
 2.653345381E+02	 2.642300049E+03
 2.701998469E+02	 2.635399902E+03
 2.750626735E+02	 2.638100098E+03
 2.799230188E+02	 2.625699951E+03
 2.847808833E+02	 2.619000000E+03
 2.896362679E+02	 2.623500000E+03
 2.944891732E+02	 2.643100098E+03
 2.993396000E+02	 2.690699951E+03
 3.041875491E+02	 2.736899902E+03
 3.090330211E+02	 2.756600098E+03
 3.138760168E+02	 2.691899902E+03
 3.187165370E+02	 2.642500000E+03
 3.235545825E+02	 2.647800049E+03
 3.283901540E+02	 2.631300049E+03
 3.332232523E+02	 2.587100098E+03
 3.380538782E+02	 2.582800049E+03
 3.428820325E+02	 2.561500000E+03
 3.477077159E+02	 2.578100098E+03
 3.525309293E+02	 2.601399902E+03
 3.573516736E+02	 2.598399902E+03
 3.621699494E+02	 2.598600098E+03
 3.669857577E+02	 2.629199951E+03
 3.717990992E+02	 2.621600098E+03
 3.766099749E+02	 2.631000000E+03
 3.814183855E+02	 2.631399902E+03
 3.862243319E+02	 2.644000000E+03
 3.910278150E+02	 2.674300049E+03
 3.958288355E+02	 2.659100098E+03
 4.006273945E+02	 2.686399902E+03
 4.054234927E+02	 2.690899902E+03
 4.102171310E+02	 2.728699951E+03
 4.150083103E+02	 2.769899902E+03
 4.197970316E+02	 2.795699951E+03
 4.245832956E+02	 2.805199951E+03
 4.293671033E+02	 2.780399902E+03
 4.341484557E+02	 2.812800049E+03
 4.389273536E+02	 2.827300049E+03
 4.437037979E+02	 2.830199951E+03
 4.484777896E+02	 2.805500000E+03
 4.532493296E+02	 2.807000000E+03
 4.580184188E+02	 2.797500000E+03
 4.627850582E+02	 2.803699951E+03
 4.675492487E+02	 2.812399902E+03
 4.723109913E+02	 2.816600098E+03
 4.770702869E+02	 2.825699951E+03
 4.818271365E+02	 2.822800049E+03
 4.865815411E+02	 2.843800049E+03
 4.913335016E+02	 2.857399902E+03
 4.960830191E+02	 2.866899902E+03
 5.008300944E+02	 2.865500000E+03
 5.055747286E+02	 2.869000000E+03
 5.103169227E+02	 2.855800049E+03
 5.150566777E+02	 2.820699951E+03
 5.197939945E+02	 2.807699951E+03
 5.245288743E+02	 2.767500000E+03
 5.292613180E+02	 2.729800049E+03
 5.339913266E+02	 2.675199951E+03
 5.387189012E+02	 2.647399902E+03
 5.434440427E+02	 2.604100098E+03
 5.481667523E+02	 2.581899902E+03
 5.528870309E+02	 2.530199951E+03
 5.576048796E+02	 2.479100098E+03
 5.623202995E+02	 2.451600098E+03
 5.670332916E+02	 2.432100098E+03
 5.717438570E+02	 2.417600098E+03
 5.764519967E+02	 2.405399902E+03
 5.811577118E+02	 2.422000000E+03
 5.858610033E+02	 2.633500000E+03
 5.905618725E+02	 2.520000000E+03
 5.952603202E+02	 2.401899902E+03
 5.999563477E+02	 2.396800049E+03
 6.046499559E+02	 2.424199951E+03
 6.093411461E+02	 2.408300049E+03
 6.140299193E+02	 2.295399902E+03
 6.187162766E+02	 2.192100098E+03
 6.234002191E+02	 2.114300049E+03
 6.280817479E+02	 2.068300049E+03
 6.327608642E+02	 2.016699951E+03
 6.374375690E+02	 2.005699951E+03
 6.421118636E+02	 1.983199951E+03
 6.467837489E+02	 1.972099976E+03
 6.514532263E+02	 1.945800049E+03
 6.561202967E+02	 1.940000000E+03
 6.607849614E+02	 1.950199951E+03
 6.654472214E+02	 1.936400024E+03
 6.701070780E+02	 1.942900024E+03
 6.747645323E+02	 1.943000000E+03
 6.794195855E+02	 1.939500000E+03
 6.840722386E+02	 1.939500000E+03
 6.887224930E+02	 1.929000000E+03
 6.933703497E+02	 1.929400024E+03
 6.980158099E+02	 1.933800049E+03
 7.026588748E+02	 1.920699951E+03
 7.072995457E+02	 1.918599976E+03
 7.119378236E+02	 1.930199951E+03
 7.165737098E+02	 1.911099976E+03
 7.212072054E+02	 1.923699951E+03
 7.258383117E+02	 1.920199951E+03
 7.304670299E+02	 1.915599976E+03
 7.350933611E+02	 1.905500000E+03
 7.397173066E+02	 1.918400024E+03
 7.443388676E+02	 1.905300049E+03
 7.489580453E+02	 1.907300049E+03
 7.535748409E+02	 1.913000000E+03
 7.581892557E+02	 1.902300049E+03
 7.628012909E+02	 1.912500000E+03
 7.674109476E+02	 1.903599976E+03
 7.720182272E+02	 1.906900024E+03
 7.766231309E+02	 1.893000000E+03
 7.812256599E+02	 1.893099976E+03
 7.858258154E+02	 1.899500000E+03
 7.904235988E+02	 1.911900024E+03
 7.950190112E+02	 1.911699951E+03
 7.996120539E+02	 1.937800049E+03
 8.042027282E+02	 1.994800049E+03
 8.087910353E+02	 2.061500000E+03
 8.133769766E+02	 2.238100098E+03
 8.179605532E+02	 2.657300049E+03
 8.225417664E+02	 3.348399902E+03
 8.271206175E+02	 3.722199951E+03
 8.316971078E+02	 3.341399902E+03
 8.362712385E+02	 2.783399902E+03
 8.408430111E+02	 2.549699951E+03
 8.454124266E+02	 2.585600098E+03
 8.499794864E+02	 2.973000000E+03
 8.545441919E+02	 3.592600098E+03
 8.591065442E+02	 3.898899902E+03
 8.636665448E+02	 3.488000000E+03
 8.682241949E+02	 2.841500000E+03
 8.727794957E+02	 2.438000000E+03
 8.773324487E+02	 2.287699951E+03
 8.818830551E+02	 2.255699951E+03
 8.864313162E+02	 2.245000000E+03
 8.909772334E+02	 2.168500000E+03
 8.955208079E+02	 2.081100098E+03
 9.000620411E+02	 2.051600098E+03
 9.046009344E+02	 2.042400024E+03
 9.091374889E+02	 2.050899902E+03
 9.136717061E+02	 2.058600098E+03
 9.182035873E+02	 2.087399902E+03
 9.227331339E+02	 2.092100098E+03
 9.272603471E+02	 2.102600098E+03
 9.317852282E+02	 2.101000000E+03
 9.363077788E+02	 2.116300049E+03
 9.408280000E+02	 2.156000000E+03
 9.453458932E+02	 2.199399902E+03
 9.498614598E+02	 2.225199951E+03
 9.543747012E+02	 2.296500000E+03
 9.588856186E+02	 2.379399902E+03
 9.633942135E+02	 2.419500000E+03
 9.679004872E+02	 2.402899902E+03
 9.724044410E+02	 2.359100098E+03
 9.769060763E+02	 2.345000000E+03
 9.814053946E+02	 2.298500000E+03
 9.859023970E+02	 2.280000000E+03
 9.903970852E+02	 2.249800049E+03
 9.948894603E+02	 2.268399902E+03
 9.993795238E+02	 2.249000000E+03
 1.003867277E+03	 2.241500000E+03
 1.008352721E+03	 2.235199951E+03
 1.012835858E+03	 2.215300049E+03
 1.017316689E+03	 2.200399902E+03
 1.021795215E+03	 2.176000000E+03
 1.026271438E+03	 2.162300049E+03
 1.030745358E+03	 2.124000000E+03
 1.035216979E+03	 2.101500000E+03
 1.039686300E+03	 2.070500000E+03
 1.044153323E+03	 2.058199951E+03
 1.048618050E+03	 2.030599976E+03
 1.053080482E+03	 2.001800049E+03
 1.057540620E+03	 1.970300049E+03
 1.061998466E+03	 1.943800049E+03
 1.066454022E+03	 1.920300049E+03
 1.070907288E+03	 1.881099976E+03
 1.075358266E+03	 1.855400024E+03
 1.079806958E+03	 1.828900024E+03
 1.084253364E+03	 1.808900024E+03
 1.088697487E+03	 1.787500000E+03
 1.093139327E+03	 1.762699951E+03
 1.097578887E+03	 1.751199951E+03
 1.102016167E+03	 1.720599976E+03
 1.106451169E+03	 1.701900024E+03
 1.110883895E+03	 1.690400024E+03
 1.115314345E+03	 1.654699951E+03
 1.119742522E+03	 1.629800049E+03
 1.124168426E+03	 1.622900024E+03
 1.128592060E+03	 1.623599976E+03
 1.133013424E+03	 1.601000000E+03
 1.137432520E+03	 1.599699951E+03
 1.141849349E+03	 1.567000000E+03
 1.146263913E+03	 1.569000000E+03
 1.150676214E+03	 1.543800049E+03
 1.155086252E+03	 1.548300049E+03
 1.159494029E+03	 1.528900024E+03
 1.163899547E+03	 1.505599976E+03
 1.168302807E+03	 1.493099976E+03
 1.172703810E+03	 1.479500000E+03
 1.177102559E+03	 1.468000000E+03
 1.181499054E+03	 1.445099976E+03
 1.185893296E+03	 1.441300049E+03
 1.190285288E+03	 1.427199951E+03
 1.194675031E+03	 1.408900024E+03
 1.199062526E+03	 1.405500000E+03
 1.203447774E+03	 1.399599976E+03
 1.207830778E+03	 1.394699951E+03
 1.212211538E+03	 1.370300049E+03
 1.216590056E+03	 1.381699951E+03
 1.220966334E+03	 1.374000000E+03
 1.225340372E+03	 1.368199951E+03
 1.229712173E+03	 1.359300049E+03
 1.234081738E+03	 1.351599976E+03
 1.238449069E+03	 1.347500000E+03
 1.242814166E+03	 1.343900024E+03
 1.247177031E+03	 1.339400024E+03
 1.251537666E+03	 1.338500000E+03
 1.255896072E+03	 1.325800049E+03
 1.260252251E+03	 1.335900024E+03
 1.264606204E+03	 1.334199951E+03
 1.268957932E+03	 1.335000000E+03
 1.273307438E+03	 1.338099976E+03
 1.277654722E+03	 1.322599976E+03
 1.281999787E+03	 1.324199951E+03
 1.286342633E+03	 1.324800049E+03
 1.290683261E+03	 1.316599976E+03
 1.295021675E+03	 1.318199951E+03
 1.299357874E+03	 1.330500000E+03
 1.303691861E+03	 1.322500000E+03
 1.308023636E+03	 1.320400024E+03
 1.312353202E+03	 1.321699951E+03
 1.316680560E+03	 1.323699951E+03
 1.321005711E+03	 1.321000000E+03
 1.325328657E+03	 1.324900024E+03
 1.329649400E+03	 1.328300049E+03
 1.333967940E+03	 1.324099976E+03
 1.338284279E+03	 1.325199951E+03
 1.342598420E+03	 1.319300049E+03
 1.346910362E+03	 1.316599976E+03
 1.351220109E+03	 1.324099976E+03
 1.355527660E+03	 1.328099976E+03
 1.359833018E+03	 1.315400024E+03
 1.364136185E+03	 1.316699951E+03
 1.368437161E+03	 1.318000000E+03
 1.372735949E+03	 1.320800049E+03
 1.377032549E+03	 1.319199951E+03
 1.381326964E+03	 1.321000000E+03
 1.385619194E+03	 1.316900024E+03
 1.389909241E+03	 1.318900024E+03
 1.394197107E+03	 1.322800049E+03
 1.398482793E+03	 1.315800049E+03
 1.402766301E+03	 1.319199951E+03
 1.407047632E+03	 1.323000000E+03
 1.411326788E+03	 1.320699951E+03
 1.415603770E+03	 1.320199951E+03
 1.419878580E+03	 1.336900024E+03
 1.424151219E+03	 1.328800049E+03
 1.428421688E+03	 1.335300049E+03
 1.432689990E+03	 1.334599976E+03
 1.436956126E+03	 1.341300049E+03
 1.441220096E+03	 1.343000000E+03
 1.445481903E+03	 1.335800049E+03
 1.449741549E+03	 1.338500000E+03
 1.453999034E+03	 1.336800049E+03
 1.458254360E+03	 1.338500000E+03
 1.462507529E+03	 1.337000000E+03
 1.466758543E+03	 1.350300049E+03
 1.471007402E+03	 1.334500000E+03
 1.475254108E+03	 1.338099976E+03
 1.479498663E+03	 1.342099976E+03
 1.483741068E+03	 1.342599976E+03
 1.487981325E+03	 1.335599976E+03
 1.492219435E+03	 1.339599976E+03
 1.496455400E+03	 1.341900024E+03
 1.500689221E+03	 1.347599976E+03
 1.504920900E+03	 1.335300049E+03
 1.509150438E+03	 1.334000000E+03
 1.513377836E+03	 1.334500000E+03
 1.517603098E+03	 1.349599976E+03
 1.521826222E+03	 1.328699951E+03
 1.526047213E+03	 1.336800049E+03
 1.530266070E+03	 1.337300049E+03
 1.534482795E+03	 1.337500000E+03
 1.538697390E+03	 1.319599976E+03
 1.542909856E+03	 1.328300049E+03
 1.547120196E+03	 1.325000000E+03
 1.551328409E+03	 1.322900024E+03
 1.555534499E+03	 1.324099976E+03
 1.559738465E+03	 1.321400024E+03
 1.563940311E+03	 1.321800049E+03
 1.568140037E+03	 1.333800049E+03
 1.572337645E+03	 1.329099976E+03
 1.576533136E+03	 1.324800049E+03
 1.580726512E+03	 1.328599976E+03
 1.584917774E+03	 1.327000000E+03
 1.589106925E+03	 1.337300049E+03
 1.593293965E+03	 1.331800049E+03
 1.597478896E+03	 1.325900024E+03
 1.601661719E+03	 1.329800049E+03
 1.605842436E+03	 1.326599976E+03
 1.610021048E+03	 1.328800049E+03
 1.614197558E+03	 1.326699951E+03
 1.618371966E+03	 1.326599976E+03
 1.622544274E+03	 1.326400024E+03
 1.626714484E+03	 1.327599976E+03
 1.630882596E+03	 1.325500000E+03
 1.635048613E+03	 1.327699951E+03
 1.639212536E+03	 1.328900024E+03
 1.643374367E+03	 1.321500000E+03
 1.647534106E+03	 1.319000000E+03
 1.651691756E+03	 1.313199951E+03
 1.655847318E+03	 1.323800049E+03
 1.660000794E+03	 1.306000000E+03
 1.664152185E+03	 1.313900024E+03
 1.668301492E+03	 1.323599976E+03
 1.672448717E+03	 1.319599976E+03
 1.676593862E+03	 1.309599976E+03
 1.680736928E+03	 1.316599976E+03
 1.684877916E+03	 1.318500000E+03
 1.689016829E+03	 1.309900024E+03
 1.693153667E+03	 1.310000000E+03
 1.697288433E+03	 1.309699951E+03
 1.701421127E+03	 1.313900024E+03
 1.705551751E+03	 1.310000000E+03
 1.709680306E+03	 1.314699951E+03
 1.713806795E+03	 1.317000000E+03
 1.717931218E+03	 1.314300049E+03
 1.722053578E+03	 1.312400024E+03
 1.726173875E+03	 1.316800049E+03
 1.730292111E+03	 1.309400024E+03
 1.734408288E+03	 1.318199951E+03
 1.738522407E+03	 1.310000000E+03
 1.742634469E+03	 1.305199951E+03
 1.746744477E+03	 1.304199951E+03
 1.750852431E+03	 1.293199951E+03
 1.754958334E+03	 1.296199951E+03
 1.759062186E+03	 1.297300049E+03
 1.763163989E+03	 1.310900024E+03
 1.767263745E+03	 1.308099976E+03
 1.771361455E+03	 1.308699951E+03
 1.775457121E+03	 1.301699951E+03
 1.779550743E+03	 1.294199951E+03
 1.783642325E+03	 1.301900024E+03
 1.787731866E+03	 1.299599976E+03
 1.791819369E+03	 1.299500000E+03
 1.795904835E+03	 1.297699951E+03
 1.799988266E+03	 1.294000000E+03
 1.804069663E+03	 1.304400024E+03
 1.808149027E+03	 1.294699951E+03
 1.812226361E+03	 1.304699951E+03
 1.816301665E+03	 1.299300049E+03
 1.820374941E+03	 1.291599976E+03
 1.824446190E+03	 1.296300049E+03
 1.828515415E+03	 1.295800049E+03
 1.832582616E+03	 1.290800049E+03
 1.836647796E+03	 1.298400024E+03
 1.840710954E+03	 1.289300049E+03
 1.844772094E+03	 1.292400024E+03
 1.848831216E+03	 1.296000000E+03
 1.852888323E+03	 1.281599976E+03
 1.856943414E+03	 1.288099976E+03
 1.860996493E+03	 1.295900024E+03
 1.865047560E+03	 1.288000000E+03
 1.869096617E+03	 1.287599976E+03
 1.873143665E+03	 1.295500000E+03
 1.877188707E+03	 1.290599976E+03
 1.881231742E+03	 1.291199951E+03
 1.885272774E+03	 1.295500000E+03
 1.889311803E+03	 1.295400024E+03
 1.893348830E+03	 1.299099976E+03
 1.897383858E+03	 1.285599976E+03
 1.901416888E+03	 1.297099976E+03
 1.905447921E+03	 1.282300049E+03
 1.909476959E+03	 1.296900024E+03
 1.913504003E+03	 1.290800049E+03
 1.917529054E+03	 1.288599976E+03
 1.921552115E+03	 1.295900024E+03
 1.925573187E+03	 1.302000000E+03
 1.929592270E+03	 1.286599976E+03
 1.933609367E+03	 1.290400024E+03
 1.937624479E+03	 1.286400024E+03
 1.941637608E+03	 1.287199951E+03
 1.945648755E+03	 1.299900024E+03
 1.949657921E+03	 1.295199951E+03
 1.953665108E+03	 1.295099976E+03
 1.957670317E+03	 1.289599976E+03
 1.961673551E+03	 1.292699951E+03
 1.965674810E+03	 1.289400024E+03
 1.969674095E+03	 1.292699951E+03
 1.973671409E+03	 1.296699951E+03
 1.977666753E+03	 1.303699951E+03
 1.981660127E+03	 1.300300049E+03
 1.985651535E+03	 1.302199951E+03
 1.989640976E+03	 1.303300049E+03
 1.993628453E+03	 1.303500000E+03
 1.997613968E+03	 1.314699951E+03
 2.001597520E+03	 1.295199951E+03
 2.005579113E+03	 1.304400024E+03
 2.009558747E+03	 1.307300049E+03
 2.013536424E+03	 1.304000000E+03
 2.017512146E+03	 1.303599976E+03
 2.021485913E+03	 1.306000000E+03
 2.025457727E+03	 1.304900024E+03
 2.029427590E+03	 1.303699951E+03
 2.033395504E+03	 1.305000000E+03
 2.037361469E+03	 1.302800049E+03
 2.041325487E+03	 1.296500000E+03
 2.045287559E+03	 1.307500000E+03
 2.049247687E+03	 1.305900024E+03
 2.053205873E+03	 1.294199951E+03
 2.057162118E+03	 1.304900024E+03
 2.061116423E+03	 1.292000000E+03
 2.065068790E+03	 1.293400024E+03
 2.069019220E+03	 1.300300049E+03
 2.072967714E+03	 1.288500000E+03
 2.076914275E+03	 1.290800049E+03
 2.080858903E+03	 1.294900024E+03
 2.084801600E+03	 1.300099976E+03
 2.088742368E+03	 1.301900024E+03
 2.092681207E+03	 1.300800049E+03
 2.096618120E+03	 1.290599976E+03
 2.100553107E+03	 1.293400024E+03
 2.104486171E+03	 1.301599976E+03
 2.108417312E+03	 1.295199951E+03
 2.112346532E+03	 1.300199951E+03
 2.116273832E+03	 1.300099976E+03
 2.120199215E+03	 1.298900024E+03
 2.124122681E+03	 1.294300049E+03
 2.128044231E+03	 1.308400024E+03
 2.131963868E+03	 1.293699951E+03
 2.135881592E+03	 1.304800049E+03
 2.139797405E+03	 1.295000000E+03
 2.143711309E+03	 1.290400024E+03
 2.147623305E+03	 1.291300049E+03
 2.151533393E+03	 1.292699951E+03
 2.155441577E+03	 1.289599976E+03
 2.159347857E+03	 1.293300049E+03
 2.163252234E+03	 1.294000000E+03
 2.167154710E+03	 1.289199951E+03
 2.171055287E+03	 1.292199951E+03
 2.174953965E+03	 1.285000000E+03
 2.178850747E+03	 1.294800049E+03
 2.182745633E+03	 1.288900024E+03
 2.186638626E+03	 1.291199951E+03
 2.190529726E+03	 1.292900024E+03
 2.194418934E+03	 1.295500000E+03
 2.198306253E+03	 1.285900024E+03
 2.202191684E+03	 1.288699951E+03
 2.206075228E+03	 1.291300049E+03
 2.209956886E+03	 1.288199951E+03
 2.213836660E+03	 1.296400024E+03
 2.217714552E+03	 1.293199951E+03
 2.221590562E+03	 1.285500000E+03
 2.225464692E+03	 1.284900024E+03
 2.229336944E+03	 1.294699951E+03
 2.233207319E+03	 1.286500000E+03
 2.237075818E+03	 1.292300049E+03
 2.240942443E+03	 1.290900024E+03
 2.244807195E+03	 1.294900024E+03
 2.248670076E+03	 1.291099976E+03
 2.252531086E+03	 1.282099976E+03
 2.256390228E+03	 1.274500000E+03
 2.260247502E+03	 1.289300049E+03
 2.264102911E+03	 1.286599976E+03
 2.267956455E+03	 1.288900024E+03
 2.271808136E+03	 1.281300049E+03
 2.275657955E+03	 1.290099976E+03
 2.279505914E+03	 1.286599976E+03
 2.283352013E+03	 1.289199951E+03
 2.287196256E+03	 1.285300049E+03
 2.291038642E+03	 1.284500000E+03
 2.294879173E+03	 1.293300049E+03
 2.298717851E+03	 1.290599976E+03
 2.302554676E+03	 1.294400024E+03
 2.306389651E+03	 1.288300049E+03
 2.310222777E+03	 1.291400024E+03
 2.314054054E+03	 1.299800049E+03
 2.317883486E+03	 1.290800049E+03
 2.321711072E+03	 1.285599976E+03
 2.325536814E+03	 1.286900024E+03
 2.329360713E+03	 1.293400024E+03
 2.333182772E+03	 1.292099976E+03
 2.337002991E+03	 1.299900024E+03
 2.340821371E+03	 1.293699951E+03
 2.344637915E+03	 1.295099976E+03
 2.348452623E+03	 1.287300049E+03
 2.352265497E+03	 1.281199951E+03
 2.356076538E+03	 1.287500000E+03
 2.359885747E+03	 1.287699951E+03
 2.363693126E+03	 1.285099976E+03
 2.367498676E+03	 1.283300049E+03
 2.371302399E+03	 1.288199951E+03
 2.375104296E+03	 1.280900024E+03
 2.378904368E+03	 1.282199951E+03
 2.382702617E+03	 1.288000000E+03
 2.386499044E+03	 1.293599976E+03
 2.390293650E+03	 1.282800049E+03
 2.394086436E+03	 1.293000000E+03
 2.397877405E+03	 1.289800049E+03
 2.401666557E+03	 1.286199951E+03
 2.405453894E+03	 1.291699951E+03
 2.409239416E+03	 1.289199951E+03
 2.413023127E+03	 1.289099976E+03
 2.416805026E+03	 1.290400024E+03
 2.420585115E+03	 1.316900024E+03
 2.424363395E+03	 1.296400024E+03
 2.428139868E+03	 1.280199951E+03
 2.431914536E+03	 1.287800049E+03
 2.435687399E+03	 1.288099976E+03
 2.439458458E+03	 1.292400024E+03
 2.443227716E+03	 1.286699951E+03
 2.446995173E+03	 1.290300049E+03
 2.450760831E+03	 1.288000000E+03
 2.454524691E+03	 1.286000000E+03
 2.458286754E+03	 1.288900024E+03
 2.462047022E+03	 1.284400024E+03
 2.465805497E+03	 1.279300049E+03
 2.469562178E+03	 1.294000000E+03
 2.473317069E+03	 1.286500000E+03
 2.477070169E+03	 1.287099976E+03
 2.480821481E+03	 1.294699951E+03
 2.484571005E+03	 1.290099976E+03
 2.488318744E+03	 1.283000000E+03
 2.492064698E+03	 1.293099976E+03
 2.495808868E+03	 1.296199951E+03
 2.499551257E+03	 1.284800049E+03
 2.503291865E+03	 1.292599976E+03
 2.507030693E+03	 1.291800049E+03
 2.510767743E+03	 1.296199951E+03
 2.514503017E+03	 1.286699951E+03
 2.518236515E+03	 1.288500000E+03
 2.521968239E+03	 1.299500000E+03
 2.525698189E+03	 1.292900024E+03
 2.529426369E+03	 1.286300049E+03
 2.533152778E+03	 1.285500000E+03
 2.536877418E+03	 1.287699951E+03
 2.540600291E+03	 1.289400024E+03
 2.544321397E+03	 1.292699951E+03
 2.548040738E+03	 1.288699951E+03
 2.551758315E+03	 1.294500000E+03
 2.555474130E+03	 1.288500000E+03
 2.559188184E+03	 1.290300049E+03
 2.562900478E+03	 1.284000000E+03
 2.566611013E+03	 1.287400024E+03
 2.570319791E+03	 1.287099976E+03
 2.574026813E+03	 1.293500000E+03
 2.577732080E+03	 1.283000000E+03
 2.581435594E+03	 1.287599976E+03
 2.585137355E+03	 1.284000000E+03
 2.588837366E+03	 1.280400024E+03
 2.592535627E+03	 1.283000000E+03
 2.596232140E+03	 1.287699951E+03
 2.599926906E+03	 1.284900024E+03
 2.603619926E+03	 1.290300049E+03
 2.607311201E+03	 1.284500000E+03
 2.611000734E+03	 1.295599976E+03
 2.614688524E+03	 1.290199951E+03
 2.618374574E+03	 1.286599976E+03
 2.622058885E+03	 1.296800049E+03
 2.625741457E+03	 1.280900024E+03
 2.629422293E+03	 1.292800049E+03
 2.633101393E+03	 1.303000000E+03
 2.636778759E+03	 1.296900024E+03
 2.640454391E+03	 1.293599976E+03
 2.644128292E+03	 1.289199951E+03
 2.647800463E+03	 1.297800049E+03
 2.651470904E+03	 1.293800049E+03
 2.655139617E+03	 1.289500000E+03
 2.658806604E+03	 1.300599976E+03
 2.662471865E+03	 1.293599976E+03
 2.666135402E+03	 1.278900024E+03
 2.669797216E+03	 1.294099976E+03
 2.673457308E+03	 1.284599976E+03
 2.677115680E+03	 1.291400024E+03
 2.680772333E+03	 1.291099976E+03
 2.684427267E+03	 1.291099976E+03
 2.688080485E+03	 1.292500000E+03
 2.691731988E+03	 1.288800049E+03
 2.695381776E+03	 1.283699951E+03
 2.699029852E+03	 1.283699951E+03
 2.702676216E+03	 1.291800049E+03
 2.706320869E+03	 1.290400024E+03
 2.709963813E+03	 1.291199951E+03
 2.713605049E+03	 1.287599976E+03
 2.717244579E+03	 1.289500000E+03
 2.720882403E+03	 1.291800049E+03
 2.724518522E+03	 1.288500000E+03
 2.728152939E+03	 1.287400024E+03
 2.731785654E+03	 1.287599976E+03
 2.735416668E+03	 1.302000000E+03
 2.739045983E+03	 1.295500000E+03
 2.742673600E+03	 1.294500000E+03
 2.746299520E+03	 1.294199951E+03
 2.749923744E+03	 1.293400024E+03
 2.753546274E+03	 1.288500000E+03
 2.757167111E+03	 1.301800049E+03
 2.760786255E+03	 1.285199951E+03
 2.764403710E+03	 1.293099976E+03
 2.768019474E+03	 1.297400024E+03
 2.771633550E+03	 1.297699951E+03
 2.775245939E+03	 1.290000000E+03
 2.778856643E+03	 1.288800049E+03
 2.782465661E+03	 1.286099976E+03
 2.786072997E+03	 1.286199951E+03
 2.789678650E+03	 1.281800049E+03
 2.793282621E+03	 1.287099976E+03
 2.796884914E+03	 1.281199951E+03
 2.800485527E+03	 1.285500000E+03
 2.804084464E+03	 1.280099976E+03
 2.807681724E+03	 1.287400024E+03
 2.811277309E+03	 1.284699951E+03
 2.814871220E+03	 1.277800049E+03
 2.818463459E+03	 1.277300049E+03
 2.822054026E+03	 1.285099976E+03
 2.825642924E+03	 1.284900024E+03
 2.829230152E+03	 1.273199951E+03
 2.832815713E+03	 1.286800049E+03
 2.836399607E+03	 1.286900024E+03
 2.839981835E+03	 1.292599976E+03
 2.843562400E+03	 1.287400024E+03
 2.847141301E+03	 1.292099976E+03
 2.850718541E+03	 1.297699951E+03
 2.854294120E+03	 1.287099976E+03
 2.857868040E+03	 1.298800049E+03
 2.861440302E+03	 1.294599976E+03
 2.865010906E+03	 1.307500000E+03
 2.868579855E+03	 1.292199951E+03
 2.872147149E+03	 1.298400024E+03
 2.875712790E+03	 1.299900024E+03
 2.879276779E+03	 1.295900024E+03
 2.882839116E+03	 1.298900024E+03
 2.886399803E+03	 1.303400024E+03
 2.889958842E+03	 1.308699951E+03
 2.893516233E+03	 1.296400024E+03
 2.897071978E+03	 1.298699951E+03
 2.900626077E+03	 1.301400024E+03
 2.904178533E+03	 1.304699951E+03
 2.907729346E+03	 1.303800049E+03
 2.911278517E+03	 1.299500000E+03
 2.914826047E+03	 1.302300049E+03
 2.918371938E+03	 1.307599976E+03
 2.921916191E+03	 1.295900024E+03
 2.925458807E+03	 1.298699951E+03
 2.928999787E+03	 1.305599976E+03
 2.932539133E+03	 1.301199951E+03
 2.936076845E+03	 1.289800049E+03
 2.939612924E+03	 1.295800049E+03
 2.943147373E+03	 1.298400024E+03
 2.946680191E+03	 1.301500000E+03
 2.950211381E+03	 1.299400024E+03
 2.953740943E+03	 1.300900024E+03
 2.957268878E+03	 1.296199951E+03
 2.960795188E+03	 1.304800049E+03
 2.964319874E+03	 1.300300049E+03
 2.967842936E+03	 1.299199951E+03
 2.971364377E+03	 1.299400024E+03
 2.974884197E+03	 1.300900024E+03
 2.978402397E+03	 1.296599976E+03
 2.981918979E+03	 1.302400024E+03
 2.985433943E+03	 1.304199951E+03
 2.988947291E+03	 1.300800049E+03
 2.992459024E+03	 1.299300049E+03
 2.995969144E+03	 1.302500000E+03
 2.999477650E+03	 1.297900024E+03
 3.002984545E+03	 1.307400024E+03
 3.006489830E+03	 1.300800049E+03
 3.009993505E+03	 1.291900024E+03
 3.013495572E+03	 1.303099976E+03
 3.016996032E+03	 1.297199951E+03
 3.020494886E+03	 1.301300049E+03
 3.023992135E+03	 1.305300049E+03
 3.027487780E+03	 1.293900024E+03
 3.030981823E+03	 1.300699951E+03
 3.034474265E+03	 1.299300049E+03
 3.037965106E+03	 1.305099976E+03
 3.041454348E+03	 1.310400024E+03
 3.044941993E+03	 1.313199951E+03
 3.048428040E+03	 1.323300049E+03
 3.051912492E+03	 1.306599976E+03
 3.055395349E+03	 1.309900024E+03
 3.058876612E+03	 1.309099976E+03
 3.062356283E+03	 1.312599976E+03
 3.065834363E+03	 1.311099976E+03
 3.069310853E+03	 1.324300049E+03
 3.072785754E+03	 1.321199951E+03
 3.076259067E+03	 1.314500000E+03
 3.079730793E+03	 1.324199951E+03
 3.083200933E+03	 1.324199951E+03
 3.086669489E+03	 1.314599976E+03
 3.090136462E+03	 1.324099976E+03
 3.093601852E+03	 1.323599976E+03
 3.097065661E+03	 1.323300049E+03
 3.100527890E+03	 1.329099976E+03
 3.103988540E+03	 1.321199951E+03
 3.107447612E+03	 1.315099976E+03
 3.110905108E+03	 1.319199951E+03
 3.114361027E+03	 1.314300049E+03
 3.117815372E+03	 1.318699951E+03
 3.121268144E+03	 1.324300049E+03
 3.124719344E+03	 1.327599976E+03
 3.128168972E+03	 1.323000000E+03
 3.131617030E+03	 1.313599976E+03
 3.135063519E+03	 1.314000000E+03
 3.138508440E+03	 1.314300049E+03
 3.141951794E+03	 1.310400024E+03
 3.145393583E+03	 1.309000000E+03
 3.148833807E+03	 1.325300049E+03
 3.152272467E+03	 1.307900024E+03
 3.155709565E+03	 1.320199951E+03
 3.159145102E+03	 1.310699951E+03
 3.162579078E+03	 1.313699951E+03
 3.166011495E+03	 1.317400024E+03
 3.169442355E+03	 1.319199951E+03
 3.172871657E+03	 1.327199951E+03
 3.176299403E+03	 1.308800049E+03
 3.179725594E+03	 1.313599976E+03
 3.183150232E+03	 1.326800049E+03
 3.186573317E+03	 1.308599976E+03
 3.189994851E+03	 1.301599976E+03
 3.193414834E+03	 1.321099976E+03
 3.196833268E+03	 1.332400024E+03
 3.200250154E+03	 1.329099976E+03
 3.203665492E+03	 1.329900024E+03
 3.207079284E+03	 1.317699951E+03
 3.210491531E+03	 1.322800049E+03
 3.213902234E+03	 1.327900024E+03
 3.217311395E+03	 1.328900024E+03
 3.220719013E+03	 1.330699951E+03
 3.224125091E+03	 1.336099976E+03
 3.227529629E+03	 1.325900024E+03
 3.230932628E+03	 1.332599976E+03
 3.234334090E+03	 1.339800049E+03
 3.237734016E+03	 1.341699951E+03
 3.241132406E+03	 1.343099976E+03
 3.244529262E+03	 1.342500000E+03
 3.247924585E+03	 1.354900024E+03
 3.251318375E+03	 1.341400024E+03
 3.254710635E+03	 1.344400024E+03
 3.258101364E+03	 1.349900024E+03
 3.261490564E+03	 1.341800049E+03
 3.264878237E+03	 1.355500000E+03
 3.268264383E+03	 1.349900024E+03
 3.271649003E+03	 1.349000000E+03
 3.275032098E+03	 1.356099976E+03
 3.278413670E+03	 1.351099976E+03
 3.281793719E+03	 1.354400024E+03
 3.285172246E+03	 1.355099976E+03
 3.288549253E+03	 1.368000000E+03
 3.291924741E+03	 1.365300049E+03
 3.295298710E+03	 1.360599976E+03
 3.298671162E+03	 1.368500000E+03
 3.302042098E+03	 1.372000000E+03
 3.305411519E+03	 1.372599976E+03
 3.308779425E+03	 1.373300049E+03
 3.312145819E+03	 1.369199951E+03
 3.315510700E+03	 1.371199951E+03
 3.318874071E+03	 1.375300049E+03
 3.322235931E+03	 1.374400024E+03
 3.325596283E+03	 1.378900024E+03
 3.328955127E+03	 1.389699951E+03
 3.332312464E+03	 1.392400024E+03
 3.335668295E+03	 1.395400024E+03
 3.339022622E+03	 1.390800049E+03
 3.342375445E+03	 1.399199951E+03
 3.345726766E+03	 1.397800049E+03
 3.349076585E+03	 1.404900024E+03
 3.352424904E+03	 1.407199951E+03
 3.355771723E+03	 1.412099976E+03
 3.359117044E+03	 1.406500000E+03
 3.362460867E+03	 1.416699951E+03
 3.365803194E+03	 1.408599976E+03
 3.369144026E+03	 1.426699951E+03
 3.372483363E+03	 1.410800049E+03
 3.375821208E+03	 1.415800049E+03
 3.379157560E+03	 1.416199951E+03
 3.382492421E+03	 1.424300049E+03
 3.385825792E+03	 1.425500000E+03
 3.389157674E+03	 1.424099976E+03
 3.392488068E+03	 1.430900024E+03
 3.395816975E+03	 1.437400024E+03
 3.399144396E+03	 1.429300049E+03
 3.402470332E+03	 1.440400024E+03
 3.405794785E+03	 1.440199951E+03
 3.409117754E+03	 1.438000000E+03
 3.412439242E+03	 1.441599976E+03
 3.415759248E+03	 1.448099976E+03
 3.419077775E+03	 1.451400024E+03
 3.422394824E+03	 1.446099976E+03
 3.425710394E+03	 1.453699951E+03
 3.429024488E+03	 1.458500000E+03
 3.432337107E+03	 1.452300049E+03
 3.435648250E+03	 1.469500000E+03
 3.438957921E+03	 1.461400024E+03
 3.442266118E+03	 1.465199951E+03
 3.445572844E+03	 1.463599976E+03
 3.448878100E+03	 1.474599976E+03
 3.452181886E+03	 1.477500000E+03
 3.455484203E+03	 1.483000000E+03
 3.458785053E+03	 1.489800049E+03
 3.462084437E+03	 1.480400024E+03
 3.465382355E+03	 1.484500000E+03
 3.468678809E+03	 1.476000000E+03
 3.471973800E+03	 1.491699951E+03
 3.475267328E+03	 1.494599976E+03
 3.478559395E+03	 1.503099976E+03
 3.481850002E+03	 1.502300049E+03
 3.485139149E+03	 1.501599976E+03
 3.488426838E+03	 1.507199951E+03
 3.491713070E+03	 1.512099976E+03
 3.494997845E+03	 1.523599976E+03
 3.498281165E+03	 1.513000000E+03
 3.501563031E+03	 1.526300049E+03
 3.504843444E+03	 1.524400024E+03
 3.508122405E+03	 1.531599976E+03
 3.511399914E+03	 1.529500000E+03
 3.514675974E+03	 1.531900024E+03
 3.517950584E+03	 1.529000000E+03
 3.521223746E+03	 1.532300049E+03
 3.524495461E+03	 1.538400024E+03
 3.527765730E+03	 1.532699951E+03
 3.531034554E+03	 1.550500000E+03
 3.534301933E+03	 1.554000000E+03
 3.537567870E+03	 1.556000000E+03
 3.540832364E+03	 1.566199951E+03
 3.544095418E+03	 1.563300049E+03
 3.547357031E+03	 1.571800049E+03
 3.550617205E+03	 1.567800049E+03
 3.553875941E+03	 1.559099976E+03
 3.557133241E+03	 1.569099976E+03
 3.560389104E+03	 1.568199951E+03
 3.563643532E+03	 1.571400024E+03
 3.566896526E+03	 1.576800049E+03
 3.570148087E+03	 1.583699951E+03
 3.573398216E+03	 1.571000000E+03
 3.576646914E+03	 1.575699951E+03
 3.579894182E+03	 1.571500000E+03
 3.583140021E+03	 1.572000000E+03
 3.586384432E+03	 1.570099976E+03
 3.589627416E+03	 1.564400024E+03
 3.592868974E+03	 1.567699951E+03
 3.596109107E+03	 1.563599976E+03
 3.599347816E+03	 1.556300049E+03
 3.602585102E+03	 1.546900024E+03
 3.605820966E+03	 1.543500000E+03
 3.609055409E+03	 1.531699951E+03
 3.612288432E+03	 1.536199951E+03
 3.615520035E+03	 1.514800049E+03
 3.618750221E+03	 1.503900024E+03
 3.621978990E+03	 1.509699951E+03
 3.625206343E+03	 1.496199951E+03
 3.628432281E+03	 1.485699951E+03
 3.631656805E+03	 1.476000000E+03
 3.634879915E+03	 1.453300049E+03
 3.638101614E+03	 1.444800049E+03
 3.641321902E+03	 1.423400024E+03
 3.644540780E+03	 1.419900024E+03
 3.647758248E+03	 1.398099976E+03
 3.650974309E+03	 1.379900024E+03
 3.654188962E+03	 1.372599976E+03
 3.657402210E+03	 1.361900024E+03
 3.660614052E+03	 1.340000000E+03
 3.663824491E+03	 1.321000000E+03
 3.667033526E+03	 1.319300049E+03
 3.670241159E+03	 1.313800049E+03
 3.673447391E+03	 1.295300049E+03
 3.676652223E+03	 1.299099976E+03
 3.679855656E+03	 1.271300049E+03
 3.683057691E+03	 1.269300049E+03
 3.686258328E+03	 1.260699951E+03
 3.689457570E+03	 1.254800049E+03
 3.692655416E+03	 1.239900024E+03
 3.695851868E+03	 1.231400024E+03
 3.699046927E+03	 1.238099976E+03
 3.702240594E+03	 1.220800049E+03
 3.705432870E+03	 1.228199951E+03
 3.708623755E+03	 1.223000000E+03
 3.711813251E+03	 1.213400024E+03
 3.715001359E+03	 1.215199951E+03
 3.718188080E+03	 1.212199951E+03
 3.721373415E+03	 1.206800049E+03
 3.724557364E+03	 1.213800049E+03
 3.727739929E+03	 1.196000000E+03
 3.730921111E+03	 1.190400024E+03
 3.734100910E+03	 1.192900024E+03
 3.737279329E+03	 1.190599976E+03
 3.740456367E+03	 1.195000000E+03
 3.743632025E+03	 1.194400024E+03
 3.746806305E+03	 1.186900024E+03
 3.749979208E+03	 1.183900024E+03
 3.753150735E+03	 1.187699951E+03
 3.756320886E+03	 1.188400024E+03
 3.759489663E+03	 1.181800049E+03
 3.762657067E+03	 1.185199951E+03
 3.765823098E+03	 1.184199951E+03
 3.768987757E+03	 1.191599976E+03
 3.772151047E+03	 1.184800049E+03
 3.775312966E+03	 1.182800049E+03
 3.778473518E+03	 1.182000000E+03
 3.781632702E+03	 1.184400024E+03
 3.784790519E+03	 1.181199951E+03
 3.787946971E+03	 1.175500000E+03
 3.791102058E+03	 1.176900024E+03
 3.794255782E+03	 1.177199951E+03
 3.797408144E+03	 1.174500000E+03
 3.800559144E+03	 1.178099976E+03
 3.803708783E+03	 1.176099976E+03
 3.806857062E+03	 1.174300049E+03
 3.810003984E+03	 1.167900024E+03
 3.813149547E+03	 1.173000000E+03
 3.816293754E+03	 1.181199951E+03
 3.819436605E+03	 1.175900024E+03
 3.822578102E+03	 1.178300049E+03
 3.825718245E+03	 1.174300049E+03
 3.828857035E+03	 1.171800049E+03
 3.831994474E+03	 1.167599976E+03
 3.835130562E+03	 1.169699951E+03
 3.838265300E+03	 1.160400024E+03
 3.841398689E+03	 1.169900024E+03
 3.844530731E+03	 1.169599976E+03
 3.847661426E+03	 1.165199951E+03
 3.850790775E+03	 1.166199951E+03
 3.853918780E+03	 1.159099976E+03
 3.857045440E+03	 1.159000000E+03
 3.860170758E+03	 1.156400024E+03
 3.863294734E+03	 1.163900024E+03
 3.866417369E+03	 1.162099976E+03
 3.869538665E+03	 1.161000000E+03
 3.872658621E+03	 1.157199951E+03
 3.875777240E+03	 1.160400024E+03
 3.878894522E+03	 1.169800049E+03
 3.882010468E+03	 1.169199951E+03
 3.885125078E+03	 1.159400024E+03
 3.888238356E+03	 1.162900024E+03
 3.891350300E+03	 1.160099976E+03
 3.894460912E+03	 1.157099976E+03
 3.897570193E+03	 1.156400024E+03
 3.900678144E+03	 1.155400024E+03
 3.903784767E+03	 1.151900024E+03
 3.906890061E+03	 1.157000000E+03
 3.909994028E+03	 1.151000000E+03
 3.913096669E+03	 1.156300049E+03
 3.916197986E+03	 1.166199951E+03
 3.919297978E+03	 1.158000000E+03
 3.922396647E+03	 1.158800049E+03
 3.925493994E+03	 1.152800049E+03
 3.928590020E+03	 1.155300049E+03
 3.931684726E+03	 1.155599976E+03
 3.934778113E+03	 1.148900024E+03
 3.937870182E+03	 1.145699951E+03
 3.940960934E+03	 1.145500000E+03
 3.944050369E+03	 1.148300049E+03
 3.947138490E+03	 1.155099976E+03
 3.950225296E+03	 1.151300049E+03
 3.953310789E+03	 1.143300049E+03
 3.956394970E+03	 1.147300049E+03
 3.959477840E+03	 1.141699951E+03
 3.962559400E+03	 1.147500000E+03
 3.965639650E+03	 1.152099976E+03
 3.968718593E+03	 1.146699951E+03
 3.971796228E+03	 1.143900024E+03
 3.974872557E+03	 1.142500000E+03
 3.977947581E+03	 1.143699951E+03
 3.981021301E+03	 1.145800049E+03
 3.984093717E+03	 1.143500000E+03
 3.987164831E+03	 1.154699951E+03
 3.990234644E+03	 1.147099976E+03
 3.993303157E+03	 1.147099976E+03
 3.996370371E+03	 1.152800049E+03
 3.999436286E+03	 1.145699951E+03
 4.002500904E+03	 1.139300049E+03
 4.005564226E+03	 1.136800049E+03
 4.008626253E+03	 1.134300049E+03
 4.011686985E+03	 1.142099976E+03
 4.014746424E+03	 1.135800049E+03
 4.017804571E+03	 1.137400024E+03
 4.020861427E+03	 1.139400024E+03
 4.023916992E+03	 1.133599976E+03
 4.026971269E+03	 1.126000000E+03
 4.030024257E+03	 1.132500000E+03
 4.033075957E+03	 1.126599976E+03
 4.036126372E+03	 1.139300049E+03
 4.039175501E+03	 1.135300049E+03
 4.042223346E+03	 1.134300049E+03
 4.045269908E+03	 1.129099976E+03
