X-Axis	CC7_MI3_H2O
 5.874196431E+01	 7.909000244E+02
 6.371206119E+01	 1.059900024E+03
 6.867965313E+01	 1.864400024E+03
 7.364474049E+01	 2.646199951E+03
 7.860732366E+01	 2.896899902E+03
 8.356740304E+01	 2.949399902E+03
 8.852497903E+01	 2.969300049E+03
 9.348005205E+01	 2.986199951E+03
 9.843262250E+01	 2.978800049E+03
 1.033826908E+02	 2.967100098E+03
 1.083302575E+02	 2.960600098E+03
 1.132753228E+02	 2.916899902E+03
 1.182178874E+02	 2.902600098E+03
 1.231579517E+02	 2.907000000E+03
 1.280955161E+02	 2.876000000E+03
 1.330305811E+02	 2.836699951E+03
 1.379631473E+02	 2.790600098E+03
 1.428932150E+02	 2.766000000E+03
 1.478207848E+02	 2.760000000E+03
 1.527458573E+02	 2.747300049E+03
 1.576684328E+02	 2.704600098E+03
 1.625885121E+02	 2.668100098E+03
 1.675060955E+02	 2.635800049E+03
 1.724211837E+02	 2.600500000E+03
 1.773337772E+02	 2.564699951E+03
 1.822438765E+02	 2.554699951E+03
 1.871514822E+02	 2.544699951E+03
 1.920565950E+02	 2.524500000E+03
 1.969592153E+02	 2.507899902E+03
 2.018593437E+02	 2.458300049E+03
 2.067569809E+02	 2.437899902E+03
 2.116521275E+02	 2.412300049E+03
 2.165447841E+02	 2.418100098E+03
 2.214349512E+02	 2.409000000E+03
 2.263226296E+02	 2.411000000E+03
 2.312078198E+02	 2.381100098E+03
 2.360905225E+02	 2.359699951E+03
 2.409707384E+02	 2.351000000E+03
 2.458484680E+02	 2.324300049E+03
 2.507237122E+02	 2.295000000E+03
 2.555964714E+02	 2.296800049E+03
 2.604667465E+02	 2.294000000E+03
 2.653345381E+02	 2.292899902E+03
 2.701998469E+02	 2.288899902E+03
 2.750626735E+02	 2.285000000E+03
 2.799230188E+02	 2.279100098E+03
 2.847808833E+02	 2.280399902E+03
 2.896362679E+02	 2.261500000E+03
 2.944891732E+02	 2.248500000E+03
 2.993396000E+02	 2.264000000E+03
 3.041875491E+02	 2.310100098E+03
 3.090330211E+02	 2.281500000E+03
 3.138760168E+02	 2.274699951E+03
 3.187165370E+02	 2.251399902E+03
 3.235545825E+02	 2.247600098E+03
 3.283901540E+02	 2.221500000E+03
 3.332232523E+02	 2.221199951E+03
 3.380538782E+02	 2.227000000E+03
 3.428820325E+02	 2.221699951E+03
 3.477077159E+02	 2.251199951E+03
 3.525309293E+02	 2.246500000E+03
 3.573516736E+02	 2.267300049E+03
 3.621699494E+02	 2.270100098E+03
 3.669857577E+02	 2.299300049E+03
 3.717990992E+02	 2.296100098E+03
 3.766099749E+02	 2.325300049E+03
 3.814183855E+02	 2.337800049E+03
 3.862243319E+02	 2.345899902E+03
 3.910278150E+02	 2.344000000E+03
 3.958288355E+02	 2.366100098E+03
 4.006273945E+02	 2.376899902E+03
 4.054234927E+02	 2.395600098E+03
 4.102171310E+02	 2.406100098E+03
 4.150083103E+02	 2.427500000E+03
 4.197970316E+02	 2.424199951E+03
 4.245832956E+02	 2.432300049E+03
 4.293671033E+02	 2.431699951E+03
 4.341484557E+02	 2.448399902E+03
 4.389273536E+02	 2.451399902E+03
 4.437037979E+02	 2.442800049E+03
 4.484777896E+02	 2.447600098E+03
 4.532493296E+02	 2.420300049E+03
 4.580184188E+02	 2.412800049E+03
 4.627850582E+02	 2.417300049E+03
 4.675492487E+02	 2.427699951E+03
 4.723109913E+02	 2.429199951E+03
 4.770702869E+02	 2.431899902E+03
 4.818271365E+02	 2.425199951E+03
 4.865815411E+02	 2.433699951E+03
 4.913335016E+02	 2.432399902E+03
 4.960830191E+02	 2.438100098E+03
 5.008300944E+02	 2.451500000E+03
 5.055747286E+02	 2.445500000E+03
 5.103169227E+02	 2.437800049E+03
 5.150566777E+02	 2.436100098E+03
 5.197939945E+02	 2.413000000E+03
 5.245288743E+02	 2.389899902E+03
 5.292613180E+02	 2.347199951E+03
 5.339913266E+02	 2.331600098E+03
 5.387189012E+02	 2.279399902E+03
 5.434440427E+02	 2.263100098E+03
 5.481667523E+02	 2.203300049E+03
 5.528870309E+02	 2.180100098E+03
 5.576048796E+02	 2.139600098E+03
 5.623202995E+02	 2.117800049E+03
 5.670332916E+02	 2.086899902E+03
 5.717438570E+02	 2.076800049E+03
 5.764519967E+02	 2.058399902E+03
 5.811577118E+02	 2.055699951E+03
 5.858610033E+02	 2.045900024E+03
 5.905618725E+02	 2.026599976E+03
 5.952603202E+02	 2.008599976E+03
 5.999563477E+02	 1.958300049E+03
 6.046499559E+02	 1.923400024E+03
 6.093411461E+02	 1.889900024E+03
 6.140299193E+02	 1.844199951E+03
 6.187162766E+02	 1.808699951E+03
 6.234002191E+02	 1.776400024E+03
 6.280817479E+02	 1.747400024E+03
 6.327608642E+02	 1.708300049E+03
 6.374375690E+02	 1.696599976E+03
 6.421118636E+02	 1.688400024E+03
 6.467837489E+02	 1.672599976E+03
 6.514532263E+02	 1.676300049E+03
 6.561202967E+02	 1.659400024E+03
 6.607849614E+02	 1.659300049E+03
 6.654472214E+02	 1.663699951E+03
 6.701070780E+02	 1.669300049E+03
 6.747645323E+02	 1.652699951E+03
 6.794195855E+02	 1.654199951E+03
 6.840722386E+02	 1.662400024E+03
 6.887224930E+02	 1.651400024E+03
 6.933703497E+02	 1.651699951E+03
 6.980158099E+02	 1.644099976E+03
 7.026588748E+02	 1.645699951E+03
 7.072995457E+02	 1.645199951E+03
 7.119378236E+02	 1.636800049E+03
 7.165737098E+02	 1.626800049E+03
 7.212072054E+02	 1.636699951E+03
 7.258383117E+02	 1.633300049E+03
 7.304670299E+02	 1.630099976E+03
 7.350933611E+02	 1.627000000E+03
 7.397173066E+02	 1.627300049E+03
 7.443388676E+02	 1.621000000E+03
 7.489580453E+02	 1.625199951E+03
 7.535748409E+02	 1.621900024E+03
 7.581892557E+02	 1.617199951E+03
 7.628012909E+02	 1.612400024E+03
 7.674109476E+02	 1.610500000E+03
 7.720182272E+02	 1.604500000E+03
 7.766231309E+02	 1.604599976E+03
 7.812256599E+02	 1.605800049E+03
 7.858258154E+02	 1.612000000E+03
 7.904235988E+02	 1.603099976E+03
 7.950190112E+02	 1.597000000E+03
 7.996120539E+02	 1.615000000E+03
 8.042027282E+02	 1.630000000E+03
 8.087910353E+02	 1.667000000E+03
 8.133769766E+02	 1.717500000E+03
 8.179605532E+02	 1.883500000E+03
 8.225417664E+02	 2.153300049E+03
 8.271206175E+02	 2.334699951E+03
 8.316971078E+02	 2.216899902E+03
 8.362712385E+02	 2.008500000E+03
 8.408430111E+02	 1.941699951E+03
 8.454124266E+02	 1.999500000E+03
 8.499794864E+02	 2.215600098E+03
 8.545441919E+02	 2.581000000E+03
 8.591065442E+02	 2.788300049E+03
 8.636665448E+02	 2.577100098E+03
 8.682241949E+02	 2.228600098E+03
 8.727794957E+02	 1.971500000E+03
 8.773324487E+02	 1.870400024E+03
 8.818830551E+02	 1.834900024E+03
 8.864313162E+02	 1.822800049E+03
 8.909772334E+02	 1.790099976E+03
 8.955208079E+02	 1.754800049E+03
 9.000620411E+02	 1.742199951E+03
 9.046009344E+02	 1.753800049E+03
 9.091374889E+02	 1.768199951E+03
 9.136717061E+02	 1.773900024E+03
 9.182035873E+02	 1.816300049E+03
 9.227331339E+02	 1.840099976E+03
 9.272603471E+02	 1.840800049E+03
 9.317852282E+02	 1.816900024E+03
 9.363077788E+02	 1.816300049E+03
 9.408280000E+02	 1.828400024E+03
 9.453458932E+02	 1.854400024E+03
 9.498614598E+02	 1.876800049E+03
 9.543747012E+02	 1.916500000E+03
 9.588856186E+02	 1.964099976E+03
 9.633942135E+02	 1.970099976E+03
 9.679004872E+02	 1.953500000E+03
 9.724044410E+02	 1.923199951E+03
 9.769060763E+02	 1.914900024E+03
 9.814053946E+02	 1.880199951E+03
 9.859023970E+02	 1.879800049E+03
 9.903970852E+02	 1.871900024E+03
 9.948894603E+02	 1.889000000E+03
 9.993795238E+02	 1.864000000E+03
 1.003867277E+03	 1.863000000E+03
 1.008352721E+03	 1.857900024E+03
 1.012835858E+03	 1.830400024E+03
 1.017316689E+03	 1.825699951E+03
 1.021795215E+03	 1.804599976E+03
 1.026271438E+03	 1.785599976E+03
 1.030745358E+03	 1.761699951E+03
 1.035216979E+03	 1.758099976E+03
 1.039686300E+03	 1.726000000E+03
 1.044153323E+03	 1.722599976E+03
 1.048618050E+03	 1.696599976E+03
 1.053080482E+03	 1.670400024E+03
 1.057540620E+03	 1.650400024E+03
 1.061998466E+03	 1.619599976E+03
 1.066454022E+03	 1.606099976E+03
 1.070907288E+03	 1.577500000E+03
 1.075358266E+03	 1.552500000E+03
 1.079806958E+03	 1.542000000E+03
 1.084253364E+03	 1.519800049E+03
 1.088697487E+03	 1.488300049E+03
 1.093139327E+03	 1.471199951E+03
 1.097578887E+03	 1.468300049E+03
 1.102016167E+03	 1.445500000E+03
 1.106451169E+03	 1.410099976E+03
 1.110883895E+03	 1.410300049E+03
 1.115314345E+03	 1.394900024E+03
 1.119742522E+03	 1.378699951E+03
 1.124168426E+03	 1.361400024E+03
 1.128592060E+03	 1.341599976E+03
 1.133013424E+03	 1.325199951E+03
 1.137432520E+03	 1.324800049E+03
 1.141849349E+03	 1.314000000E+03
 1.146263913E+03	 1.298000000E+03
 1.150676214E+03	 1.287199951E+03
 1.155086252E+03	 1.276400024E+03
 1.159494029E+03	 1.251900024E+03
 1.163899547E+03	 1.247599976E+03
 1.168302807E+03	 1.232900024E+03
 1.172703810E+03	 1.223400024E+03
 1.177102559E+03	 1.218599976E+03
 1.181499054E+03	 1.211500000E+03
 1.185893296E+03	 1.190300049E+03
 1.190285288E+03	 1.187699951E+03
 1.194675031E+03	 1.177900024E+03
 1.199062526E+03	 1.176099976E+03
 1.203447774E+03	 1.163400024E+03
 1.207830778E+03	 1.153599976E+03
 1.212211538E+03	 1.142900024E+03
 1.216590056E+03	 1.135800049E+03
 1.220966334E+03	 1.139099976E+03
 1.225340372E+03	 1.126500000E+03
 1.229712173E+03	 1.131400024E+03
 1.234081738E+03	 1.122099976E+03
 1.238449069E+03	 1.121900024E+03
 1.242814166E+03	 1.112599976E+03
 1.247177031E+03	 1.114199951E+03
 1.251537666E+03	 1.111500000E+03
 1.255896072E+03	 1.112099976E+03
 1.260252251E+03	 1.109000000E+03
 1.264606204E+03	 1.104900024E+03
 1.268957932E+03	 1.103900024E+03
 1.273307438E+03	 1.105500000E+03
 1.277654722E+03	 1.105699951E+03
 1.281999787E+03	 1.104000000E+03
 1.286342633E+03	 1.102800049E+03
 1.290683261E+03	 1.102400024E+03
 1.295021675E+03	 1.099500000E+03
 1.299357874E+03	 1.097500000E+03
 1.303691861E+03	 1.100000000E+03
 1.308023636E+03	 1.105699951E+03
 1.312353202E+03	 1.099199951E+03
 1.316680560E+03	 1.102400024E+03
 1.321005711E+03	 1.090900024E+03
 1.325328657E+03	 1.096599976E+03
 1.329649400E+03	 1.098000000E+03
 1.333967940E+03	 1.097199951E+03
 1.338284279E+03	 1.102300049E+03
 1.342598420E+03	 1.099699951E+03
 1.346910362E+03	 1.085000000E+03
 1.351220109E+03	 1.098000000E+03
 1.355527660E+03	 1.095699951E+03
 1.359833018E+03	 1.094900024E+03
 1.364136185E+03	 1.090199951E+03
 1.368437161E+03	 1.096000000E+03
 1.372735949E+03	 1.091400024E+03
 1.377032549E+03	 1.094400024E+03
 1.381326964E+03	 1.093099976E+03
 1.385619194E+03	 1.094400024E+03
 1.389909241E+03	 1.091599976E+03
 1.394197107E+03	 1.094300049E+03
 1.398482793E+03	 1.092300049E+03
 1.402766301E+03	 1.101599976E+03
 1.407047632E+03	 1.094099976E+03
 1.411326788E+03	 1.102599976E+03
 1.415603770E+03	 1.093699951E+03
 1.419878580E+03	 1.095199951E+03
 1.424151219E+03	 1.093900024E+03
 1.428421688E+03	 1.098199951E+03
 1.432689990E+03	 1.103099976E+03
 1.436956126E+03	 1.101900024E+03
 1.441220096E+03	 1.100400024E+03
 1.445481903E+03	 1.103000000E+03
 1.449741549E+03	 1.102599976E+03
 1.453999034E+03	 1.106199951E+03
 1.458254360E+03	 1.103099976E+03
 1.462507529E+03	 1.099800049E+03
 1.466758543E+03	 1.103199951E+03
 1.471007402E+03	 1.099300049E+03
 1.475254108E+03	 1.099199951E+03
 1.479498663E+03	 1.099500000E+03
 1.483741068E+03	 1.101900024E+03
 1.487981325E+03	 1.097800049E+03
 1.492219435E+03	 1.100599976E+03
 1.496455400E+03	 1.095900024E+03
 1.500689221E+03	 1.099699951E+03
 1.504920900E+03	 1.099800049E+03
 1.509150438E+03	 1.094400024E+03
 1.513377836E+03	 1.095199951E+03
 1.517603098E+03	 1.103000000E+03
 1.521826222E+03	 1.098599976E+03
 1.526047213E+03	 1.094300049E+03
 1.530266070E+03	 1.091199951E+03
 1.534482795E+03	 1.102900024E+03
 1.538697390E+03	 1.091800049E+03
 1.542909856E+03	 1.088800049E+03
 1.547120196E+03	 1.088599976E+03
 1.551328409E+03	 1.093400024E+03
 1.555534499E+03	 1.086800049E+03
 1.559738465E+03	 1.088699951E+03
 1.563940311E+03	 1.088599976E+03
 1.568140037E+03	 1.095800049E+03
 1.572337645E+03	 1.084199951E+03
 1.576533136E+03	 1.089500000E+03
 1.580726512E+03	 1.082599976E+03
 1.584917774E+03	 1.090500000E+03
 1.589106925E+03	 1.091500000E+03
 1.593293965E+03	 1.088599976E+03
 1.597478896E+03	 1.089699951E+03
 1.601661719E+03	 1.087699951E+03
 1.605842436E+03	 1.096300049E+03
 1.610021048E+03	 1.085800049E+03
 1.614197558E+03	 1.087699951E+03
 1.618371966E+03	 1.087500000E+03
 1.622544274E+03	 1.090800049E+03
 1.626714484E+03	 1.091900024E+03
 1.630882596E+03	 1.091500000E+03
 1.635048613E+03	 1.090800049E+03
 1.639212536E+03	 1.082400024E+03
 1.643374367E+03	 1.077699951E+03
 1.647534106E+03	 1.083900024E+03
 1.651691756E+03	 1.079099976E+03
 1.655847318E+03	 1.089300049E+03
 1.660000794E+03	 1.077699951E+03
 1.664152185E+03	 1.073199951E+03
 1.668301492E+03	 1.071800049E+03
 1.672448717E+03	 1.078099976E+03
 1.676593862E+03	 1.074000000E+03
 1.680736928E+03	 1.077099976E+03
 1.684877916E+03	 1.083599976E+03
 1.689016829E+03	 1.073599976E+03
 1.693153667E+03	 1.070800049E+03
 1.697288433E+03	 1.071800049E+03
 1.701421127E+03	 1.071699951E+03
 1.705551751E+03	 1.078900024E+03
 1.709680306E+03	 1.070900024E+03
 1.713806795E+03	 1.069800049E+03
 1.717931218E+03	 1.081199951E+03
 1.722053578E+03	 1.074500000E+03
 1.726173875E+03	 1.074400024E+03
 1.730292111E+03	 1.072500000E+03
 1.734408288E+03	 1.073599976E+03
 1.738522407E+03	 1.069900024E+03
 1.742634469E+03	 1.072900024E+03
 1.746744477E+03	 1.066699951E+03
 1.750852431E+03	 1.071900024E+03
 1.754958334E+03	 1.065500000E+03
 1.759062186E+03	 1.066400024E+03
 1.763163989E+03	 1.065099976E+03
 1.767263745E+03	 1.059699951E+03
 1.771361455E+03	 1.066800049E+03
 1.775457121E+03	 1.068099976E+03
 1.779550743E+03	 1.060599976E+03
 1.783642325E+03	 1.062400024E+03
 1.787731866E+03	 1.065900024E+03
 1.791819369E+03	 1.062599976E+03
 1.795904835E+03	 1.065099976E+03
 1.799988266E+03	 1.066199951E+03
 1.804069663E+03	 1.060400024E+03
 1.808149027E+03	 1.059199951E+03
 1.812226361E+03	 1.066199951E+03
 1.816301665E+03	 1.060699951E+03
 1.820374941E+03	 1.062900024E+03
 1.824446190E+03	 1.067599976E+03
 1.828515415E+03	 1.057599976E+03
 1.832582616E+03	 1.061800049E+03
 1.836647796E+03	 1.062300049E+03
 1.840710954E+03	 1.060500000E+03
 1.844772094E+03	 1.061099976E+03
 1.848831216E+03	 1.054099976E+03
 1.852888323E+03	 1.066699951E+03
 1.856943414E+03	 1.055699951E+03
 1.860996493E+03	 1.052699951E+03
 1.865047560E+03	 1.052599976E+03
 1.869096617E+03	 1.060099976E+03
 1.873143665E+03	 1.055900024E+03
 1.877188707E+03	 1.055400024E+03
 1.881231742E+03	 1.047699951E+03
 1.885272774E+03	 1.059599976E+03
 1.889311803E+03	 1.057400024E+03
 1.893348830E+03	 1.053099976E+03
 1.897383858E+03	 1.057099976E+03
 1.901416888E+03	 1.056699951E+03
 1.905447921E+03	 1.054900024E+03
 1.909476959E+03	 1.057300049E+03
 1.913504003E+03	 1.057699951E+03
 1.917529054E+03	 1.052400024E+03
 1.921552115E+03	 1.048300049E+03
 1.925573187E+03	 1.056099976E+03
 1.929592270E+03	 1.061199951E+03
 1.933609367E+03	 1.047000000E+03
 1.937624479E+03	 1.053400024E+03
 1.941637608E+03	 1.055500000E+03
 1.945648755E+03	 1.052599976E+03
 1.949657921E+03	 1.061000000E+03
 1.953665108E+03	 1.056199951E+03
 1.957670317E+03	 1.047300049E+03
 1.961673551E+03	 1.051300049E+03
 1.965674810E+03	 1.054099976E+03
 1.969674095E+03	 1.062099976E+03
 1.973671409E+03	 1.053000000E+03
 1.977666753E+03	 1.056900024E+03
 1.981660127E+03	 1.052099976E+03
 1.985651535E+03	 1.052599976E+03
 1.989640976E+03	 1.060300049E+03
 1.993628453E+03	 1.059599976E+03
 1.997613968E+03	 1.055699951E+03
 2.001597520E+03	 1.054199951E+03
 2.005579113E+03	 1.056800049E+03
 2.009558747E+03	 1.058300049E+03
 2.013536424E+03	 1.054199951E+03
 2.017512146E+03	 1.061900024E+03
 2.021485913E+03	 1.055699951E+03
 2.025457727E+03	 1.060099976E+03
 2.029427590E+03	 1.063300049E+03
 2.033395504E+03	 1.050599976E+03
 2.037361469E+03	 1.056400024E+03
 2.041325487E+03	 1.060599976E+03
 2.045287559E+03	 1.048199951E+03
 2.049247687E+03	 1.056099976E+03
 2.053205873E+03	 1.045900024E+03
 2.057162118E+03	 1.054300049E+03
 2.061116423E+03	 1.050900024E+03
 2.065068790E+03	 1.053099976E+03
 2.069019220E+03	 1.051400024E+03
 2.072967714E+03	 1.046500000E+03
 2.076914275E+03	 1.057300049E+03
 2.080858903E+03	 1.050099976E+03
 2.084801600E+03	 1.051500000E+03
 2.088742368E+03	 1.049400024E+03
 2.092681207E+03	 1.055400024E+03
 2.096618120E+03	 1.055099976E+03
 2.100553107E+03	 1.045300049E+03
 2.104486171E+03	 1.048599976E+03
 2.108417312E+03	 1.055599976E+03
 2.112346532E+03	 1.046900024E+03
 2.116273832E+03	 1.042900024E+03
 2.120199215E+03	 1.060800049E+03
 2.124122681E+03	 1.044599976E+03
 2.128044231E+03	 1.045800049E+03
 2.131963868E+03	 1.041800049E+03
 2.135881592E+03	 1.049599976E+03
 2.139797405E+03	 1.041800049E+03
 2.143711309E+03	 1.041300049E+03
 2.147623305E+03	 1.046199951E+03
 2.151533393E+03	 1.044300049E+03
 2.155441577E+03	 1.044500000E+03
 2.159347857E+03	 1.039900024E+03
 2.163252234E+03	 1.038099976E+03
 2.167154710E+03	 1.034500000E+03
 2.171055287E+03	 1.046199951E+03
 2.174953965E+03	 1.038900024E+03
 2.178850747E+03	 1.047000000E+03
 2.182745633E+03	 1.042300049E+03
 2.186638626E+03	 1.038800049E+03
 2.190529726E+03	 1.044199951E+03
 2.194418934E+03	 1.038900024E+03
 2.198306253E+03	 1.041699951E+03
 2.202191684E+03	 1.029699951E+03
 2.206075228E+03	 1.038400024E+03
 2.209956886E+03	 1.039199951E+03
 2.213836660E+03	 1.039699951E+03
 2.217714552E+03	 1.035300049E+03
 2.221590562E+03	 1.031500000E+03
 2.225464692E+03	 1.045699951E+03
 2.229336944E+03	 1.035900024E+03
 2.233207319E+03	 1.040599976E+03
 2.237075818E+03	 1.041000000E+03
 2.240942443E+03	 1.035800049E+03
 2.244807195E+03	 1.034500000E+03
 2.248670076E+03	 1.033099976E+03
 2.252531086E+03	 1.029500000E+03
 2.256390228E+03	 1.028099976E+03
 2.260247502E+03	 1.038599976E+03
 2.264102911E+03	 1.040500000E+03
 2.267956455E+03	 1.031400024E+03
 2.271808136E+03	 1.031000000E+03
 2.275657955E+03	 1.036800049E+03
 2.279505914E+03	 1.038199951E+03
 2.283352013E+03	 1.033400024E+03
 2.287196256E+03	 1.036500000E+03
 2.291038642E+03	 1.034099976E+03
 2.294879173E+03	 1.033599976E+03
 2.298717851E+03	 1.029699951E+03
 2.302554676E+03	 1.033500000E+03
 2.306389651E+03	 1.032699951E+03
 2.310222777E+03	 1.027800049E+03
 2.314054054E+03	 1.028900024E+03
 2.317883486E+03	 1.033800049E+03
 2.321711072E+03	 1.032300049E+03
 2.325536814E+03	 1.031699951E+03
 2.329360713E+03	 1.028500000E+03
 2.333182772E+03	 1.029599976E+03
 2.337002991E+03	 1.026699951E+03
 2.340821371E+03	 1.029699951E+03
 2.344637915E+03	 1.032300049E+03
 2.348452623E+03	 1.027099976E+03
 2.352265497E+03	 1.026800049E+03
 2.356076538E+03	 1.033199951E+03
 2.359885747E+03	 1.031599976E+03
 2.363693126E+03	 1.033699951E+03
 2.367498676E+03	 1.030699951E+03
 2.371302399E+03	 1.032800049E+03
 2.375104296E+03	 1.028300049E+03
 2.378904368E+03	 1.033099976E+03
 2.382702617E+03	 1.018700012E+03
 2.386499044E+03	 1.023299988E+03
 2.390293650E+03	 1.028699951E+03
 2.394086436E+03	 1.029800049E+03
 2.397877405E+03	 1.028900024E+03
 2.401666557E+03	 1.021000000E+03
 2.405453894E+03	 1.022599976E+03
 2.409239416E+03	 1.026400024E+03
 2.413023127E+03	 1.024900024E+03
 2.416805026E+03	 1.020900024E+03
 2.420585115E+03	 1.060900024E+03
 2.424363395E+03	 1.019799988E+03
 2.428139868E+03	 1.027500000E+03
 2.431914536E+03	 1.024500000E+03
 2.435687399E+03	 1.030400024E+03
 2.439458458E+03	 1.022799988E+03
 2.443227716E+03	 1.033199951E+03
 2.446995173E+03	 1.026099976E+03
 2.450760831E+03	 1.028300049E+03
 2.454524691E+03	 1.026199951E+03
 2.458286754E+03	 1.021400024E+03
 2.462047022E+03	 1.016599976E+03
 2.465805497E+03	 1.021299988E+03
 2.469562178E+03	 1.022000000E+03
 2.473317069E+03	 1.021299988E+03
 2.477070169E+03	 1.020099976E+03
 2.480821481E+03	 1.023200012E+03
 2.484571005E+03	 1.026000000E+03
 2.488318744E+03	 1.023099976E+03
 2.492064698E+03	 1.017799988E+03
 2.495808868E+03	 1.019599976E+03
 2.499551257E+03	 1.025699951E+03
 2.503291865E+03	 1.025000000E+03
 2.507030693E+03	 1.022500000E+03
 2.510767743E+03	 1.025300049E+03
 2.514503017E+03	 1.021099976E+03
 2.518236515E+03	 1.023000000E+03
 2.521968239E+03	 1.018799988E+03
 2.525698189E+03	 1.018500000E+03
 2.529426369E+03	 1.022299988E+03
 2.533152778E+03	 1.022500000E+03
 2.536877418E+03	 1.026400024E+03
 2.540600291E+03	 1.019000000E+03
 2.544321397E+03	 1.023000000E+03
 2.548040738E+03	 1.019900024E+03
 2.551758315E+03	 1.014799988E+03
 2.555474130E+03	 1.020700012E+03
 2.559188184E+03	 1.017599976E+03
 2.562900478E+03	 1.020500000E+03
 2.566611013E+03	 1.016299988E+03
 2.570319791E+03	 1.016700012E+03
 2.574026813E+03	 1.019099976E+03
 2.577732080E+03	 1.020799988E+03
 2.581435594E+03	 1.021599976E+03
 2.585137355E+03	 1.011700012E+03
 2.588837366E+03	 1.013299988E+03
 2.592535627E+03	 1.014599976E+03
 2.596232140E+03	 1.014000000E+03
 2.599926906E+03	 1.012400024E+03
 2.603619926E+03	 1.015400024E+03
 2.607311201E+03	 1.015000000E+03
 2.611000734E+03	 1.014200012E+03
 2.614688524E+03	 1.008900024E+03
 2.618374574E+03	 1.012000000E+03
 2.622058885E+03	 1.018799988E+03
 2.625741457E+03	 1.014099976E+03
 2.629422293E+03	 1.013599976E+03
 2.633101393E+03	 1.012900024E+03
 2.636778759E+03	 1.020299988E+03
 2.640454391E+03	 1.021900024E+03
 2.644128292E+03	 1.012900024E+03
 2.647800463E+03	 1.011299988E+03
 2.651470904E+03	 1.014500000E+03
 2.655139617E+03	 1.014500000E+03
 2.658806604E+03	 1.016400024E+03
 2.662471865E+03	 1.011900024E+03
 2.666135402E+03	 1.010900024E+03
 2.669797216E+03	 1.017500000E+03
 2.673457308E+03	 1.010599976E+03
 2.677115680E+03	 1.014000000E+03
 2.680772333E+03	 1.016500000E+03
 2.684427267E+03	 1.009900024E+03
 2.688080485E+03	 1.010700012E+03
 2.691731988E+03	 1.008000000E+03
 2.695381776E+03	 1.010200012E+03
 2.699029852E+03	 1.010700012E+03
 2.702676216E+03	 1.017099976E+03
 2.706320869E+03	 1.008000000E+03
 2.709963813E+03	 1.008700012E+03
 2.713605049E+03	 1.016200012E+03
 2.717244579E+03	 1.006799988E+03
 2.720882403E+03	 1.007000000E+03
 2.724518522E+03	 1.008400024E+03
 2.728152939E+03	 1.009599976E+03
 2.731785654E+03	 1.013200012E+03
 2.735416668E+03	 1.008599976E+03
 2.739045983E+03	 1.013299988E+03
 2.742673600E+03	 1.013599976E+03
 2.746299520E+03	 1.015299988E+03
 2.749923744E+03	 1.010900024E+03
 2.753546274E+03	 1.012200012E+03
 2.757167111E+03	 1.018400024E+03
 2.760786255E+03	 1.008799988E+03
 2.764403710E+03	 1.013599976E+03
 2.768019474E+03	 1.016400024E+03
 2.771633550E+03	 1.012000000E+03
 2.775245939E+03	 1.011799988E+03
 2.778856643E+03	 1.008700012E+03
 2.782465661E+03	 1.010700012E+03
 2.786072997E+03	 1.004200012E+03
 2.789678650E+03	 1.007700012E+03
 2.793282621E+03	 1.005000000E+03
 2.796884914E+03	 1.007799988E+03
 2.800485527E+03	 1.004299988E+03
 2.804084464E+03	 1.002000000E+03
 2.807681724E+03	 1.008200012E+03
 2.811277309E+03	 1.008000000E+03
 2.814871220E+03	 1.002099976E+03
 2.818463459E+03	 1.001400024E+03
 2.822054026E+03	 1.008200012E+03
 2.825642924E+03	 1.000000000E+03
 2.829230152E+03	 1.002700012E+03
 2.832815713E+03	 1.008700012E+03
 2.836399607E+03	 1.006700012E+03
 2.839981835E+03	 1.002700012E+03
 2.843562400E+03	 1.011099976E+03
 2.847141301E+03	 1.005299988E+03
 2.850718541E+03	 1.004099976E+03
 2.854294120E+03	 1.008799988E+03
 2.857868040E+03	 1.013799988E+03
 2.861440302E+03	 1.006500000E+03
 2.865010906E+03	 1.008900024E+03
 2.868579855E+03	 1.011299988E+03
 2.872147149E+03	 1.015599976E+03
 2.875712790E+03	 1.009599976E+03
 2.879276779E+03	 1.008299988E+03
 2.882839116E+03	 1.011599976E+03
 2.886399803E+03	 1.013799988E+03
 2.889958842E+03	 1.019000000E+03
 2.893516233E+03	 1.018400024E+03
 2.897071978E+03	 1.016200012E+03
 2.900626077E+03	 1.015900024E+03
 2.904178533E+03	 1.015299988E+03
 2.907729346E+03	 1.017200012E+03
 2.911278517E+03	 1.014099976E+03
 2.914826047E+03	 1.017599976E+03
 2.918371938E+03	 1.018599976E+03
 2.921916191E+03	 1.019099976E+03
 2.925458807E+03	 1.015799988E+03
 2.928999787E+03	 1.015900024E+03
 2.932539133E+03	 1.015599976E+03
 2.936076845E+03	 1.016900024E+03
 2.939612924E+03	 1.014799988E+03
 2.943147373E+03	 1.012200012E+03
 2.946680191E+03	 1.009500000E+03
 2.950211381E+03	 1.009500000E+03
 2.953740943E+03	 1.017400024E+03
 2.957268878E+03	 1.015599976E+03
 2.960795188E+03	 1.019700012E+03
 2.964319874E+03	 1.015299988E+03
 2.967842936E+03	 1.012700012E+03
 2.971364377E+03	 1.014099976E+03
 2.974884197E+03	 1.013599976E+03
 2.978402397E+03	 1.013000000E+03
 2.981918979E+03	 1.014500000E+03
 2.985433943E+03	 1.012000000E+03
 2.988947291E+03	 1.019900024E+03
 2.992459024E+03	 1.019299988E+03
 2.995969144E+03	 1.019000000E+03
 2.999477650E+03	 1.020299988E+03
 3.002984545E+03	 1.014200012E+03
 3.006489830E+03	 1.017599976E+03
 3.009993505E+03	 1.018400024E+03
 3.013495572E+03	 1.019099976E+03
 3.016996032E+03	 1.016000000E+03
 3.020494886E+03	 1.014799988E+03
 3.023992135E+03	 1.015900024E+03
 3.027487780E+03	 1.021799988E+03
 3.030981823E+03	 1.026099976E+03
 3.034474265E+03	 1.032699951E+03
 3.037965106E+03	 1.025400024E+03
 3.041454348E+03	 1.013500000E+03
 3.044941993E+03	 1.025599976E+03
 3.048428040E+03	 1.022700012E+03
 3.051912492E+03	 1.027699951E+03
 3.055395349E+03	 1.022299988E+03
 3.058876612E+03	 1.029199951E+03
 3.062356283E+03	 1.025400024E+03
 3.065834363E+03	 1.033099976E+03
 3.069310853E+03	 1.025400024E+03
 3.072785754E+03	 1.028099976E+03
 3.076259067E+03	 1.028699951E+03
 3.079730793E+03	 1.024000000E+03
 3.083200933E+03	 1.022099976E+03
 3.086669489E+03	 1.027199951E+03
 3.090136462E+03	 1.031300049E+03
 3.093601852E+03	 1.030800049E+03
 3.097065661E+03	 1.036800049E+03
 3.100527890E+03	 1.033699951E+03
 3.103988540E+03	 1.034599976E+03
 3.107447612E+03	 1.030300049E+03
 3.110905108E+03	 1.035099976E+03
 3.114361027E+03	 1.040199951E+03
 3.117815372E+03	 1.033099976E+03
 3.121268144E+03	 1.032199951E+03
 3.124719344E+03	 1.032099976E+03
 3.128168972E+03	 1.029199951E+03
 3.131617030E+03	 1.033300049E+03
 3.135063519E+03	 1.035800049E+03
 3.138508440E+03	 1.032900024E+03
 3.141951794E+03	 1.027199951E+03
 3.145393583E+03	 1.030300049E+03
 3.148833807E+03	 1.029400024E+03
 3.152272467E+03	 1.034599976E+03
 3.155709565E+03	 1.026099976E+03
 3.159145102E+03	 1.035699951E+03
 3.162579078E+03	 1.030099976E+03
 3.166011495E+03	 1.033000000E+03
 3.169442355E+03	 1.028599976E+03
 3.172871657E+03	 1.033400024E+03
 3.176299403E+03	 1.032199951E+03
 3.179725594E+03	 1.036599976E+03
 3.183150232E+03	 1.039000000E+03
 3.186573317E+03	 1.036099976E+03
 3.189994851E+03	 1.039500000E+03
 3.193414834E+03	 1.035500000E+03
 3.196833268E+03	 1.039400024E+03
 3.200250154E+03	 1.040599976E+03
 3.203665492E+03	 1.039599976E+03
 3.207079284E+03	 1.042199951E+03
 3.210491531E+03	 1.041300049E+03
 3.213902234E+03	 1.045300049E+03
 3.217311395E+03	 1.045300049E+03
 3.220719013E+03	 1.042000000E+03
 3.224125091E+03	 1.050800049E+03
 3.227529629E+03	 1.056900024E+03
 3.230932628E+03	 1.060300049E+03
 3.234334090E+03	 1.045800049E+03
 3.237734016E+03	 1.048900024E+03
 3.241132406E+03	 1.055599976E+03
 3.244529262E+03	 1.053099976E+03
 3.247924585E+03	 1.055099976E+03
 3.251318375E+03	 1.057800049E+03
 3.254710635E+03	 1.051900024E+03
 3.258101364E+03	 1.058199951E+03
 3.261490564E+03	 1.062900024E+03
 3.264878237E+03	 1.057500000E+03
 3.268264383E+03	 1.055000000E+03
 3.271649003E+03	 1.060900024E+03
 3.275032098E+03	 1.064699951E+03
 3.278413670E+03	 1.062099976E+03
 3.281793719E+03	 1.063199951E+03
 3.285172246E+03	 1.072199951E+03
 3.288549253E+03	 1.063400024E+03
 3.291924741E+03	 1.071500000E+03
 3.295298710E+03	 1.072500000E+03
 3.298671162E+03	 1.066300049E+03
 3.302042098E+03	 1.069500000E+03
 3.305411519E+03	 1.068199951E+03
 3.308779425E+03	 1.073599976E+03
 3.312145819E+03	 1.079500000E+03
 3.315510700E+03	 1.088599976E+03
 3.318874071E+03	 1.079699951E+03
 3.322235931E+03	 1.075699951E+03
 3.325596283E+03	 1.083099976E+03
 3.328955127E+03	 1.090099976E+03
 3.332312464E+03	 1.091599976E+03
 3.335668295E+03	 1.088199951E+03
 3.339022622E+03	 1.098500000E+03
 3.342375445E+03	 1.101099976E+03
 3.345726766E+03	 1.094599976E+03
 3.349076585E+03	 1.100900024E+03
 3.352424904E+03	 1.105300049E+03
 3.355771723E+03	 1.102099976E+03
 3.359117044E+03	 1.107199951E+03
 3.362460867E+03	 1.110699951E+03
 3.365803194E+03	 1.108000000E+03
 3.369144026E+03	 1.115800049E+03
 3.372483363E+03	 1.107099976E+03
 3.375821208E+03	 1.110400024E+03
 3.379157560E+03	 1.109000000E+03
 3.382492421E+03	 1.116699951E+03
 3.385825792E+03	 1.116199951E+03
 3.389157674E+03	 1.119000000E+03
 3.392488068E+03	 1.124500000E+03
 3.395816975E+03	 1.126900024E+03
 3.399144396E+03	 1.126500000E+03
 3.402470332E+03	 1.126400024E+03
 3.405794785E+03	 1.121800049E+03
 3.409117754E+03	 1.131800049E+03
 3.412439242E+03	 1.131099976E+03
 3.415759248E+03	 1.133800049E+03
 3.419077775E+03	 1.133300049E+03
 3.422394824E+03	 1.137599976E+03
 3.425710394E+03	 1.139000000E+03
 3.429024488E+03	 1.142500000E+03
 3.432337107E+03	 1.143500000E+03
 3.435648250E+03	 1.142800049E+03
 3.438957921E+03	 1.151000000E+03
 3.442266118E+03	 1.146199951E+03
 3.445572844E+03	 1.158199951E+03
 3.448878100E+03	 1.154199951E+03
 3.452181886E+03	 1.156400024E+03
 3.455484203E+03	 1.159400024E+03
 3.458785053E+03	 1.151300049E+03
 3.462084437E+03	 1.171000000E+03
 3.465382355E+03	 1.167000000E+03
 3.468678809E+03	 1.165900024E+03
 3.471973800E+03	 1.165699951E+03
 3.475267328E+03	 1.172199951E+03
 3.478559395E+03	 1.170599976E+03
 3.481850002E+03	 1.183500000E+03
 3.485139149E+03	 1.181800049E+03
 3.488426838E+03	 1.187599976E+03
 3.491713070E+03	 1.186900024E+03
 3.494997845E+03	 1.187699951E+03
 3.498281165E+03	 1.188300049E+03
 3.501563031E+03	 1.190500000E+03
 3.504843444E+03	 1.191199951E+03
 3.508122405E+03	 1.191099976E+03
 3.511399914E+03	 1.195699951E+03
 3.514675974E+03	 1.206199951E+03
 3.517950584E+03	 1.198300049E+03
 3.521223746E+03	 1.200099976E+03
 3.524495461E+03	 1.213199951E+03
 3.527765730E+03	 1.208699951E+03
 3.531034554E+03	 1.214300049E+03
 3.534301933E+03	 1.214699951E+03
 3.537567870E+03	 1.220800049E+03
 3.540832364E+03	 1.220000000E+03
 3.544095418E+03	 1.233800049E+03
 3.547357031E+03	 1.238500000E+03
 3.550617205E+03	 1.233300049E+03
 3.553875941E+03	 1.223400024E+03
 3.557133241E+03	 1.228000000E+03
 3.560389104E+03	 1.238400024E+03
 3.563643532E+03	 1.238599976E+03
 3.566896526E+03	 1.239699951E+03
 3.570148087E+03	 1.238699951E+03
 3.573398216E+03	 1.227199951E+03
 3.576646914E+03	 1.237599976E+03
 3.579894182E+03	 1.247400024E+03
 3.583140021E+03	 1.234800049E+03
 3.586384432E+03	 1.233099976E+03
 3.589627416E+03	 1.238599976E+03
 3.592868974E+03	 1.231199951E+03
 3.596109107E+03	 1.227699951E+03
 3.599347816E+03	 1.226099976E+03
 3.602585102E+03	 1.217900024E+03
 3.605820966E+03	 1.215300049E+03
 3.609055409E+03	 1.221099976E+03
 3.612288432E+03	 1.214900024E+03
 3.615520035E+03	 1.209300049E+03
 3.618750221E+03	 1.200400024E+03
 3.621978990E+03	 1.187900024E+03
 3.625206343E+03	 1.184500000E+03
 3.628432281E+03	 1.171400024E+03
 3.631656805E+03	 1.160800049E+03
 3.634879915E+03	 1.153599976E+03
 3.638101614E+03	 1.144099976E+03
 3.641321902E+03	 1.126800049E+03
 3.644540780E+03	 1.121599976E+03
 3.647758248E+03	 1.104800049E+03
 3.650974309E+03	 1.102599976E+03
 3.654188962E+03	 1.089400024E+03
 3.657402210E+03	 1.080699951E+03
 3.660614052E+03	 1.063800049E+03
 3.663824491E+03	 1.050300049E+03
 3.667033526E+03	 1.045000000E+03
 3.670241159E+03	 1.035599976E+03
 3.673447391E+03	 1.026000000E+03
 3.676652223E+03	 1.020299988E+03
 3.679855656E+03	 1.010099976E+03
 3.683057691E+03	 1.009000000E+03
 3.686258328E+03	 9.962000122E+02
 3.689457570E+03	 9.964000244E+02
 3.692655416E+03	 9.900000000E+02
 3.695851868E+03	 9.860000000E+02
 3.699046927E+03	 9.777000122E+02
 3.702240594E+03	 9.674000244E+02
 3.705432870E+03	 9.707999878E+02
 3.708623755E+03	 9.717000122E+02
 3.711813251E+03	 9.637000122E+02
 3.715001359E+03	 9.617999878E+02
 3.718188080E+03	 9.610999756E+02
 3.721373415E+03	 9.605999756E+02
 3.724557364E+03	 9.625999756E+02
 3.727739929E+03	 9.560000000E+02
 3.730921111E+03	 9.530999756E+02
 3.734100910E+03	 9.537999878E+02
 3.737279329E+03	 9.482000122E+02
 3.740456367E+03	 9.459000244E+02
 3.743632025E+03	 9.450999756E+02
 3.746806305E+03	 9.499000244E+02
 3.749979208E+03	 9.492000122E+02
 3.753150735E+03	 9.477999878E+02
 3.756320886E+03	 9.419000244E+02
 3.759489663E+03	 9.480999756E+02
 3.762657067E+03	 9.460000000E+02
 3.765823098E+03	 9.440000000E+02
 3.768987757E+03	 9.382999878E+02
 3.772151047E+03	 9.445000000E+02
 3.775312966E+03	 9.410000000E+02
 3.778473518E+03	 9.457999878E+02
 3.781632702E+03	 9.407999878E+02
 3.784790519E+03	 9.459000244E+02
 3.787946971E+03	 9.405000000E+02
 3.791102058E+03	 9.839000244E+02
 3.794255782E+03	 9.437000122E+02
 3.797408144E+03	 9.380999756E+02
 3.800559144E+03	 9.385999756E+02
 3.803708783E+03	 9.337999878E+02
 3.806857062E+03	 9.362000122E+02
 3.810003984E+03	 9.464000244E+02
 3.813149547E+03	 9.350000000E+02
 3.816293754E+03	 9.392000122E+02
 3.819436605E+03	 9.359000244E+02
 3.822578102E+03	 9.405000000E+02
 3.825718245E+03	 9.375000000E+02
 3.828857035E+03	 9.375999756E+02
 3.831994474E+03	 9.322999878E+02
 3.835130562E+03	 9.395999756E+02
 3.838265300E+03	 9.355000000E+02
 3.841398689E+03	 9.317000122E+02
 3.844530731E+03	 9.305000000E+02
 3.847661426E+03	 9.300000000E+02
 3.850790775E+03	 9.410000000E+02
 3.853918780E+03	 9.335999756E+02
 3.857045440E+03	 9.340999756E+02
 3.860170758E+03	 9.334000244E+02
 3.863294734E+03	 9.385999756E+02
 3.866417369E+03	 9.379000244E+02
 3.869538665E+03	 9.305000000E+02
 3.872658621E+03	 9.335000000E+02
 3.875777240E+03	 9.375999756E+02
 3.878894522E+03	 9.384000244E+02
 3.882010468E+03	 9.367999878E+02
 3.885125078E+03	 9.320000000E+02
 3.888238356E+03	 9.300999756E+02
 3.891350300E+03	 9.310999756E+02
 3.894460912E+03	 9.260000000E+02
 3.897570193E+03	 9.314000244E+02
 3.900678144E+03	 9.304000244E+02
 3.903784767E+03	 9.317000122E+02
 3.906890061E+03	 9.312000122E+02
 3.909994028E+03	 9.314000244E+02
 3.913096669E+03	 9.300000000E+02
 3.916197986E+03	 9.305999756E+02
 3.919297978E+03	 9.232999878E+02
 3.922396647E+03	 9.312000122E+02
 3.925493994E+03	 9.275000000E+02
 3.928590020E+03	 9.284000244E+02
 3.931684726E+03	 9.285000000E+02
 3.934778113E+03	 9.284000244E+02
 3.937870182E+03	 9.292000122E+02
 3.940960934E+03	 9.312999878E+02
 3.944050369E+03	 9.327000122E+02
 3.947138490E+03	 9.290999756E+02
 3.950225296E+03	 9.270000000E+02
 3.953310789E+03	 9.317999878E+02
 3.956394970E+03	 9.305999756E+02
 3.959477840E+03	 9.252000122E+02
 3.962559400E+03	 9.225000000E+02
 3.965639650E+03	 9.267999878E+02
 3.968718593E+03	 9.275000000E+02
 3.971796228E+03	 9.242999878E+02
 3.974872557E+03	 9.282999878E+02
 3.977947581E+03	 9.222999878E+02
 3.981021301E+03	 9.287999878E+02
 3.984093717E+03	 9.225999756E+02
 3.987164831E+03	 9.235000000E+02
 3.990234644E+03	 9.257999878E+02
 3.993303157E+03	 9.255000000E+02
 3.996370371E+03	 9.305000000E+02
 3.999436286E+03	 9.304000244E+02
 4.002500904E+03	 9.234000244E+02
 4.005564226E+03	 9.289000244E+02
 4.008626253E+03	 9.270999756E+02
 4.011686985E+03	 9.205000000E+02
 4.014746424E+03	 9.257999878E+02
 4.017804571E+03	 9.175000000E+02
 4.020861427E+03	 9.260000000E+02
 4.023916992E+03	 9.255999756E+02
 4.026971269E+03	 9.220000000E+02
 4.030024257E+03	 9.220999756E+02
 4.033075957E+03	 9.237000122E+02
 4.036126372E+03	 9.210000000E+02
 4.039175501E+03	 9.227000122E+02
 4.042223346E+03	 9.235000000E+02
 4.045269908E+03	 9.222000122E+02
