X-Axis	CC4_MI1_H2O
 5.874196431E+01	 7.972999878E+02
 6.371206119E+01	 1.110599976E+03
 6.867965313E+01	 2.049300049E+03
 7.364474049E+01	 2.978899902E+03
 7.860732366E+01	 3.317100098E+03
 8.356740304E+01	 3.410899902E+03
 8.852497903E+01	 3.461399902E+03
 9.348005205E+01	 3.464000000E+03
 9.843262250E+01	 3.478399902E+03
 1.033826908E+02	 3.475000000E+03
 1.083302575E+02	 3.470800049E+03
 1.132753228E+02	 3.456699951E+03
 1.182178874E+02	 3.426399902E+03
 1.231579517E+02	 3.438600098E+03
 1.280955161E+02	 3.427800049E+03
 1.330305811E+02	 3.404800049E+03
 1.379631473E+02	 3.316399902E+03
 1.428932150E+02	 3.269899902E+03
 1.478207848E+02	 3.299100098E+03
 1.527458573E+02	 3.301600098E+03
 1.576684328E+02	 3.270300049E+03
 1.625885121E+02	 3.244300049E+03
 1.675060955E+02	 3.168000000E+03
 1.724211837E+02	 3.117500000E+03
 1.773337772E+02	 3.096399902E+03
 1.822438765E+02	 3.054600098E+03
 1.871514822E+02	 3.048899902E+03
 1.920565950E+02	 3.041199951E+03
 1.969592153E+02	 3.023399902E+03
 2.018593437E+02	 2.961600098E+03
 2.067569809E+02	 2.928300049E+03
 2.116521275E+02	 2.902000000E+03
 2.165447841E+02	 2.894600098E+03
 2.214349512E+02	 2.914000000E+03
 2.263226296E+02	 2.904399902E+03
 2.312078198E+02	 2.894100098E+03
 2.360905225E+02	 2.837199951E+03
 2.409707384E+02	 2.825399902E+03
 2.458484680E+02	 2.782500000E+03
 2.507237122E+02	 2.764600098E+03
 2.555964714E+02	 2.749800049E+03
 2.604667465E+02	 2.746600098E+03
 2.653345381E+02	 2.738699951E+03
 2.701998469E+02	 2.752899902E+03
 2.750626735E+02	 2.761300049E+03
 2.799230188E+02	 2.746899902E+03
 2.847808833E+02	 2.733100098E+03
 2.896362679E+02	 2.742500000E+03
 2.944891732E+02	 2.730000000E+03
 2.993396000E+02	 2.743300049E+03
 3.041875491E+02	 2.750399902E+03
 3.090330211E+02	 2.743500000E+03
 3.138760168E+02	 2.751199951E+03
 3.187165370E+02	 2.744100098E+03
 3.235545825E+02	 2.768100098E+03
 3.283901540E+02	 2.742100098E+03
 3.332232523E+02	 2.706199951E+03
 3.380538782E+02	 2.701100098E+03
 3.428820325E+02	 2.703300049E+03
 3.477077159E+02	 2.697300049E+03
 3.525309293E+02	 2.700399902E+03
 3.573516736E+02	 2.708399902E+03
 3.621699494E+02	 2.704699951E+03
 3.669857577E+02	 2.718600098E+03
 3.717990992E+02	 2.756300049E+03
 3.766099749E+02	 2.743100098E+03
 3.814183855E+02	 2.750500000E+03
 3.862243319E+02	 2.753500000E+03
 3.910278150E+02	 2.756500000E+03
 3.958288355E+02	 2.765199951E+03
 4.006273945E+02	 2.772500000E+03
 4.054234927E+02	 2.819899902E+03
 4.102171310E+02	 2.826199951E+03
 4.150083103E+02	 2.840800049E+03
 4.197970316E+02	 2.853199951E+03
 4.245832956E+02	 2.874199951E+03
 4.293671033E+02	 2.878399902E+03
 4.341484557E+02	 2.884899902E+03
 4.389273536E+02	 2.912800049E+03
 4.437037979E+02	 2.936199951E+03
 4.484777896E+02	 2.932199951E+03
 4.532493296E+02	 2.936899902E+03
 4.580184188E+02	 2.960199951E+03
 4.627850582E+02	 2.969399902E+03
 4.675492487E+02	 2.972100098E+03
 4.723109913E+02	 3.007600098E+03
 4.770702869E+02	 2.994899902E+03
 4.818271365E+02	 3.023899902E+03
 4.865815411E+02	 3.026500000E+03
 4.913335016E+02	 3.029800049E+03
 4.960830191E+02	 3.040899902E+03
 5.008300944E+02	 3.030399902E+03
 5.055747286E+02	 3.047699951E+03
 5.103169227E+02	 3.052399902E+03
 5.150566777E+02	 3.001600098E+03
 5.197939945E+02	 2.987800049E+03
 5.245288743E+02	 2.921399902E+03
 5.292613180E+02	 2.877899902E+03
 5.339913266E+02	 2.865000000E+03
 5.387189012E+02	 2.788800049E+03
 5.434440427E+02	 2.761399902E+03
 5.481667523E+02	 2.707300049E+03
 5.528870309E+02	 2.640399902E+03
 5.576048796E+02	 2.600300049E+03
 5.623202995E+02	 2.559600098E+03
 5.670332916E+02	 2.529600098E+03
 5.717438570E+02	 2.488100098E+03
 5.764519967E+02	 2.487300049E+03
 5.811577118E+02	 2.465899902E+03
 5.858610033E+02	 2.455600098E+03
 5.905618725E+02	 2.460300049E+03
 5.952603202E+02	 2.400399902E+03
 5.999563477E+02	 2.354899902E+03
 6.046499559E+02	 2.291199951E+03
 6.093411461E+02	 2.249300049E+03
 6.140299193E+02	 2.209500000E+03
 6.187162766E+02	 2.173600098E+03
 6.234002191E+02	 2.150199951E+03
 6.280817479E+02	 2.125800049E+03
 6.327608642E+02	 2.089500000E+03
 6.374375690E+02	 2.072399902E+03
 6.421118636E+02	 2.077699951E+03
 6.467837489E+02	 2.060500000E+03
 6.514532263E+02	 2.053199951E+03
 6.561202967E+02	 2.065300049E+03
 6.607849614E+02	 2.046199951E+03
 6.654472214E+02	 2.036699951E+03
 6.701070780E+02	 2.047800049E+03
 6.747645323E+02	 2.038599976E+03
 6.794195855E+02	 2.036300049E+03
 6.840722386E+02	 2.023199951E+03
 6.887224930E+02	 2.029000000E+03
 6.933703497E+02	 2.013199951E+03
 6.980158099E+02	 2.019699951E+03
 7.026588748E+02	 2.026500000E+03
 7.072995457E+02	 2.013199951E+03
 7.119378236E+02	 2.008099976E+03
 7.165737098E+02	 2.005699951E+03
 7.212072054E+02	 2.016099976E+03
 7.258383117E+02	 1.994500000E+03
 7.304670299E+02	 2.003300049E+03
 7.350933611E+02	 2.004900024E+03
 7.397173066E+02	 1.996699951E+03
 7.443388676E+02	 2.002500000E+03
 7.489580453E+02	 1.990900024E+03
 7.535748409E+02	 1.981699951E+03
 7.581892557E+02	 1.980099976E+03
 7.628012909E+02	 1.981000000E+03
 7.674109476E+02	 1.969000000E+03
 7.720182272E+02	 1.979500000E+03
 7.766231309E+02	 1.971699951E+03
 7.812256599E+02	 1.958300049E+03
 7.858258154E+02	 1.963500000E+03
 7.904235988E+02	 1.958599976E+03
 7.950190112E+02	 1.958199951E+03
 7.996120539E+02	 1.956300049E+03
 8.042027282E+02	 1.955300049E+03
 8.087910353E+02	 1.976900024E+03
 8.133769766E+02	 2.024300049E+03
 8.179605532E+02	 2.164300049E+03
 8.225417664E+02	 2.382699951E+03
 8.271206175E+02	 2.570199951E+03
 8.316971078E+02	 2.475500000E+03
 8.362712385E+02	 2.356899902E+03
 8.408430111E+02	 2.341399902E+03
 8.454124266E+02	 2.486399902E+03
 8.499794864E+02	 2.867300049E+03
 8.545441919E+02	 3.496199951E+03
 8.591065442E+02	 3.885300049E+03
 8.636665448E+02	 3.525300049E+03
 8.682241949E+02	 2.890300049E+03
 8.727794957E+02	 2.458100098E+03
 8.773324487E+02	 2.260199951E+03
 8.818830551E+02	 2.164199951E+03
 8.864313162E+02	 2.135300049E+03
 8.909772334E+02	 2.092500000E+03
 8.955208079E+02	 2.080399902E+03
 9.000620411E+02	 2.076600098E+03
 9.046009344E+02	 2.087399902E+03
 9.091374889E+02	 2.146399902E+03
 9.136717061E+02	 2.183000000E+03
 9.182035873E+02	 2.269000000E+03
 9.227331339E+02	 2.367300049E+03
 9.272603471E+02	 2.304800049E+03
 9.317852282E+02	 2.235500000E+03
 9.363077788E+02	 2.218000000E+03
 9.408280000E+02	 2.237500000E+03
 9.453458932E+02	 2.285000000E+03
 9.498614598E+02	 2.358300049E+03
 9.543747012E+02	 2.396199951E+03
 9.588856186E+02	 2.465600098E+03
 9.633942135E+02	 2.479000000E+03
 9.679004872E+02	 2.452100098E+03
 9.724044410E+02	 2.411899902E+03
 9.769060763E+02	 2.369199951E+03
 9.814053946E+02	 2.345500000E+03
 9.859023970E+02	 2.336100098E+03
 9.903970852E+02	 2.337300049E+03
 9.948894603E+02	 2.339899902E+03
 9.993795238E+02	 2.329300049E+03
 1.003867277E+03	 2.341899902E+03
 1.008352721E+03	 2.338000000E+03
 1.012835858E+03	 2.317699951E+03
 1.017316689E+03	 2.287699951E+03
 1.021795215E+03	 2.267300049E+03
 1.026271438E+03	 2.252899902E+03
 1.030745358E+03	 2.204899902E+03
 1.035216979E+03	 2.187199951E+03
 1.039686300E+03	 2.150800049E+03
 1.044153323E+03	 2.133699951E+03
 1.048618050E+03	 2.094100098E+03
 1.053080482E+03	 2.078600098E+03
 1.057540620E+03	 2.034900024E+03
 1.061998466E+03	 2.008599976E+03
 1.066454022E+03	 1.990300049E+03
 1.070907288E+03	 1.966199951E+03
 1.075358266E+03	 1.937199951E+03
 1.079806958E+03	 1.921099976E+03
 1.084253364E+03	 1.886900024E+03
 1.088697487E+03	 1.868500000E+03
 1.093139327E+03	 1.839699951E+03
 1.097578887E+03	 1.827500000E+03
 1.102016167E+03	 1.787599976E+03
 1.106451169E+03	 1.771500000E+03
 1.110883895E+03	 1.747400024E+03
 1.115314345E+03	 1.723800049E+03
 1.119742522E+03	 1.711199951E+03
 1.124168426E+03	 1.686599976E+03
 1.128592060E+03	 1.680300049E+03
 1.133013424E+03	 1.672599976E+03
 1.137432520E+03	 1.651500000E+03
 1.141849349E+03	 1.633000000E+03
 1.146263913E+03	 1.628599976E+03
 1.150676214E+03	 1.611300049E+03
 1.155086252E+03	 1.586300049E+03
 1.159494029E+03	 1.564699951E+03
 1.163899547E+03	 1.557300049E+03
 1.168302807E+03	 1.534699951E+03
 1.172703810E+03	 1.522000000E+03
 1.177102559E+03	 1.521500000E+03
 1.181499054E+03	 1.493400024E+03
 1.185893296E+03	 1.479099976E+03
 1.190285288E+03	 1.457699951E+03
 1.194675031E+03	 1.464300049E+03
 1.199062526E+03	 1.443500000E+03
 1.203447774E+03	 1.438699951E+03
 1.207830778E+03	 1.417000000E+03
 1.212211538E+03	 1.422199951E+03
 1.216590056E+03	 1.416599976E+03
 1.220966334E+03	 1.408599976E+03
 1.225340372E+03	 1.397699951E+03
 1.229712173E+03	 1.394000000E+03
 1.234081738E+03	 1.392300049E+03
 1.238449069E+03	 1.397199951E+03
 1.242814166E+03	 1.387199951E+03
 1.247177031E+03	 1.382300049E+03
 1.251537666E+03	 1.387699951E+03
 1.255896072E+03	 1.372599976E+03
 1.260252251E+03	 1.371099976E+03
 1.264606204E+03	 1.367699951E+03
 1.268957932E+03	 1.369000000E+03
 1.273307438E+03	 1.368199951E+03
 1.277654722E+03	 1.358800049E+03
 1.281999787E+03	 1.360699951E+03
 1.286342633E+03	 1.372699951E+03
 1.290683261E+03	 1.360800049E+03
 1.295021675E+03	 1.359900024E+03
 1.299357874E+03	 1.359800049E+03
 1.303691861E+03	 1.369199951E+03
 1.308023636E+03	 1.361099976E+03
 1.312353202E+03	 1.369300049E+03
 1.316680560E+03	 1.369500000E+03
 1.321005711E+03	 1.365300049E+03
 1.325328657E+03	 1.371500000E+03
 1.329649400E+03	 1.356000000E+03
 1.333967940E+03	 1.372699951E+03
 1.338284279E+03	 1.372300049E+03
 1.342598420E+03	 1.355400024E+03
 1.346910362E+03	 1.357699951E+03
 1.351220109E+03	 1.365300049E+03
 1.355527660E+03	 1.359699951E+03
 1.359833018E+03	 1.357199951E+03
 1.364136185E+03	 1.358199951E+03
 1.368437161E+03	 1.357500000E+03
 1.372735949E+03	 1.355800049E+03
 1.377032549E+03	 1.347500000E+03
 1.381326964E+03	 1.362099976E+03
 1.385619194E+03	 1.354099976E+03
 1.389909241E+03	 1.365900024E+03
 1.394197107E+03	 1.361699951E+03
 1.398482793E+03	 1.357400024E+03
 1.402766301E+03	 1.357500000E+03
 1.407047632E+03	 1.368699951E+03
 1.411326788E+03	 1.372699951E+03
 1.415603770E+03	 1.375900024E+03
 1.419878580E+03	 1.381800049E+03
 1.424151219E+03	 1.367000000E+03
 1.428421688E+03	 1.373699951E+03
 1.432689990E+03	 1.385400024E+03
 1.436956126E+03	 1.381599976E+03
 1.441220096E+03	 1.374699951E+03
 1.445481903E+03	 1.389199951E+03
 1.449741549E+03	 1.380300049E+03
 1.453999034E+03	 1.380300049E+03
 1.458254360E+03	 1.378900024E+03
 1.462507529E+03	 1.379199951E+03
 1.466758543E+03	 1.387500000E+03
 1.471007402E+03	 1.391099976E+03
 1.475254108E+03	 1.384500000E+03
 1.479498663E+03	 1.381400024E+03
 1.483741068E+03	 1.396300049E+03
 1.487981325E+03	 1.388699951E+03
 1.492219435E+03	 1.387800049E+03
 1.496455400E+03	 1.376699951E+03
 1.500689221E+03	 1.391699951E+03
 1.504920900E+03	 1.387400024E+03
 1.509150438E+03	 1.388900024E+03
 1.513377836E+03	 1.380500000E+03
 1.517603098E+03	 1.391300049E+03
 1.521826222E+03	 1.381800049E+03
 1.526047213E+03	 1.387599976E+03
 1.530266070E+03	 1.391500000E+03
 1.534482795E+03	 1.385500000E+03
 1.538697390E+03	 1.372900024E+03
 1.542909856E+03	 1.374500000E+03
 1.547120196E+03	 1.380099976E+03
 1.551328409E+03	 1.378599976E+03
 1.555534499E+03	 1.376000000E+03
 1.559738465E+03	 1.378099976E+03
 1.563940311E+03	 1.380900024E+03
 1.568140037E+03	 1.376699951E+03
 1.572337645E+03	 1.378699951E+03
 1.576533136E+03	 1.375400024E+03
 1.580726512E+03	 1.382199951E+03
 1.584917774E+03	 1.379699951E+03
 1.589106925E+03	 1.394800049E+03
 1.593293965E+03	 1.378699951E+03
 1.597478896E+03	 1.375699951E+03
 1.601661719E+03	 1.378199951E+03
 1.605842436E+03	 1.393000000E+03
 1.610021048E+03	 1.378800049E+03
 1.614197558E+03	 1.386599976E+03
 1.618371966E+03	 1.389099976E+03
 1.622544274E+03	 1.385699951E+03
 1.626714484E+03	 1.382500000E+03
 1.630882596E+03	 1.384300049E+03
 1.635048613E+03	 1.378400024E+03
 1.639212536E+03	 1.386199951E+03
 1.643374367E+03	 1.384099976E+03
 1.647534106E+03	 1.379099976E+03
 1.651691756E+03	 1.385599976E+03
 1.655847318E+03	 1.377400024E+03
 1.660000794E+03	 1.366900024E+03
 1.664152185E+03	 1.373300049E+03
 1.668301492E+03	 1.373300049E+03
 1.672448717E+03	 1.378199951E+03
 1.676593862E+03	 1.371500000E+03
 1.680736928E+03	 1.374000000E+03
 1.684877916E+03	 1.362400024E+03
 1.689016829E+03	 1.369000000E+03
 1.693153667E+03	 1.362900024E+03
 1.697288433E+03	 1.378699951E+03
 1.701421127E+03	 1.378800049E+03
 1.705551751E+03	 1.365000000E+03
 1.709680306E+03	 1.382400024E+03
 1.713806795E+03	 1.361599976E+03
 1.717931218E+03	 1.370900024E+03
 1.722053578E+03	 1.370800049E+03
 1.726173875E+03	 1.359099976E+03
 1.730292111E+03	 1.369500000E+03
 1.734408288E+03	 1.368000000E+03
 1.738522407E+03	 1.374900024E+03
 1.742634469E+03	 1.365000000E+03
 1.746744477E+03	 1.360400024E+03
 1.750852431E+03	 1.358300049E+03
 1.754958334E+03	 1.366800049E+03
 1.759062186E+03	 1.357099976E+03
 1.763163989E+03	 1.375800049E+03
 1.767263745E+03	 1.360400024E+03
 1.771361455E+03	 1.358500000E+03
 1.775457121E+03	 1.351400024E+03
 1.779550743E+03	 1.361800049E+03
 1.783642325E+03	 1.359699951E+03
 1.787731866E+03	 1.357800049E+03
 1.791819369E+03	 1.355400024E+03
 1.795904835E+03	 1.357300049E+03
 1.799988266E+03	 1.358500000E+03
 1.804069663E+03	 1.358500000E+03
 1.808149027E+03	 1.364300049E+03
 1.812226361E+03	 1.359199951E+03
 1.816301665E+03	 1.355800049E+03
 1.820374941E+03	 1.366800049E+03
 1.824446190E+03	 1.363800049E+03
 1.828515415E+03	 1.355699951E+03
 1.832582616E+03	 1.350599976E+03
 1.836647796E+03	 1.353400024E+03
 1.840710954E+03	 1.352199951E+03
 1.844772094E+03	 1.358099976E+03
 1.848831216E+03	 1.349800049E+03
 1.852888323E+03	 1.357099976E+03
 1.856943414E+03	 1.354400024E+03
 1.860996493E+03	 1.354000000E+03
 1.865047560E+03	 1.349400024E+03
 1.869096617E+03	 1.356400024E+03
 1.873143665E+03	 1.349699951E+03
 1.877188707E+03	 1.355400024E+03
 1.881231742E+03	 1.351500000E+03
 1.885272774E+03	 1.358300049E+03
 1.889311803E+03	 1.359000000E+03
 1.893348830E+03	 1.358300049E+03
 1.897383858E+03	 1.350900024E+03
 1.901416888E+03	 1.364800049E+03
 1.905447921E+03	 1.356199951E+03
 1.909476959E+03	 1.361599976E+03
 1.913504003E+03	 1.361199951E+03
 1.917529054E+03	 1.355500000E+03
 1.921552115E+03	 1.353699951E+03
 1.925573187E+03	 1.359800049E+03
 1.929592270E+03	 1.352900024E+03
 1.933609367E+03	 1.347199951E+03
 1.937624479E+03	 1.356199951E+03
 1.941637608E+03	 1.340900024E+03
 1.945648755E+03	 1.348599976E+03
 1.949657921E+03	 1.349400024E+03
 1.953665108E+03	 1.363300049E+03
 1.957670317E+03	 1.350699951E+03
 1.961673551E+03	 1.358099976E+03
 1.965674810E+03	 1.352800049E+03
 1.969674095E+03	 1.371199951E+03
 1.973671409E+03	 1.356400024E+03
 1.977666753E+03	 1.359000000E+03
 1.981660127E+03	 1.374900024E+03
 1.985651535E+03	 1.370900024E+03
 1.989640976E+03	 1.368500000E+03
 1.993628453E+03	 1.365000000E+03
 1.997613968E+03	 1.372599976E+03
 2.001597520E+03	 1.366300049E+03
 2.005579113E+03	 1.369900024E+03
 2.009558747E+03	 1.371699951E+03
 2.013536424E+03	 1.375599976E+03
 2.017512146E+03	 1.374400024E+03
 2.021485913E+03	 1.369000000E+03
 2.025457727E+03	 1.367400024E+03
 2.029427590E+03	 1.364099976E+03
 2.033395504E+03	 1.375300049E+03
 2.037361469E+03	 1.368199951E+03
 2.041325487E+03	 1.373800049E+03
 2.045287559E+03	 1.367500000E+03
 2.049247687E+03	 1.368900024E+03
 2.053205873E+03	 1.362099976E+03
 2.057162118E+03	 1.360000000E+03
 2.061116423E+03	 1.365500000E+03
 2.065068790E+03	 1.359500000E+03
 2.069019220E+03	 1.355300049E+03
 2.072967714E+03	 1.367699951E+03
 2.076914275E+03	 1.363800049E+03
 2.080858903E+03	 1.358099976E+03
 2.084801600E+03	 1.363699951E+03
 2.088742368E+03	 1.355099976E+03
 2.092681207E+03	 1.366500000E+03
 2.096618120E+03	 1.360599976E+03
 2.100553107E+03	 1.365699951E+03
 2.104486171E+03	 1.357900024E+03
 2.108417312E+03	 1.371599976E+03
 2.112346532E+03	 1.365800049E+03
 2.116273832E+03	 1.357099976E+03
 2.120199215E+03	 1.366000000E+03
 2.124122681E+03	 1.368599976E+03
 2.128044231E+03	 1.367800049E+03
 2.131963868E+03	 1.362500000E+03
 2.135881592E+03	 1.362599976E+03
 2.139797405E+03	 1.364800049E+03
 2.143711309E+03	 1.358699951E+03
 2.147623305E+03	 1.354300049E+03
 2.151533393E+03	 1.355400024E+03
 2.155441577E+03	 1.349199951E+03
 2.159347857E+03	 1.356000000E+03
 2.163252234E+03	 1.355199951E+03
 2.167154710E+03	 1.351000000E+03
 2.171055287E+03	 1.345599976E+03
 2.174953965E+03	 1.349800049E+03
 2.178850747E+03	 1.357500000E+03
 2.182745633E+03	 1.348500000E+03
 2.186638626E+03	 1.350699951E+03
 2.190529726E+03	 1.351599976E+03
 2.194418934E+03	 1.349099976E+03
 2.198306253E+03	 1.352400024E+03
 2.202191684E+03	 1.357900024E+03
 2.206075228E+03	 1.360500000E+03
 2.209956886E+03	 1.354900024E+03
 2.213836660E+03	 1.355000000E+03
 2.217714552E+03	 1.346800049E+03
 2.221590562E+03	 1.355599976E+03
 2.225464692E+03	 1.343900024E+03
 2.229336944E+03	 1.339400024E+03
 2.233207319E+03	 1.357099976E+03
 2.237075818E+03	 1.346000000E+03
 2.240942443E+03	 1.348099976E+03
 2.244807195E+03	 1.348000000E+03
 2.248670076E+03	 1.348400024E+03
 2.252531086E+03	 1.346099976E+03
 2.256390228E+03	 1.347500000E+03
 2.260247502E+03	 1.339599976E+03
 2.264102911E+03	 1.348000000E+03
 2.267956455E+03	 1.343900024E+03
 2.271808136E+03	 1.343800049E+03
 2.275657955E+03	 1.344599976E+03
 2.279505914E+03	 1.341400024E+03
 2.283352013E+03	 1.345599976E+03
 2.287196256E+03	 1.341800049E+03
 2.291038642E+03	 1.345099976E+03
 2.294879173E+03	 1.351300049E+03
 2.298717851E+03	 1.349400024E+03
 2.302554676E+03	 1.344800049E+03
 2.306389651E+03	 1.348199951E+03
 2.310222777E+03	 1.346800049E+03
 2.314054054E+03	 1.344699951E+03
 2.317883486E+03	 1.346800049E+03
 2.321711072E+03	 1.340099976E+03
 2.325536814E+03	 1.346699951E+03
 2.329360713E+03	 1.344599976E+03
 2.333182772E+03	 1.337500000E+03
 2.337002991E+03	 1.341800049E+03
 2.340821371E+03	 1.349000000E+03
 2.344637915E+03	 1.344400024E+03
 2.348452623E+03	 1.341800049E+03
 2.352265497E+03	 1.334000000E+03
 2.356076538E+03	 1.347000000E+03
 2.359885747E+03	 1.339300049E+03
 2.363693126E+03	 1.345300049E+03
 2.367498676E+03	 1.334400024E+03
 2.371302399E+03	 1.333199951E+03
 2.375104296E+03	 1.334500000E+03
 2.378904368E+03	 1.331599976E+03
 2.382702617E+03	 1.337199951E+03
 2.386499044E+03	 1.348400024E+03
 2.390293650E+03	 1.342599976E+03
 2.394086436E+03	 1.337699951E+03
 2.397877405E+03	 1.341199951E+03
 2.401666557E+03	 1.337300049E+03
 2.405453894E+03	 1.337199951E+03
 2.409239416E+03	 1.334599976E+03
 2.413023127E+03	 1.331900024E+03
 2.416805026E+03	 1.337000000E+03
 2.420585115E+03	 1.364300049E+03
 2.424363395E+03	 1.339500000E+03
 2.428139868E+03	 1.337599976E+03
 2.431914536E+03	 1.342099976E+03
 2.435687399E+03	 1.338599976E+03
 2.439458458E+03	 1.344800049E+03
 2.443227716E+03	 1.338500000E+03
 2.446995173E+03	 1.335400024E+03
 2.450760831E+03	 1.343800049E+03
 2.454524691E+03	 1.342300049E+03
 2.458286754E+03	 1.341099976E+03
 2.462047022E+03	 1.342300049E+03
 2.465805497E+03	 1.335900024E+03
 2.469562178E+03	 1.332800049E+03
 2.473317069E+03	 1.329599976E+03
 2.477070169E+03	 1.335199951E+03
 2.480821481E+03	 1.344500000E+03
 2.484571005E+03	 1.343800049E+03
 2.488318744E+03	 1.331099976E+03
 2.492064698E+03	 1.338199951E+03
 2.495808868E+03	 1.334599976E+03
 2.499551257E+03	 1.341699951E+03
 2.503291865E+03	 1.336099976E+03
 2.507030693E+03	 1.332400024E+03
 2.510767743E+03	 1.342800049E+03
 2.514503017E+03	 1.327300049E+03
 2.518236515E+03	 1.339699951E+03
 2.521968239E+03	 1.337400024E+03
 2.525698189E+03	 1.342300049E+03
 2.529426369E+03	 1.336000000E+03
 2.533152778E+03	 1.341400024E+03
 2.536877418E+03	 1.334099976E+03
 2.540600291E+03	 1.340400024E+03
 2.544321397E+03	 1.330000000E+03
 2.548040738E+03	 1.345300049E+03
 2.551758315E+03	 1.336300049E+03
 2.555474130E+03	 1.334099976E+03
 2.559188184E+03	 1.340500000E+03
 2.562900478E+03	 1.329400024E+03
 2.566611013E+03	 1.325699951E+03
 2.570319791E+03	 1.326500000E+03
 2.574026813E+03	 1.332000000E+03
 2.577732080E+03	 1.325400024E+03
 2.581435594E+03	 1.327400024E+03
 2.585137355E+03	 1.326400024E+03
 2.588837366E+03	 1.330199951E+03
 2.592535627E+03	 1.333400024E+03
 2.596232140E+03	 1.336599976E+03
 2.599926906E+03	 1.320599976E+03
 2.603619926E+03	 1.335000000E+03
 2.607311201E+03	 1.327300049E+03
 2.611000734E+03	 1.327000000E+03
 2.614688524E+03	 1.326500000E+03
 2.618374574E+03	 1.322300049E+03
 2.622058885E+03	 1.327199951E+03
 2.625741457E+03	 1.325300049E+03
 2.629422293E+03	 1.333599976E+03
 2.633101393E+03	 1.330000000E+03
 2.636778759E+03	 1.327000000E+03
 2.640454391E+03	 1.329699951E+03
 2.644128292E+03	 1.324099976E+03
 2.647800463E+03	 1.327400024E+03
 2.651470904E+03	 1.324099976E+03
 2.655139617E+03	 1.327400024E+03
 2.658806604E+03	 1.322800049E+03
 2.662471865E+03	 1.332199951E+03
 2.666135402E+03	 1.325800049E+03
 2.669797216E+03	 1.316000000E+03
 2.673457308E+03	 1.328300049E+03
 2.677115680E+03	 1.319900024E+03
 2.680772333E+03	 1.322599976E+03
 2.684427267E+03	 1.316800049E+03
 2.688080485E+03	 1.318699951E+03
 2.691731988E+03	 1.319800049E+03
 2.695381776E+03	 1.323500000E+03
 2.699029852E+03	 1.324400024E+03
 2.702676216E+03	 1.323599976E+03
 2.706320869E+03	 1.315699951E+03
 2.709963813E+03	 1.324000000E+03
 2.713605049E+03	 1.326599976E+03
 2.717244579E+03	 1.320699951E+03
 2.720882403E+03	 1.320500000E+03
 2.724518522E+03	 1.328699951E+03
 2.728152939E+03	 1.322099976E+03
 2.731785654E+03	 1.324699951E+03
 2.735416668E+03	 1.323300049E+03
 2.739045983E+03	 1.330400024E+03
 2.742673600E+03	 1.328900024E+03
 2.746299520E+03	 1.322699951E+03
 2.749923744E+03	 1.320800049E+03
 2.753546274E+03	 1.325099976E+03
 2.757167111E+03	 1.326300049E+03
 2.760786255E+03	 1.325400024E+03
 2.764403710E+03	 1.321400024E+03
 2.768019474E+03	 1.316400024E+03
 2.771633550E+03	 1.320900024E+03
 2.775245939E+03	 1.321300049E+03
 2.778856643E+03	 1.311599976E+03
 2.782465661E+03	 1.317500000E+03
 2.786072997E+03	 1.319400024E+03
 2.789678650E+03	 1.312300049E+03
 2.793282621E+03	 1.315400024E+03
 2.796884914E+03	 1.320900024E+03
 2.800485527E+03	 1.312400024E+03
 2.804084464E+03	 1.315900024E+03
 2.807681724E+03	 1.303800049E+03
 2.811277309E+03	 1.309300049E+03
 2.814871220E+03	 1.320900024E+03
 2.818463459E+03	 1.307599976E+03
 2.822054026E+03	 1.314000000E+03
 2.825642924E+03	 1.311500000E+03
 2.829230152E+03	 1.310099976E+03
 2.832815713E+03	 1.310199951E+03
 2.836399607E+03	 1.311800049E+03
 2.839981835E+03	 1.314199951E+03
 2.843562400E+03	 1.325599976E+03
 2.847141301E+03	 1.320599976E+03
 2.850718541E+03	 1.321599976E+03
 2.854294120E+03	 1.326199951E+03
 2.857868040E+03	 1.322500000E+03
 2.861440302E+03	 1.329900024E+03
 2.865010906E+03	 1.323500000E+03
 2.868579855E+03	 1.332599976E+03
 2.872147149E+03	 1.330199951E+03
 2.875712790E+03	 1.330099976E+03
 2.879276779E+03	 1.325599976E+03
 2.882839116E+03	 1.329599976E+03
 2.886399803E+03	 1.327699951E+03
 2.889958842E+03	 1.335300049E+03
 2.893516233E+03	 1.335900024E+03
 2.897071978E+03	 1.329500000E+03
 2.900626077E+03	 1.333500000E+03
 2.904178533E+03	 1.334599976E+03
 2.907729346E+03	 1.332500000E+03
 2.911278517E+03	 1.334699951E+03
 2.914826047E+03	 1.327500000E+03
 2.918371938E+03	 1.326800049E+03
 2.921916191E+03	 1.325300049E+03
 2.925458807E+03	 1.327800049E+03
 2.928999787E+03	 1.337800049E+03
 2.932539133E+03	 1.322800049E+03
 2.936076845E+03	 1.326099976E+03
 2.939612924E+03	 1.324800049E+03
 2.943147373E+03	 1.329900024E+03
 2.946680191E+03	 1.321900024E+03
 2.950211381E+03	 1.323000000E+03
 2.953740943E+03	 1.324199951E+03
 2.957268878E+03	 1.320099976E+03
 2.960795188E+03	 1.329800049E+03
 2.964319874E+03	 1.322000000E+03
 2.967842936E+03	 1.320300049E+03
 2.971364377E+03	 1.323099976E+03
 2.974884197E+03	 1.331800049E+03
 2.978402397E+03	 1.328000000E+03
 2.981918979E+03	 1.331000000E+03
 2.985433943E+03	 1.327900024E+03
 2.988947291E+03	 1.330099976E+03
 2.992459024E+03	 1.325400024E+03
 2.995969144E+03	 1.325599976E+03
 2.999477650E+03	 1.330800049E+03
 3.002984545E+03	 1.332900024E+03
 3.006489830E+03	 1.335500000E+03
 3.009993505E+03	 1.324699951E+03
 3.013495572E+03	 1.331800049E+03
 3.016996032E+03	 1.326699951E+03
 3.020494886E+03	 1.332300049E+03
 3.023992135E+03	 1.327800049E+03
 3.027487780E+03	 1.333900024E+03
 3.030981823E+03	 1.332699951E+03
 3.034474265E+03	 1.325500000E+03
 3.037965106E+03	 1.339000000E+03
 3.041454348E+03	 1.330599976E+03
 3.044941993E+03	 1.333900024E+03
 3.048428040E+03	 1.338599976E+03
 3.051912492E+03	 1.343500000E+03
 3.055395349E+03	 1.342599976E+03
 3.058876612E+03	 1.337900024E+03
 3.062356283E+03	 1.342000000E+03
 3.065834363E+03	 1.345500000E+03
 3.069310853E+03	 1.345099976E+03
 3.072785754E+03	 1.343300049E+03
 3.076259067E+03	 1.350599976E+03
 3.079730793E+03	 1.344199951E+03
 3.083200933E+03	 1.346000000E+03
 3.086669489E+03	 1.352000000E+03
 3.090136462E+03	 1.348900024E+03
 3.093601852E+03	 1.336599976E+03
 3.097065661E+03	 1.356900024E+03
 3.100527890E+03	 1.358300049E+03
 3.103988540E+03	 1.343099976E+03
 3.107447612E+03	 1.346800049E+03
 3.110905108E+03	 1.350199951E+03
 3.114361027E+03	 1.356400024E+03
 3.117815372E+03	 1.353300049E+03
 3.121268144E+03	 1.353199951E+03
 3.124719344E+03	 1.354699951E+03
 3.128168972E+03	 1.355500000E+03
 3.131617030E+03	 1.347900024E+03
 3.135063519E+03	 1.348300049E+03
 3.138508440E+03	 1.347199951E+03
 3.141951794E+03	 1.350800049E+03
 3.145393583E+03	 1.354400024E+03
 3.148833807E+03	 1.357800049E+03
 3.152272467E+03	 1.345699951E+03
 3.155709565E+03	 1.351900024E+03
 3.159145102E+03	 1.340099976E+03
 3.162579078E+03	 1.354199951E+03
 3.166011495E+03	 1.347900024E+03
 3.169442355E+03	 1.342400024E+03
 3.172871657E+03	 1.352400024E+03
 3.176299403E+03	 1.359599976E+03
 3.179725594E+03	 1.349500000E+03
 3.183150232E+03	 1.342900024E+03
 3.186573317E+03	 1.357800049E+03
 3.189994851E+03	 1.361099976E+03
 3.193414834E+03	 1.355300049E+03
 3.196833268E+03	 1.358400024E+03
 3.200250154E+03	 1.366500000E+03
 3.203665492E+03	 1.366599976E+03
 3.207079284E+03	 1.367199951E+03
 3.210491531E+03	 1.352900024E+03
 3.213902234E+03	 1.371199951E+03
 3.217311395E+03	 1.363599976E+03
 3.220719013E+03	 1.371699951E+03
 3.224125091E+03	 1.375000000E+03
 3.227529629E+03	 1.383599976E+03
 3.230932628E+03	 1.378000000E+03
 3.234334090E+03	 1.388300049E+03
 3.237734016E+03	 1.379900024E+03
 3.241132406E+03	 1.386599976E+03
 3.244529262E+03	 1.388199951E+03
 3.247924585E+03	 1.388000000E+03
 3.251318375E+03	 1.389000000E+03
 3.254710635E+03	 1.396400024E+03
 3.258101364E+03	 1.395800049E+03
 3.261490564E+03	 1.393099976E+03
 3.264878237E+03	 1.393599976E+03
 3.268264383E+03	 1.404000000E+03
 3.271649003E+03	 1.396300049E+03
 3.275032098E+03	 1.395000000E+03
 3.278413670E+03	 1.401699951E+03
 3.281793719E+03	 1.414000000E+03
 3.285172246E+03	 1.397199951E+03
 3.288549253E+03	 1.411199951E+03
 3.291924741E+03	 1.417599976E+03
 3.295298710E+03	 1.409099976E+03
 3.298671162E+03	 1.409300049E+03
 3.302042098E+03	 1.419300049E+03
 3.305411519E+03	 1.426199951E+03
 3.308779425E+03	 1.430900024E+03
 3.312145819E+03	 1.414199951E+03
 3.315510700E+03	 1.428400024E+03
 3.318874071E+03	 1.422599976E+03
 3.322235931E+03	 1.423300049E+03
 3.325596283E+03	 1.432199951E+03
 3.328955127E+03	 1.431199951E+03
 3.332312464E+03	 1.432599976E+03
 3.335668295E+03	 1.447699951E+03
 3.339022622E+03	 1.446500000E+03
 3.342375445E+03	 1.464599976E+03
 3.345726766E+03	 1.457500000E+03
 3.349076585E+03	 1.457099976E+03
 3.352424904E+03	 1.452699951E+03
 3.355771723E+03	 1.463800049E+03
 3.359117044E+03	 1.467699951E+03
 3.362460867E+03	 1.472199951E+03
 3.365803194E+03	 1.471900024E+03
 3.369144026E+03	 1.474099976E+03
 3.372483363E+03	 1.482800049E+03
 3.375821208E+03	 1.476199951E+03
 3.379157560E+03	 1.483500000E+03
 3.382492421E+03	 1.485400024E+03
 3.385825792E+03	 1.495800049E+03
 3.389157674E+03	 1.498800049E+03
 3.392488068E+03	 1.492099976E+03
 3.395816975E+03	 1.511500000E+03
 3.399144396E+03	 1.511099976E+03
 3.402470332E+03	 1.515099976E+03
 3.405794785E+03	 1.516800049E+03
 3.409117754E+03	 1.524800049E+03
 3.412439242E+03	 1.516900024E+03
 3.415759248E+03	 1.520099976E+03
 3.419077775E+03	 1.533900024E+03
 3.422394824E+03	 1.531900024E+03
 3.425710394E+03	 1.532400024E+03
 3.429024488E+03	 1.532400024E+03
 3.432337107E+03	 1.536099976E+03
 3.435648250E+03	 1.537099976E+03
 3.438957921E+03	 1.541500000E+03
 3.442266118E+03	 1.551699951E+03
 3.445572844E+03	 1.566099976E+03
 3.448878100E+03	 1.562099976E+03
 3.452181886E+03	 1.563599976E+03
 3.455484203E+03	 1.568400024E+03
 3.458785053E+03	 1.572800049E+03
 3.462084437E+03	 1.578199951E+03
 3.465382355E+03	 1.580500000E+03
 3.468678809E+03	 1.582300049E+03
 3.471973800E+03	 1.583400024E+03
 3.475267328E+03	 1.605599976E+03
 3.478559395E+03	 1.596000000E+03
 3.481850002E+03	 1.601599976E+03
 3.485139149E+03	 1.610300049E+03
 3.488426838E+03	 1.608199951E+03
 3.491713070E+03	 1.620800049E+03
 3.494997845E+03	 1.629699951E+03
 3.498281165E+03	 1.626400024E+03
 3.501563031E+03	 1.626500000E+03
 3.504843444E+03	 1.634800049E+03
 3.508122405E+03	 1.635300049E+03
 3.511399914E+03	 1.638500000E+03
 3.514675974E+03	 1.636099976E+03
 3.517950584E+03	 1.652900024E+03
 3.521223746E+03	 1.640099976E+03
 3.524495461E+03	 1.662400024E+03
 3.527765730E+03	 1.647800049E+03
 3.531034554E+03	 1.667199951E+03
 3.534301933E+03	 1.667000000E+03
 3.537567870E+03	 1.662400024E+03
 3.540832364E+03	 1.658699951E+03
 3.544095418E+03	 1.683199951E+03
 3.547357031E+03	 1.679699951E+03
 3.550617205E+03	 1.695900024E+03
 3.553875941E+03	 1.688199951E+03
 3.557133241E+03	 1.680199951E+03
 3.560389104E+03	 1.675800049E+03
 3.563643532E+03	 1.682699951E+03
 3.566896526E+03	 1.686000000E+03
 3.570148087E+03	 1.686000000E+03
 3.573398216E+03	 1.681000000E+03
 3.576646914E+03	 1.682199951E+03
 3.579894182E+03	 1.676400024E+03
 3.583140021E+03	 1.682599976E+03
 3.586384432E+03	 1.677000000E+03
 3.589627416E+03	 1.672199951E+03
 3.592868974E+03	 1.667500000E+03
 3.596109107E+03	 1.656900024E+03
 3.599347816E+03	 1.660900024E+03
 3.602585102E+03	 1.654099976E+03
 3.605820966E+03	 1.651599976E+03
 3.609055409E+03	 1.642900024E+03
 3.612288432E+03	 1.625099976E+03
 3.615520035E+03	 1.620800049E+03
 3.618750221E+03	 1.608400024E+03
 3.621978990E+03	 1.605400024E+03
 3.625206343E+03	 1.577800049E+03
 3.628432281E+03	 1.565099976E+03
 3.631656805E+03	 1.540300049E+03
 3.634879915E+03	 1.535500000E+03
 3.638101614E+03	 1.527800049E+03
 3.641321902E+03	 1.499800049E+03
 3.644540780E+03	 1.476699951E+03
 3.647758248E+03	 1.467599976E+03
 3.650974309E+03	 1.450099976E+03
 3.654188962E+03	 1.438800049E+03
 3.657402210E+03	 1.412800049E+03
 3.660614052E+03	 1.394699951E+03
 3.663824491E+03	 1.373400024E+03
 3.667033526E+03	 1.361900024E+03
 3.670241159E+03	 1.349599976E+03
 3.673447391E+03	 1.335000000E+03
 3.676652223E+03	 1.325400024E+03
 3.679855656E+03	 1.310500000E+03
 3.683057691E+03	 1.304199951E+03
 3.686258328E+03	 1.280300049E+03
 3.689457570E+03	 1.283099976E+03
 3.692655416E+03	 1.272300049E+03
 3.695851868E+03	 1.262300049E+03
 3.699046927E+03	 1.262300049E+03
 3.702240594E+03	 1.252800049E+03
 3.705432870E+03	 1.253400024E+03
 3.708623755E+03	 1.246900024E+03
 3.711813251E+03	 1.237800049E+03
 3.715001359E+03	 1.247800049E+03
 3.718188080E+03	 1.239800049E+03
 3.721373415E+03	 1.230099976E+03
 3.724557364E+03	 1.224400024E+03
 3.727739929E+03	 1.221300049E+03
 3.730921111E+03	 1.213800049E+03
 3.734100910E+03	 1.216300049E+03
 3.737279329E+03	 1.213699951E+03
 3.740456367E+03	 1.207000000E+03
 3.743632025E+03	 1.222800049E+03
 3.746806305E+03	 1.208699951E+03
 3.749979208E+03	 1.214900024E+03
 3.753150735E+03	 1.207699951E+03
 3.756320886E+03	 1.208699951E+03
 3.759489663E+03	 1.202099976E+03
 3.762657067E+03	 1.206800049E+03
 3.765823098E+03	 1.197900024E+03
 3.768987757E+03	 1.196500000E+03
 3.772151047E+03	 1.204800049E+03
 3.775312966E+03	 1.204000000E+03
 3.778473518E+03	 1.203000000E+03
 3.781632702E+03	 1.200500000E+03
 3.784790519E+03	 1.205000000E+03
 3.787946971E+03	 1.201300049E+03
 3.791102058E+03	 1.193500000E+03
 3.794255782E+03	 1.191699951E+03
 3.797408144E+03	 1.193199951E+03
 3.800559144E+03	 1.195300049E+03
 3.803708783E+03	 1.193500000E+03
 3.806857062E+03	 1.195800049E+03
 3.810003984E+03	 1.186099976E+03
 3.813149547E+03	 1.195699951E+03
 3.816293754E+03	 1.195000000E+03
 3.819436605E+03	 1.202500000E+03
 3.822578102E+03	 1.184900024E+03
 3.825718245E+03	 1.193599976E+03
 3.828857035E+03	 1.185400024E+03
 3.831994474E+03	 1.187300049E+03
 3.835130562E+03	 1.181699951E+03
 3.838265300E+03	 1.193599976E+03
 3.841398689E+03	 1.188199951E+03
 3.844530731E+03	 1.181000000E+03
 3.847661426E+03	 1.190199951E+03
 3.850790775E+03	 1.189099976E+03
 3.853918780E+03	 1.186900024E+03
 3.857045440E+03	 1.190400024E+03
 3.860170758E+03	 1.186199951E+03
 3.863294734E+03	 1.179800049E+03
 3.866417369E+03	 1.178199951E+03
 3.869538665E+03	 1.193500000E+03
 3.872658621E+03	 1.186800049E+03
 3.875777240E+03	 1.179900024E+03
 3.878894522E+03	 1.180099976E+03
 3.882010468E+03	 1.183099976E+03
 3.885125078E+03	 1.189800049E+03
 3.888238356E+03	 1.183099976E+03
 3.891350300E+03	 1.181500000E+03
 3.894460912E+03	 1.181500000E+03
 3.897570193E+03	 1.178699951E+03
 3.900678144E+03	 1.176000000E+03
 3.903784767E+03	 1.173199951E+03
 3.906890061E+03	 1.181099976E+03
 3.909994028E+03	 1.175199951E+03
 3.913096669E+03	 1.178199951E+03
 3.916197986E+03	 1.176300049E+03
 3.919297978E+03	 1.166800049E+03
 3.922396647E+03	 1.173800049E+03
 3.925493994E+03	 1.173699951E+03
 3.928590020E+03	 1.166300049E+03
 3.931684726E+03	 1.168500000E+03
 3.934778113E+03	 1.167199951E+03
 3.937870182E+03	 1.175199951E+03
 3.940960934E+03	 1.173400024E+03
 3.944050369E+03	 1.168699951E+03
 3.947138490E+03	 1.158300049E+03
 3.950225296E+03	 1.156199951E+03
 3.953310789E+03	 1.172500000E+03
 3.956394970E+03	 1.165099976E+03
 3.959477840E+03	 1.159300049E+03
 3.962559400E+03	 1.167199951E+03
 3.965639650E+03	 1.164400024E+03
 3.968718593E+03	 1.163699951E+03
 3.971796228E+03	 1.164699951E+03
 3.974872557E+03	 1.170099976E+03
 3.977947581E+03	 1.165000000E+03
 3.981021301E+03	 1.161500000E+03
 3.984093717E+03	 1.156900024E+03
 3.987164831E+03	 1.158199951E+03
 3.990234644E+03	 1.157000000E+03
 3.993303157E+03	 1.160699951E+03
 3.996370371E+03	 1.164199951E+03
 3.999436286E+03	 1.164000000E+03
 4.002500904E+03	 1.161400024E+03
 4.005564226E+03	 1.156400024E+03
 4.008626253E+03	 1.151099976E+03
 4.011686985E+03	 1.159199951E+03
 4.014746424E+03	 1.159500000E+03
 4.017804571E+03	 1.165400024E+03
 4.020861427E+03	 1.156599976E+03
 4.023916992E+03	 1.153599976E+03
 4.026971269E+03	 1.156699951E+03
 4.030024257E+03	 1.152400024E+03
 4.033075957E+03	 1.154500000E+03
 4.036126372E+03	 1.151000000E+03
 4.039175501E+03	 1.150199951E+03
 4.042223346E+03	 1.145900024E+03
 4.045269908E+03	 1.145500000E+03
