 1.042555005E+03	 8.598000000E+03
 1.043121438E+03	 8.634000000E+03
 1.043687813E+03	 8.522000000E+03
 1.044254131E+03	 8.670000000E+03
 1.044820391E+03	 8.747000000E+03
 1.045386593E+03	 8.618000000E+03
 1.045952737E+03	 8.574000000E+03
 1.046518824E+03	 8.585000000E+03
 1.047084853E+03	 8.492000000E+03
 1.047650824E+03	 8.586000000E+03
 1.048216738E+03	 8.574000000E+03
 1.048782593E+03	 8.545000000E+03
 1.049348392E+03	 8.539000000E+03
 1.049914132E+03	 8.563000000E+03
 1.050479815E+03	 8.503000000E+03
 1.051045440E+03	 8.525000000E+03
 1.051611007E+03	 8.540000000E+03
 1.052176517E+03	 8.424000000E+03
 1.052741968E+03	 8.513000000E+03
 1.053307363E+03	 8.509000000E+03
 1.053872699E+03	 8.467000000E+03
 1.054437978E+03	 8.524000000E+03
 1.055003199E+03	 8.526000000E+03
 1.055568363E+03	 8.509000000E+03
 1.056133469E+03	 8.481000000E+03
 1.056698517E+03	 8.544000000E+03
 1.057263508E+03	 8.396000000E+03
 1.057828440E+03	 8.463000000E+03
 1.058393316E+03	 8.524000000E+03
 1.058958133E+03	 8.438000000E+03
 1.059522893E+03	 8.492000000E+03
 1.060087596E+03	 8.456000000E+03
 1.060652241E+03	 8.499000000E+03
 1.061216828E+03	 8.435000000E+03
 1.061781357E+03	 8.477000000E+03
 1.062345829E+03	 8.341000000E+03
 1.062910243E+03	 8.449000000E+03
 1.063474600E+03	 8.339000000E+03
 1.064038899E+03	 8.286000000E+03
 1.064603140E+03	 8.433000000E+03
 1.065167324E+03	 8.454000000E+03
 1.065731451E+03	 8.456000000E+03
 1.066295519E+03	 8.425000000E+03
 1.066859530E+03	 8.406000000E+03
 1.067423484E+03	 8.397000000E+03
 1.067987380E+03	 8.372000000E+03
 1.068551218E+03	 8.503000000E+03
 1.069114999E+03	 8.354000000E+03
 1.069678722E+03	 8.425000000E+03
 1.070242388E+03	 8.369000000E+03
 1.070805996E+03	 8.266000000E+03
 1.071369546E+03	 8.326000000E+03
 1.071933039E+03	 8.433000000E+03
 1.072496475E+03	 8.315000000E+03
 1.073059853E+03	 8.293000000E+03
 1.073623173E+03	 8.309000000E+03
 1.074186436E+03	 8.454000000E+03
 1.074749641E+03	 8.280000000E+03
 1.075312789E+03	 8.454000000E+03
 1.075875879E+03	 8.375000000E+03
 1.076438912E+03	 8.350000000E+03
 1.077001887E+03	 8.367000000E+03
 1.077564805E+03	 8.325000000E+03
 1.078127665E+03	 8.363000000E+03
 1.078690468E+03	 8.349000000E+03
 1.079253213E+03	 8.365000000E+03
 1.079815901E+03	 8.282000000E+03
 1.080378531E+03	 8.216000000E+03
 1.080941104E+03	 8.412000000E+03
 1.081503620E+03	 8.307000000E+03
 1.082066077E+03	 8.334000000E+03
 1.082628478E+03	 8.186000000E+03
 1.083190821E+03	 8.192000000E+03
 1.083753106E+03	 8.219000000E+03
 1.084315334E+03	 8.171000000E+03
 1.084877505E+03	 8.228000000E+03
 1.085439618E+03	 8.244000000E+03
 1.086001673E+03	 8.123000000E+03
 1.086563671E+03	 8.148000000E+03
 1.087125612E+03	 8.160000000E+03
 1.087687495E+03	 8.131000000E+03
 1.088249321E+03	 8.153000000E+03
 1.088811090E+03	 8.137000000E+03
 1.089372801E+03	 8.122000000E+03
 1.089934454E+03	 8.117000000E+03
 1.090496050E+03	 8.102000000E+03
 1.091057589E+03	 8.113000000E+03
 1.091619071E+03	 8.020000000E+03
 1.092180495E+03	 8.151000000E+03
 1.092741861E+03	 8.112000000E+03
 1.093303170E+03	 7.958000000E+03
 1.093864422E+03	 8.025000000E+03
 1.094425616E+03	 8.079000000E+03
 1.094986753E+03	 7.998000000E+03
 1.095547833E+03	 7.984000000E+03
 1.096108855E+03	 7.994000000E+03
 1.096669820E+03	 8.015000000E+03
 1.097230728E+03	 8.063000000E+03
 1.097791578E+03	 8.061000000E+03
 1.098352370E+03	 8.099000000E+03
 1.098913106E+03	 8.024000000E+03
 1.099473784E+03	 8.029000000E+03
 1.100034405E+03	 8.094000000E+03
 1.100594968E+03	 8.036000000E+03
 1.101155474E+03	 7.990000000E+03
 1.101715923E+03	 7.873000000E+03
 1.102276314E+03	 7.953000000E+03
 1.102836648E+03	 8.001000000E+03
 1.103396925E+03	 7.937000000E+03
 1.103957144E+03	 7.747000000E+03
 1.104517306E+03	 7.972000000E+03
 1.105077411E+03	 7.872000000E+03
 1.105637459E+03	 8.021000000E+03
 1.106197449E+03	 7.835000000E+03
 1.106757382E+03	 7.954000000E+03
 1.107317257E+03	 7.850000000E+03
 1.107877075E+03	 7.845000000E+03
 1.108436836E+03	 7.925000000E+03
 1.108996540E+03	 7.938000000E+03
 1.109556187E+03	 7.729000000E+03
 1.110115776E+03	 7.912000000E+03
 1.110675308E+03	 7.849000000E+03
 1.111234782E+03	 7.862000000E+03
 1.111794200E+03	 7.880000000E+03
 1.112353560E+03	 7.846000000E+03
 1.112912862E+03	 7.839000000E+03
 1.113472108E+03	 7.888000000E+03
 1.114031296E+03	 7.745000000E+03
 1.114590427E+03	 7.855000000E+03
 1.115149501E+03	 7.884000000E+03
 1.115708518E+03	 7.882000000E+03
 1.116267477E+03	 7.764000000E+03
 1.116826379E+03	 7.859000000E+03
 1.117385224E+03	 7.880000000E+03
 1.117944012E+03	 7.893000000E+03
 1.118502743E+03	 7.891000000E+03
 1.119061416E+03	 7.802000000E+03
 1.119620032E+03	 7.650000000E+03
 1.120178591E+03	 7.739000000E+03
 1.120737092E+03	 7.652000000E+03
 1.121295537E+03	 7.785000000E+03
 1.121853924E+03	 7.759000000E+03
 1.122412254E+03	 7.739000000E+03
 1.122970527E+03	 7.583000000E+03
 1.123528743E+03	 7.804000000E+03
 1.124086901E+03	 7.654000000E+03
 1.124645003E+03	 7.725000000E+03
 1.125203047E+03	 7.644000000E+03
 1.125761034E+03	 7.679000000E+03
 1.126318964E+03	 7.622000000E+03
 1.126876836E+03	 7.758000000E+03
 1.127434652E+03	 7.616000000E+03
 1.127992410E+03	 7.742000000E+03
 1.128550112E+03	 7.575000000E+03
 1.129107756E+03	 7.642000000E+03
 1.129665343E+03	 7.570000000E+03
 1.130222873E+03	 7.732000000E+03
 1.130780345E+03	 7.620000000E+03
 1.131337761E+03	 7.691000000E+03
 1.131895119E+03	 7.553000000E+03
 1.132452421E+03	 7.755000000E+03
 1.133009665E+03	 7.566000000E+03
 1.133566852E+03	 7.623000000E+03
 1.134123982E+03	 7.707000000E+03
 1.134681055E+03	 7.711000000E+03
 1.135238071E+03	 7.595000000E+03
 1.135795030E+03	 7.616000000E+03
 1.136351931E+03	 7.643000000E+03
 1.136908776E+03	 7.606000000E+03
 1.137465563E+03	 7.619000000E+03
 1.138022294E+03	 7.553000000E+03
 1.138578967E+03	 7.606000000E+03
 1.139135583E+03	 7.627000000E+03
 1.139692142E+03	 7.568000000E+03
 1.140248645E+03	 7.647000000E+03
 1.140805090E+03	 7.646000000E+03
 1.141361478E+03	 7.527000000E+03
 1.141917809E+03	 7.706000000E+03
 1.142474083E+03	 7.467000000E+03
 1.143030299E+03	 7.612000000E+03
 1.143586459E+03	 7.616000000E+03
 1.144142562E+03	 7.642000000E+03
 1.144698608E+03	 7.655000000E+03
 1.145254596E+03	 7.595000000E+03
 1.145810528E+03	 7.575000000E+03
 1.146366403E+03	 7.621000000E+03
 1.146922221E+03	 7.553000000E+03
 1.147477981E+03	 7.676000000E+03
 1.148033685E+03	 7.581000000E+03
 1.148589332E+03	 7.692000000E+03
 1.149144921E+03	 7.543000000E+03
 1.149700454E+03	 7.595000000E+03
 1.150255929E+03	 7.595000000E+03
 1.150811348E+03	 7.681000000E+03
 1.151366710E+03	 7.674000000E+03
 1.151922014E+03	 7.669000000E+03
 1.152477262E+03	 7.568000000E+03
 1.153032453E+03	 7.652000000E+03
 1.153587587E+03	 7.545000000E+03
 1.154142664E+03	 7.523000000E+03
 1.154697683E+03	 7.488000000E+03
 1.155252646E+03	 7.612000000E+03
 1.155807552E+03	 7.485000000E+03
 1.156362401E+03	 7.573000000E+03
 1.156917193E+03	 7.610000000E+03
 1.157471928E+03	 7.572000000E+03
 1.158026607E+03	 7.609000000E+03
 1.158581228E+03	 7.636000000E+03
 1.159135792E+03	 7.527000000E+03
 1.159690299E+03	 7.613000000E+03
 1.160244750E+03	 7.544000000E+03
 1.160799143E+03	 7.493000000E+03
 1.161353480E+03	 7.474000000E+03
 1.161907760E+03	 7.599000000E+03
 1.162461983E+03	 7.445000000E+03
 1.163016149E+03	 7.694000000E+03
 1.163570258E+03	 7.542000000E+03
 1.164124310E+03	 7.624000000E+03
 1.164678305E+03	 7.542000000E+03
 1.165232243E+03	 7.582000000E+03
 1.165786125E+03	 7.550000000E+03
 1.166339949E+03	 7.578000000E+03
 1.166893717E+03	 7.431000000E+03
 1.167447428E+03	 7.534000000E+03
 1.168001082E+03	 7.425000000E+03
 1.168554679E+03	 7.441000000E+03
 1.169108219E+03	 7.484000000E+03
 1.169661702E+03	 7.450000000E+03
 1.170215129E+03	 7.478000000E+03
 1.170768498E+03	 7.490000000E+03
 1.171321811E+03	 7.447000000E+03
 1.171875067E+03	 7.457000000E+03
 1.172428266E+03	 7.453000000E+03
 1.172981409E+03	 7.453000000E+03
 1.173534494E+03	 7.425000000E+03
 1.174087523E+03	 7.410000000E+03
 1.174640495E+03	 7.485000000E+03
 1.175193410E+03	 7.519000000E+03
 1.175746268E+03	 7.445000000E+03
 1.176299069E+03	 7.402000000E+03
 1.176851814E+03	 7.470000000E+03
 1.177404501E+03	 7.474000000E+03
 1.177957132E+03	 7.559000000E+03
 1.178509707E+03	 7.436000000E+03
 1.179062224E+03	 7.474000000E+03
 1.179614685E+03	 7.424000000E+03
 1.180167088E+03	 7.333000000E+03
 1.180719435E+03	 7.367000000E+03
 1.181271726E+03	 7.405000000E+03
 1.181823959E+03	 7.523000000E+03
 1.182376136E+03	 7.436000000E+03
 1.182928256E+03	 7.426000000E+03
 1.183480319E+03	 7.362000000E+03
 1.184032325E+03	 7.406000000E+03
 1.184584275E+03	 7.439000000E+03
 1.185136168E+03	 7.414000000E+03
 1.185688004E+03	 7.454000000E+03
 1.186239784E+03	 7.381000000E+03
 1.186791506E+03	 7.354000000E+03
 1.187343172E+03	 7.348000000E+03
 1.187894781E+03	 7.501000000E+03
 1.188446334E+03	 7.341000000E+03
 1.188997830E+03	 7.405000000E+03
 1.189549269E+03	 7.387000000E+03
 1.190100651E+03	 7.407000000E+03
 1.190651977E+03	 7.360000000E+03
 1.191203246E+03	 7.376000000E+03
 1.191754458E+03	 7.285000000E+03
 1.192305613E+03	 7.438000000E+03
 1.192856712E+03	 7.299000000E+03
 1.193407754E+03	 7.344000000E+03
 1.193958740E+03	 7.367000000E+03
 1.194509669E+03	 7.338000000E+03
 1.195060541E+03	 7.276000000E+03
 1.195611356E+03	 7.323000000E+03
 1.196162115E+03	 7.326000000E+03
 1.196712817E+03	 7.342000000E+03
 1.197263462E+03	 7.382000000E+03
 1.197814051E+03	 7.351000000E+03
 1.198364583E+03	 7.232000000E+03
 1.198915058E+03	 7.287000000E+03
 1.199465477E+03	 7.305000000E+03
 1.200015839E+03	 7.256000000E+03
 1.200566145E+03	 7.187000000E+03
 1.201116394E+03	 7.197000000E+03
 1.201666586E+03	 7.193000000E+03
 1.202216721E+03	 7.241000000E+03
 1.202766800E+03	 7.237000000E+03
 1.203316823E+03	 7.246000000E+03
 1.203866788E+03	 7.166000000E+03
 1.204416697E+03	 7.134000000E+03
 1.204966550E+03	 7.235000000E+03
 1.205516346E+03	 7.183000000E+03
 1.206066085E+03	 7.248000000E+03
 1.206615768E+03	 7.173000000E+03
 1.207165394E+03	 7.112000000E+03
 1.207714963E+03	 7.302000000E+03
 1.208264476E+03	 7.101000000E+03
 1.208813932E+03	 7.185000000E+03
 1.209363332E+03	 7.170000000E+03
 1.209912675E+03	 7.091000000E+03
 1.210461962E+03	 7.163000000E+03
 1.211011192E+03	 7.143000000E+03
 1.211560365E+03	 7.110000000E+03
 1.212109482E+03	 7.110000000E+03
 1.212658542E+03	 7.075000000E+03
 1.213207546E+03	 7.151000000E+03
 1.213756493E+03	 7.127000000E+03
 1.214305384E+03	 7.054000000E+03
 1.214854218E+03	 7.136000000E+03
 1.215402995E+03	 7.182000000E+03
 1.215951716E+03	 7.078000000E+03
 1.216500381E+03	 7.136000000E+03
 1.217048989E+03	 7.083000000E+03
 1.217597540E+03	 7.166000000E+03
 1.218146035E+03	 7.050000000E+03
 1.218694473E+03	 6.986000000E+03
 1.219242855E+03	 7.157000000E+03
 1.219791180E+03	 7.083000000E+03
 1.220339449E+03	 7.099000000E+03
 1.220887662E+03	 7.046000000E+03
 1.221435817E+03	 7.096000000E+03
 1.221983917E+03	 7.063000000E+03
 1.222531959E+03	 7.090000000E+03
 1.223079946E+03	 7.102000000E+03
 1.223627876E+03	 7.105000000E+03
 1.224175749E+03	 7.091000000E+03
 1.224723566E+03	 7.082000000E+03
 1.225271326E+03	 7.114000000E+03
 1.225819030E+03	 7.043000000E+03
 1.226366678E+03	 7.059000000E+03
 1.226914269E+03	 6.970000000E+03
 1.227461803E+03	 7.067000000E+03
 1.228009281E+03	 7.131000000E+03
 1.228556703E+03	 7.105000000E+03
 1.229104068E+03	 6.929000000E+03
 1.229651377E+03	 6.994000000E+03
 1.230198629E+03	 6.962000000E+03
 1.230745825E+03	 7.104000000E+03
 1.231292965E+03	 7.146000000E+03
 1.231840048E+03	 7.166000000E+03
 1.232387074E+03	 7.013000000E+03
 1.232934044E+03	 7.078000000E+03
 1.233480958E+03	 7.022000000E+03
 1.234027815E+03	 7.020000000E+03
 1.234574616E+03	 6.954000000E+03
 1.235121361E+03	 6.976000000E+03
 1.235668049E+03	 6.998000000E+03
 1.236214681E+03	 6.886000000E+03
 1.236761256E+03	 6.971000000E+03
 1.237307775E+03	 7.029000000E+03
 1.237854237E+03	 6.899000000E+03
 1.238400643E+03	 6.975000000E+03
 1.238946993E+03	 6.979000000E+03
 1.239493287E+03	 6.867000000E+03
 1.240039524E+03	 6.860000000E+03
 1.240585704E+03	 6.888000000E+03
 1.241131828E+03	 6.955000000E+03
 1.241677896E+03	 6.820000000E+03
 1.242223908E+03	 6.882000000E+03
 1.242769863E+03	 6.980000000E+03
 1.243315762E+03	 6.964000000E+03
 1.243861604E+03	 6.868000000E+03
 1.244407390E+03	 6.949000000E+03
 1.244953120E+03	 6.905000000E+03
 1.245498794E+03	 6.917000000E+03
 1.246044411E+03	 6.832000000E+03
 1.246589972E+03	 6.904000000E+03
 1.247135476E+03	 7.008000000E+03
 1.247680924E+03	 6.895000000E+03
 1.248226316E+03	 6.957000000E+03
 1.248771652E+03	 6.829000000E+03
 1.249316931E+03	 6.786000000E+03
 1.249862154E+03	 6.913000000E+03
 1.250407320E+03	 6.866000000E+03
 1.250952430E+03	 6.787000000E+03
 1.251497484E+03	 6.836000000E+03
 1.252042482E+03	 6.892000000E+03
 1.252587423E+03	 6.934000000E+03
 1.253132309E+03	 6.732000000E+03
 1.253677137E+03	 6.864000000E+03
 1.254221910E+03	 6.781000000E+03
 1.254766626E+03	 6.752000000E+03
 1.255311286E+03	 6.807000000E+03
 1.255855890E+03	 6.776000000E+03
 1.256400437E+03	 6.820000000E+03
 1.256944929E+03	 6.806000000E+03
 1.257489363E+03	 6.859000000E+03
 1.258033742E+03	 6.818000000E+03
 1.258578065E+03	 6.836000000E+03
 1.259122331E+03	 6.878000000E+03
 1.259666541E+03	 6.820000000E+03
 1.260210694E+03	 6.831000000E+03
 1.260754792E+03	 6.778000000E+03
 1.261298833E+03	 6.823000000E+03
 1.261842818E+03	 6.820000000E+03
 1.262386747E+03	 6.945000000E+03
 1.262930619E+03	 6.850000000E+03
 1.263474436E+03	 6.836000000E+03
 1.264018196E+03	 6.780000000E+03
 1.264561900E+03	 6.680000000E+03
 1.265105548E+03	 6.806000000E+03
 1.265649139E+03	 6.858000000E+03
 1.266192674E+03	 6.795000000E+03
 1.266736154E+03	 6.835000000E+03
 1.267279576E+03	 6.819000000E+03
 1.267822943E+03	 6.692000000E+03
 1.268366254E+03	 6.788000000E+03
 1.268909508E+03	 6.750000000E+03
 1.269452706E+03	 6.767000000E+03
 1.269995848E+03	 6.707000000E+03
 1.270538934E+03	 6.676000000E+03
 1.271081964E+03	 6.685000000E+03
 1.271624937E+03	 6.694000000E+03
 1.272167855E+03	 6.703000000E+03
 1.272710716E+03	 6.747000000E+03
 1.273253521E+03	 6.828000000E+03
 1.273796270E+03	 6.726000000E+03
 1.274338962E+03	 6.708000000E+03
 1.274881599E+03	 6.716000000E+03
 1.275424180E+03	 6.611000000E+03
 1.275966704E+03	 6.575000000E+03
 1.276509172E+03	 6.714000000E+03
 1.277051584E+03	 6.699000000E+03
 1.277593940E+03	 6.744000000E+03
 1.278136240E+03	 6.653000000E+03
 1.278678484E+03	 6.644000000E+03
 1.279220671E+03	 6.714000000E+03
 1.279762803E+03	 6.723000000E+03
 1.280304878E+03	 6.714000000E+03
 1.280846897E+03	 6.641000000E+03
 1.281388861E+03	 6.696000000E+03
 1.281930768E+03	 6.642000000E+03
 1.282472619E+03	 6.569000000E+03
 1.283014414E+03	 6.671000000E+03
 1.283556152E+03	 6.635000000E+03
 1.284097835E+03	 6.650000000E+03
 1.284639462E+03	 6.696000000E+03
 1.285181032E+03	 6.763000000E+03
 1.285722547E+03	 6.790000000E+03
 1.286264005E+03	 6.684000000E+03
 1.286805408E+03	 6.628000000E+03
 1.287346754E+03	 6.567000000E+03
 1.287888044E+03	 6.574000000E+03
 1.288429278E+03	 6.581000000E+03
 1.288970457E+03	 6.551000000E+03
 1.289511579E+03	 6.578000000E+03
 1.290052645E+03	 6.531000000E+03
 1.290593655E+03	 6.561000000E+03
 1.291134609E+03	 6.585000000E+03
 1.291675507E+03	 6.651000000E+03
 1.292216349E+03	 6.566000000E+03
 1.292757135E+03	 6.612000000E+03
 1.293297865E+03	 6.605000000E+03
 1.293838539E+03	 6.612000000E+03
 1.294379156E+03	 6.568000000E+03
 1.294919718E+03	 6.512000000E+03
 1.295460224E+03	 6.565000000E+03
 1.296000674E+03	 6.598000000E+03
 1.296541068E+03	 6.565000000E+03
 1.297081406E+03	 6.572000000E+03
 1.297621688E+03	 6.568000000E+03
 1.298161913E+03	 6.517000000E+03
 1.298702083E+03	 6.556000000E+03
 1.299242197E+03	 6.586000000E+03
 1.299782255E+03	 6.609000000E+03
 1.300322257E+03	 6.430000000E+03
 1.300862203E+03	 6.616000000E+03
 1.301402093E+03	 6.477000000E+03
 1.301941927E+03	 6.589000000E+03
 1.302481705E+03	 6.446000000E+03
 1.303021427E+03	 6.448000000E+03
 1.303561094E+03	 6.470000000E+03
 1.304100704E+03	 6.566000000E+03
 1.304640258E+03	 6.512000000E+03
 1.305179756E+03	 6.450000000E+03
 1.305719199E+03	 6.473000000E+03
 1.306258585E+03	 6.458000000E+03
 1.306797916E+03	 6.526000000E+03
 1.307337190E+03	 6.400000000E+03
 1.307876409E+03	 6.434000000E+03
 1.308415572E+03	 6.520000000E+03
 1.308954679E+03	 6.453000000E+03
 1.309493730E+03	 6.494000000E+03
 1.310032725E+03	 6.458000000E+03
 1.310571664E+03	 6.405000000E+03
 1.311110547E+03	 6.435000000E+03
 1.311649374E+03	 6.373000000E+03
 1.312188146E+03	 6.408000000E+03
 1.312726861E+03	 6.427000000E+03
 1.313265521E+03	 6.457000000E+03
 1.313804125E+03	 6.353000000E+03
 1.314342672E+03	 6.450000000E+03
 1.314881164E+03	 6.486000000E+03
 1.315419601E+03	 6.425000000E+03
 1.315957981E+03	 6.416000000E+03
 1.316496305E+03	 6.397000000E+03
 1.317034574E+03	 6.396000000E+03
 1.317572786E+03	 6.375000000E+03
 1.318110943E+03	 6.404000000E+03
 1.318649044E+03	 6.383000000E+03
 1.319187089E+03	 6.372000000E+03
 1.319725078E+03	 6.409000000E+03
 1.320263012E+03	 6.344000000E+03
 1.320800889E+03	 6.394000000E+03
 1.321338711E+03	 6.283000000E+03
 1.321876477E+03	 6.334000000E+03
 1.322414187E+03	 6.398000000E+03
 1.322951841E+03	 6.253000000E+03
 1.323489439E+03	 6.394000000E+03
 1.324026982E+03	 6.261000000E+03
 1.324564469E+03	 6.388000000E+03
 1.325101899E+03	 6.304000000E+03
 1.325639275E+03	 6.322000000E+03
 1.326176594E+03	 6.263000000E+03
 1.326713857E+03	 6.374000000E+03
 1.327251065E+03	 6.277000000E+03
 1.327788217E+03	 6.335000000E+03
 1.328325313E+03	 6.398000000E+03
 1.328862353E+03	 6.364000000E+03
 1.329399338E+03	 6.334000000E+03
 1.329936267E+03	 6.300000000E+03
 1.330473140E+03	 6.325000000E+03
 1.331009957E+03	 6.193000000E+03
 1.331546718E+03	 6.300000000E+03
 1.332083424E+03	 6.288000000E+03
 1.332620074E+03	 6.293000000E+03
 1.333156668E+03	 6.274000000E+03
 1.333693207E+03	 6.275000000E+03
 1.334229689E+03	 6.353000000E+03
 1.334766116E+03	 6.223000000E+03
 1.335302487E+03	 6.290000000E+03
 1.335838803E+03	 6.263000000E+03
 1.336375062E+03	 6.386000000E+03
 1.336911266E+03	 6.288000000E+03
 1.337447414E+03	 6.278000000E+03
 1.337983507E+03	 6.302000000E+03
 1.338519543E+03	 6.298000000E+03
 1.339055524E+03	 6.244000000E+03
 1.339591450E+03	 6.264000000E+03
 1.340127319E+03	 6.355000000E+03
 1.340663133E+03	 6.284000000E+03
 1.341198891E+03	 6.215000000E+03
 1.341734594E+03	 6.216000000E+03
 1.342270240E+03	 6.260000000E+03
 1.342805831E+03	 6.235000000E+03
 1.343341367E+03	 6.244000000E+03
 1.343876846E+03	 6.233000000E+03
 1.344412270E+03	 6.275000000E+03
 1.344947639E+03	 6.181000000E+03
 1.345482951E+03	 6.195000000E+03
 1.346018208E+03	 6.161000000E+03
 1.346553409E+03	 6.278000000E+03
 1.347088555E+03	 6.247000000E+03
 1.347623645E+03	 6.197000000E+03
 1.348158679E+03	 6.243000000E+03
 1.348693658E+03	 6.193000000E+03
 1.349228580E+03	 6.124000000E+03
 1.349763448E+03	 6.176000000E+03
 1.350298259E+03	 6.257000000E+03
 1.350833015E+03	 6.169000000E+03
 1.351367716E+03	 6.181000000E+03
 1.351902360E+03	 6.206000000E+03
 1.352436949E+03	 6.216000000E+03
 1.352971483E+03	 6.112000000E+03
 1.353505960E+03	 6.071000000E+03
 1.354040383E+03	 6.153000000E+03
 1.354574749E+03	 6.231000000E+03
 1.355109060E+03	 6.207000000E+03
 1.355643315E+03	 6.010000000E+03
 1.356177515E+03	 6.199000000E+03
 1.356711659E+03	 6.109000000E+03
 1.357245747E+03	 6.100000000E+03
 1.357779780E+03	 6.114000000E+03
 1.358313757E+03	 6.115000000E+03
 1.358847679E+03	 6.097000000E+03
 1.359381545E+03	 6.155000000E+03
 1.359915356E+03	 6.079000000E+03
 1.360449110E+03	 6.099000000E+03
 1.360982810E+03	 6.102000000E+03
 1.361516453E+03	 6.023000000E+03
 1.362050042E+03	 6.066000000E+03
 1.362583574E+03	 6.170000000E+03
 1.363117051E+03	 6.152000000E+03
 1.363650473E+03	 6.035000000E+03
 1.364183838E+03	 5.991000000E+03
 1.364717149E+03	 6.021000000E+03
 1.365250404E+03	 5.999000000E+03
 1.365783603E+03	 6.111000000E+03
 1.366316746E+03	 6.118000000E+03
 1.366849834E+03	 6.031000000E+03
 1.367382867E+03	 6.027000000E+03
 1.367915844E+03	 5.955000000E+03
 1.368448766E+03	 6.075000000E+03
 1.368981631E+03	 6.030000000E+03
 1.369514442E+03	 6.023000000E+03
 1.370047197E+03	 6.063000000E+03
 1.370579896E+03	 5.911000000E+03
 1.371112540E+03	 6.065000000E+03
 1.371645128E+03	 6.078000000E+03
 1.372177661E+03	 6.123000000E+03
 1.372710139E+03	 6.094000000E+03
 1.373242560E+03	 6.035000000E+03
 1.373774927E+03	 6.098000000E+03
 1.374307238E+03	 6.012000000E+03
 1.374839493E+03	 5.938000000E+03
 1.375371693E+03	 5.954000000E+03
 1.375903837E+03	 5.923000000E+03
 1.376435926E+03	 6.040000000E+03
 1.376967959E+03	 5.991000000E+03
 1.377499937E+03	 6.028000000E+03
 1.378031860E+03	 6.017000000E+03
 1.378563727E+03	 5.951000000E+03
 1.379095538E+03	 6.014000000E+03
 1.379627294E+03	 5.909000000E+03
 1.380158995E+03	 6.014000000E+03
 1.380690640E+03	 5.966000000E+03
 1.381222229E+03	 6.015000000E+03
 1.381753764E+03	 5.987000000E+03
 1.382285242E+03	 5.974000000E+03
 1.382816666E+03	 5.945000000E+03
 1.383348033E+03	 5.971000000E+03
 1.383879346E+03	 5.966000000E+03
 1.384410603E+03	 5.953000000E+03
 1.384941804E+03	 5.932000000E+03
 1.385472951E+03	 5.930000000E+03
 1.386004041E+03	 5.930000000E+03
 1.386535077E+03	 5.991000000E+03
 1.387066056E+03	 5.980000000E+03
 1.387596981E+03	 5.946000000E+03
 1.388127850E+03	 6.052000000E+03
 1.388658664E+03	 6.369000000E+03
 1.389189422E+03	 6.109000000E+03
 1.389720125E+03	 5.925000000E+03
 1.390250772E+03	 6.028000000E+03
 1.390781364E+03	 5.867000000E+03
 1.391311901E+03	 5.931000000E+03
 1.391842382E+03	 5.842000000E+03
 1.392372808E+03	 5.951000000E+03
 1.392903178E+03	 5.793000000E+03
 1.393433494E+03	 5.923000000E+03
 1.393963753E+03	 5.842000000E+03
 1.394493958E+03	 5.877000000E+03
 1.395024107E+03	 5.905000000E+03
 1.395554200E+03	 5.868000000E+03
 1.396084239E+03	 5.756000000E+03
 1.396614222E+03	 5.891000000E+03
 1.397144149E+03	 5.928000000E+03
 1.397674021E+03	 5.905000000E+03
 1.398203838E+03	 5.879000000E+03
 1.398733600E+03	 5.890000000E+03
 1.399263306E+03	 5.845000000E+03
 1.399792957E+03	 5.892000000E+03
 1.400322552E+03	 5.914000000E+03
 1.400852093E+03	 5.852000000E+03
 1.401381577E+03	 5.940000000E+03
 1.401911007E+03	 5.808000000E+03
 1.402440381E+03	 5.957000000E+03
 1.402969700E+03	 5.843000000E+03
 1.403498964E+03	 5.924000000E+03
 1.404028172E+03	 5.796000000E+03
 1.404557325E+03	 5.890000000E+03
 1.405086423E+03	 5.834000000E+03
 1.405615465E+03	 5.846000000E+03
 1.406144452E+03	 5.856000000E+03
 1.406673384E+03	 5.830000000E+03
 1.407202260E+03	 5.748000000E+03
 1.407731082E+03	 5.841000000E+03
 1.408259847E+03	 5.897000000E+03
 1.408788558E+03	 5.785000000E+03
 1.409317213E+03	 5.841000000E+03
 1.409845814E+03	 5.839000000E+03
 1.410374358E+03	 5.795000000E+03
 1.410902848E+03	 5.835000000E+03
 1.411431282E+03	 5.896000000E+03
 1.411959661E+03	 5.852000000E+03
 1.412487985E+03	 5.732000000E+03
 1.413016253E+03	 5.833000000E+03
 1.413544467E+03	 5.824000000E+03
 1.414072625E+03	 5.827000000E+03
 1.414600727E+03	 5.739000000E+03
 1.415128775E+03	 5.889000000E+03
 1.415656767E+03	 5.780000000E+03
 1.416184704E+03	 5.765000000E+03
 1.416712586E+03	 5.868000000E+03
 1.417240413E+03	 5.775000000E+03
 1.417768184E+03	 5.775000000E+03
 1.418295900E+03	 5.754000000E+03
 1.418823561E+03	 5.704000000E+03
 1.419351167E+03	 5.889000000E+03
 1.419878717E+03	 5.777000000E+03
 1.420406213E+03	 5.778000000E+03
 1.420933653E+03	 5.809000000E+03
 1.421461038E+03	 5.770000000E+03
 1.421988367E+03	 5.754000000E+03
 1.422515642E+03	 5.698000000E+03
 1.423042861E+03	 5.799000000E+03
 1.423570025E+03	 5.685000000E+03
 1.424097134E+03	 5.836000000E+03
 1.424624188E+03	 5.735000000E+03
 1.425151187E+03	 5.700000000E+03
 1.425678130E+03	 5.743000000E+03
 1.426205018E+03	 5.756000000E+03
 1.426731851E+03	 5.754000000E+03
 1.427258629E+03	 5.734000000E+03
 1.427785352E+03	 5.770000000E+03
 1.428312020E+03	 5.762000000E+03
 1.428838632E+03	 5.735000000E+03
 1.429365189E+03	 5.666000000E+03
 1.429891692E+03	 5.766000000E+03
 1.430418139E+03	 5.774000000E+03
 1.430944530E+03	 5.706000000E+03
 1.431470867E+03	 5.655000000E+03
 1.431997149E+03	 5.641000000E+03
 1.432523375E+03	 5.707000000E+03
 1.433049546E+03	 5.709000000E+03
 1.433575663E+03	 5.683000000E+03
 1.434101724E+03	 5.627000000E+03
 1.434627730E+03	 5.731000000E+03
 1.435153680E+03	 5.650000000E+03
 1.435679576E+03	 5.771000000E+03
 1.436205417E+03	 5.609000000E+03
 1.436731202E+03	 5.625000000E+03
 1.437256933E+03	 5.621000000E+03
 1.437782608E+03	 5.612000000E+03
 1.438308228E+03	 5.688000000E+03
 1.438833793E+03	 5.732000000E+03
 1.439359303E+03	 5.642000000E+03
 1.439884758E+03	 5.644000000E+03
 1.440410158E+03	 5.643000000E+03
 1.440935503E+03	 5.658000000E+03
 1.441460793E+03	 5.566000000E+03
 1.441986027E+03	 5.673000000E+03
 1.442511207E+03	 5.711000000E+03
 1.443036331E+03	 5.576000000E+03
 1.443561401E+03	 5.726000000E+03
 1.444086415E+03	 5.596000000E+03
 1.444611374E+03	 5.570000000E+03
 1.445136279E+03	 5.632000000E+03
 1.445661128E+03	 5.639000000E+03
 1.446185922E+03	 5.612000000E+03
 1.446710661E+03	 5.601000000E+03
 1.447235345E+03	 5.562000000E+03
 1.447759974E+03	 5.591000000E+03
 1.448284548E+03	 5.564000000E+03
 1.448809067E+03	 5.548000000E+03
 1.449333531E+03	 5.674000000E+03
 1.449857940E+03	 5.587000000E+03
 1.450382294E+03	 5.651000000E+03
 1.450906593E+03	 5.521000000E+03
 1.451430837E+03	 5.628000000E+03
 1.451955026E+03	 5.579000000E+03
 1.452479160E+03	 5.502000000E+03
 1.453003239E+03	 5.542000000E+03
 1.453527263E+03	 5.624000000E+03
 1.454051231E+03	 5.630000000E+03
 1.454575145E+03	 5.528000000E+03
 1.455099004E+03	 5.609000000E+03
 1.455622808E+03	 5.626000000E+03
 1.456146557E+03	 5.571000000E+03
 1.456670251E+03	 5.508000000E+03
 1.457193890E+03	 5.609000000E+03
 1.457717474E+03	 5.594000000E+03
 1.458241003E+03	 5.556000000E+03
 1.458764477E+03	 5.546000000E+03
 1.459287896E+03	 5.511000000E+03
 1.459811260E+03	 5.565000000E+03
 1.460334569E+03	 5.516000000E+03
 1.460857824E+03	 5.564000000E+03
 1.461381023E+03	 5.508000000E+03
 1.461904167E+03	 5.547000000E+03
 1.462427257E+03	 5.536000000E+03
 1.462950291E+03	 5.526000000E+03
 1.463473271E+03	 5.479000000E+03
 1.463996195E+03	 5.505000000E+03
 1.464519065E+03	 5.490000000E+03
 1.465041879E+03	 5.513000000E+03
 1.465564639E+03	 5.431000000E+03
 1.466087344E+03	 5.465000000E+03
 1.466609994E+03	 5.570000000E+03
 1.467132589E+03	 5.478000000E+03
 1.467655129E+03	 5.538000000E+03
 1.468177614E+03	 5.463000000E+03
 1.468700045E+03	 5.418000000E+03
 1.469222420E+03	 5.457000000E+03
 1.469744741E+03	 5.548000000E+03
 1.470267006E+03	 5.529000000E+03
 1.470789217E+03	 5.498000000E+03
 1.471311373E+03	 5.521000000E+03
 1.471833474E+03	 5.451000000E+03
 1.472355520E+03	 5.487000000E+03
 1.472877511E+03	 5.450000000E+03
 1.473399447E+03	 5.540000000E+03
 1.473921329E+03	 5.471000000E+03
 1.474443155E+03	 5.508000000E+03
 1.474964927E+03	 5.397000000E+03
 1.475486644E+03	 5.440000000E+03
 1.476008306E+03	 5.412000000E+03
 1.476529913E+03	 5.504000000E+03
 1.477051465E+03	 5.462000000E+03
 1.477572962E+03	 5.462000000E+03
 1.478094405E+03	 5.328000000E+03
 1.478615793E+03	 5.384000000E+03
 1.479137126E+03	 5.461000000E+03
 1.479658404E+03	 5.393000000E+03
 1.480179627E+03	 5.467000000E+03
 1.480700795E+03	 5.482000000E+03
 1.481221909E+03	 5.429000000E+03
 1.481742967E+03	 5.353000000E+03
 1.482263971E+03	 5.434000000E+03
 1.482784920E+03	 5.327000000E+03
 1.483305815E+03	 5.391000000E+03
 1.483826654E+03	 5.351000000E+03
 1.484347439E+03	 5.363000000E+03
 1.484868169E+03	 5.346000000E+03
 1.485388844E+03	 5.386000000E+03
 1.485909464E+03	 5.319000000E+03
 1.486430030E+03	 5.358000000E+03
 1.486950540E+03	 5.315000000E+03
 1.487470996E+03	 5.269000000E+03
 1.487991397E+03	 5.467000000E+03
 1.488511744E+03	 5.321000000E+03
 1.489032035E+03	 5.319000000E+03
 1.489552272E+03	 5.281000000E+03
 1.490072454E+03	 5.314000000E+03
 1.490592581E+03	 5.337000000E+03
 1.491112654E+03	 5.301000000E+03
 1.491632671E+03	 5.281000000E+03
 1.492152634E+03	 5.392000000E+03
 1.492672542E+03	 5.237000000E+03
 1.493192396E+03	 5.266000000E+03
 1.493712195E+03	 5.323000000E+03
 1.494231939E+03	 5.281000000E+03
 1.494751628E+03	 5.377000000E+03
 1.495271262E+03	 5.277000000E+03
 1.495790842E+03	 5.340000000E+03
 1.496310367E+03	 5.337000000E+03
 1.496829837E+03	 5.349000000E+03
 1.497349253E+03	 5.257000000E+03
 1.497868614E+03	 5.286000000E+03
 1.498387920E+03	 5.297000000E+03
 1.498907171E+03	 5.329000000E+03
 1.499426368E+03	 5.308000000E+03
 1.499945510E+03	 5.302000000E+03
 1.500464597E+03	 5.224000000E+03
 1.500983630E+03	 5.283000000E+03
 1.501502607E+03	 5.276000000E+03
 1.502021531E+03	 5.249000000E+03
 1.502540399E+03	 5.347000000E+03
 1.503059213E+03	 5.309000000E+03
 1.503577972E+03	 5.254000000E+03
 1.504096676E+03	 5.273000000E+03
 1.504615326E+03	 5.327000000E+03
 1.505133921E+03	 5.261000000E+03
 1.505652462E+03	 5.250000000E+03
 1.506170947E+03	 5.279000000E+03
 1.506689378E+03	 5.242000000E+03
 1.507207755E+03	 5.272000000E+03
 1.507726077E+03	 5.225000000E+03
 1.508244344E+03	 5.280000000E+03
 1.508762556E+03	 5.283000000E+03
 1.509280714E+03	 5.243000000E+03
 1.509798817E+03	 5.246000000E+03
 1.510316865E+03	 5.277000000E+03
 1.510834859E+03	 5.253000000E+03
 1.511352799E+03	 5.208000000E+03
 1.511870683E+03	 5.206000000E+03
 1.512388513E+03	 5.130000000E+03
 1.512906288E+03	 5.209000000E+03
 1.513424009E+03	 5.173000000E+03
 1.513941675E+03	 5.235000000E+03
 1.514459287E+03	 5.211000000E+03
 1.514976843E+03	 5.226000000E+03
 1.515494346E+03	 5.119000000E+03
 1.516011793E+03	 5.194000000E+03
 1.516529186E+03	 5.210000000E+03
 1.517046525E+03	 5.191000000E+03
 1.517563809E+03	 5.195000000E+03
 1.518081038E+03	 5.147000000E+03
 1.518598212E+03	 5.236000000E+03
 1.519115332E+03	 5.122000000E+03
 1.519632398E+03	 5.193000000E+03
 1.520149409E+03	 5.212000000E+03
 1.520666365E+03	 5.127000000E+03
 1.521183267E+03	 5.151000000E+03
 1.521700114E+03	 5.207000000E+03
 1.522216907E+03	 5.164000000E+03
 1.522733645E+03	 5.203000000E+03
 1.523250328E+03	 5.156000000E+03
 1.523766957E+03	 5.248000000E+03
 1.524283531E+03	 5.122000000E+03
 1.524800051E+03	 5.235000000E+03
 1.525316516E+03	 5.163000000E+03
 1.525832927E+03	 5.240000000E+03
 1.526349283E+03	 5.178000000E+03
 1.526865585E+03	 5.139000000E+03
 1.527381832E+03	 5.173000000E+03
 1.527898025E+03	 5.188000000E+03
 1.528414163E+03	 5.121000000E+03
 1.528930246E+03	 5.075000000E+03
 1.529446275E+03	 5.220000000E+03
 1.529962250E+03	 5.178000000E+03
 1.530478170E+03	 5.167000000E+03
 1.530994035E+03	 5.140000000E+03
 1.531509846E+03	 5.231000000E+03
 1.532025602E+03	 5.152000000E+03
 1.532541304E+03	 5.099000000E+03
 1.533056952E+03	 5.145000000E+03
 1.533572545E+03	 5.154000000E+03
 1.534088083E+03	 5.147000000E+03
 1.534603567E+03	 5.085000000E+03
 1.535118997E+03	 5.185000000E+03
 1.535634372E+03	 5.150000000E+03
 1.536149692E+03	 5.211000000E+03
 1.536664958E+03	 5.123000000E+03
 1.537180170E+03	 5.115000000E+03
 1.537695327E+03	 5.071000000E+03
 1.538210429E+03	 5.232000000E+03
 1.538725477E+03	 5.125000000E+03
 1.539240471E+03	 5.176000000E+03
 1.539755410E+03	 5.142000000E+03
 1.540270295E+03	 5.069000000E+03
 1.540785126E+03	 5.136000000E+03
 1.541299901E+03	 5.047000000E+03
 1.541814623E+03	 5.194000000E+03
 1.542329290E+03	 5.127000000E+03
 1.542843903E+03	 5.112000000E+03
 1.543358461E+03	 5.093000000E+03
 1.543872964E+03	 5.177000000E+03
 1.544387414E+03	 5.128000000E+03
 1.544901809E+03	 5.127000000E+03
 1.545416149E+03	 5.177000000E+03
 1.545930435E+03	 5.203000000E+03
 1.546444667E+03	 5.143000000E+03
 1.546958844E+03	 5.189000000E+03
 1.547472967E+03	 5.060000000E+03
 1.547987035E+03	 5.182000000E+03
 1.548501049E+03	 5.118000000E+03
 1.549015009E+03	 5.131000000E+03
 1.549528914E+03	 5.194000000E+03
 1.550042765E+03	 5.179000000E+03
 1.550556561E+03	 5.082000000E+03
 1.551070303E+03	 5.048000000E+03
 1.551583991E+03	 5.119000000E+03
 1.552097624E+03	 5.138000000E+03
 1.552611203E+03	 5.084000000E+03
 1.553124728E+03	 5.127000000E+03
 1.553638198E+03	 5.182000000E+03
 1.554151614E+03	 5.108000000E+03
 1.554664975E+03	 5.003000000E+03
 1.555178282E+03	 5.103000000E+03
 1.555691535E+03	 5.078000000E+03
 1.556204733E+03	 5.100000000E+03
 1.556717877E+03	 5.067000000E+03
 1.557230967E+03	 5.115000000E+03
 1.557744003E+03	 5.041000000E+03
 1.558256984E+03	 5.061000000E+03
 1.558769910E+03	 5.061000000E+03
 1.559282783E+03	 5.071000000E+03
 1.559795601E+03	 5.106000000E+03
 1.560308364E+03	 5.133000000E+03
 1.560821074E+03	 5.098000000E+03
 1.561333729E+03	 5.112000000E+03
 1.561846330E+03	 5.078000000E+03
 1.562358876E+03	 5.038000000E+03
 1.562871368E+03	 5.036000000E+03
 1.563383806E+03	 5.092000000E+03
 1.563896190E+03	 5.047000000E+03
 1.564408519E+03	 5.029000000E+03
 1.564920794E+03	 4.996000000E+03
 1.565433015E+03	 5.108000000E+03
 1.565945181E+03	 5.116000000E+03
 1.566457293E+03	 5.083000000E+03
 1.566969351E+03	 5.069000000E+03
 1.567481355E+03	 5.001000000E+03
 1.567993304E+03	 4.991000000E+03
 1.568505199E+03	 5.087000000E+03
 1.569017040E+03	 4.977000000E+03
 1.569528826E+03	 5.033000000E+03
 1.570040558E+03	 5.057000000E+03
 1.570552236E+03	 5.074000000E+03
 1.571063860E+03	 5.075000000E+03
 1.571575429E+03	 5.062000000E+03
 1.572086945E+03	 4.951000000E+03
 1.572598406E+03	 5.102000000E+03
 1.573109812E+03	 4.976000000E+03
 1.573621165E+03	 5.061000000E+03
 1.574132463E+03	 4.985000000E+03
 1.574643707E+03	 4.994000000E+03
 1.575154897E+03	 5.060000000E+03
 1.575666033E+03	 5.072000000E+03
 1.576177114E+03	 5.012000000E+03
 1.576688141E+03	 5.034000000E+03
 1.577199114E+03	 5.082000000E+03
 1.577710033E+03	 5.074000000E+03
 1.578220897E+03	 5.047000000E+03
 1.578731708E+03	 5.003000000E+03
 1.579242464E+03	 5.021000000E+03
 1.579753166E+03	 5.011000000E+03
 1.580263813E+03	 4.970000000E+03
 1.580774407E+03	 4.982000000E+03
 1.581284946E+03	 5.018000000E+03
 1.581795432E+03	 4.994000000E+03
 1.582305863E+03	 4.956000000E+03
 1.582816239E+03	 4.986000000E+03
 1.583326562E+03	 4.993000000E+03
 1.583836831E+03	 5.037000000E+03
 1.584347045E+03	 4.950000000E+03
 1.584857205E+03	 5.038000000E+03
 1.585367311E+03	 4.999000000E+03
 1.585877363E+03	 5.054000000E+03
 1.586387361E+03	 5.016000000E+03
 1.586897304E+03	 4.964000000E+03
 1.587407194E+03	 5.004000000E+03
 1.587917029E+03	 4.988000000E+03
 1.588426810E+03	 5.029000000E+03
 1.588936537E+03	 4.912000000E+03
 1.589446210E+03	 5.033000000E+03
 1.589955829E+03	 4.959000000E+03
 1.590465393E+03	 5.014000000E+03
 1.590974904E+03	 4.948000000E+03
 1.591484360E+03	 4.967000000E+03
 1.591993762E+03	 5.001000000E+03
 1.592503110E+03	 4.985000000E+03
