 1.042452273E+03	 6.923333130E+02
 1.043018714E+03	 6.886666870E+02
 1.043585098E+03	 6.886666870E+02
 1.044151424E+03	 6.920000000E+02
 1.044717692E+03	 6.870000000E+02
 1.045283903E+03	 6.910000000E+02
 1.045850056E+03	 6.900000000E+02
 1.046416151E+03	 6.880000000E+02
 1.046982188E+03	 6.876666870E+02
 1.047548167E+03	 6.833333130E+02
 1.048114089E+03	 6.860000000E+02
 1.048679953E+03	 6.820000000E+02
 1.049245760E+03	 6.840000000E+02
 1.049811509E+03	 6.846666870E+02
 1.050377200E+03	 6.846666870E+02
 1.050942833E+03	 6.900000000E+02
 1.051508408E+03	 6.883333130E+02
 1.052073926E+03	 6.866666870E+02
 1.052639387E+03	 6.830000000E+02
 1.053204789E+03	 6.856666870E+02
 1.053770134E+03	 6.866666870E+02
 1.054335421E+03	 6.860000000E+02
 1.054900651E+03	 6.860000000E+02
 1.055465823E+03	 6.876666870E+02
 1.056030937E+03	 6.823333130E+02
 1.056595993E+03	 6.856666870E+02
 1.057160992E+03	 6.836666870E+02
 1.057725934E+03	 6.863333130E+02
 1.058290817E+03	 6.846666870E+02
 1.058855643E+03	 6.890000000E+02
 1.059420411E+03	 6.853333130E+02
 1.059985122E+03	 6.796666870E+02
 1.060549775E+03	 6.820000000E+02
 1.061114371E+03	 6.843333130E+02
 1.061678908E+03	 6.806666870E+02
 1.062243389E+03	 6.843333130E+02
 1.062807811E+03	 6.850000000E+02
 1.063372176E+03	 6.826666870E+02
 1.063936483E+03	 6.873333130E+02
 1.064500733E+03	 6.823333130E+02
 1.065064925E+03	 6.806666870E+02
 1.065629060E+03	 6.856666870E+02
 1.066193137E+03	 6.810000000E+02
 1.066757156E+03	 6.816666870E+02
 1.067321118E+03	 6.806666870E+02
 1.067885022E+03	 6.773333130E+02
 1.068448869E+03	 6.803333130E+02
 1.069012658E+03	 6.843333130E+02
 1.069576390E+03	 6.900000000E+02
 1.070140063E+03	 6.883333130E+02
 1.070703680E+03	 6.810000000E+02
 1.071267239E+03	 6.833333130E+02
 1.071830740E+03	 6.883333130E+02
 1.072394184E+03	 6.823333130E+02
 1.072957570E+03	 6.880000000E+02
 1.073520899E+03	 6.810000000E+02
 1.074084170E+03	 6.830000000E+02
 1.074647383E+03	 6.796666870E+02
 1.075210540E+03	 6.826666870E+02
 1.075773638E+03	 6.786666870E+02
 1.076336679E+03	 6.833333130E+02
 1.076899663E+03	 6.860000000E+02
 1.077462589E+03	 6.840000000E+02
 1.078025457E+03	 6.853333130E+02
 1.078588268E+03	 6.783333130E+02
 1.079151022E+03	 6.823333130E+02
 1.079713718E+03	 6.866666870E+02
 1.080276356E+03	 6.860000000E+02
 1.080838937E+03	 6.866666870E+02
 1.081401461E+03	 6.826666870E+02
 1.081963927E+03	 6.860000000E+02
 1.082526336E+03	 6.850000000E+02
 1.083088687E+03	 6.806666870E+02
 1.083650981E+03	 6.853333130E+02
 1.084213217E+03	 6.826666870E+02
 1.084775396E+03	 6.793333130E+02
 1.085337517E+03	 6.836666870E+02
 1.085899581E+03	 6.836666870E+02
 1.086461587E+03	 6.860000000E+02
 1.087023536E+03	 6.860000000E+02
 1.087585428E+03	 6.826666870E+02
 1.088147262E+03	 6.870000000E+02
 1.088709039E+03	 6.846666870E+02
 1.089270758E+03	 6.833333130E+02
 1.089832420E+03	 6.800000000E+02
 1.090394024E+03	 6.823333130E+02
 1.090955571E+03	 6.866666870E+02
 1.091517061E+03	 6.830000000E+02
 1.092078493E+03	 6.846666870E+02
 1.092639868E+03	 6.803333130E+02
 1.093201185E+03	 6.820000000E+02
 1.093762445E+03	 6.823333130E+02
 1.094323648E+03	 6.810000000E+02
 1.094884793E+03	 6.826666870E+02
 1.095445881E+03	 6.853333130E+02
 1.096006911E+03	 6.820000000E+02
 1.096567884E+03	 6.826666870E+02
 1.097128800E+03	 6.850000000E+02
 1.097689659E+03	 6.826666870E+02
 1.098250460E+03	 6.826666870E+02
 1.098811203E+03	 6.786666870E+02
 1.099371890E+03	 6.806666870E+02
 1.099932518E+03	 6.816666870E+02
 1.100493090E+03	 6.856666870E+02
 1.101053604E+03	 6.810000000E+02
 1.101614061E+03	 6.813333130E+02
 1.102174461E+03	 6.803333130E+02
 1.102734803E+03	 6.826666870E+02
 1.103295088E+03	 6.790000000E+02
 1.103855316E+03	 6.843333130E+02
 1.104415486E+03	 6.806666870E+02
 1.104975599E+03	 6.850000000E+02
 1.105535655E+03	 6.853333130E+02
 1.106095653E+03	 6.833333130E+02
 1.106655594E+03	 6.820000000E+02
 1.107215478E+03	 6.813333130E+02
 1.107775305E+03	 6.876666870E+02
 1.108335074E+03	 6.830000000E+02
 1.108894786E+03	 6.803333130E+02
 1.109454440E+03	 6.816666870E+02
 1.110014038E+03	 6.800000000E+02
 1.110573578E+03	 6.826666870E+02
 1.111133061E+03	 6.840000000E+02
 1.111692486E+03	 6.833333130E+02
 1.112251854E+03	 6.813333130E+02
 1.112811165E+03	 6.796666870E+02
 1.113370419E+03	 6.833333130E+02
 1.113929616E+03	 6.833333130E+02
 1.114488755E+03	 6.840000000E+02
 1.115047837E+03	 6.840000000E+02
 1.115606862E+03	 6.863333130E+02
 1.116165830E+03	 6.816666870E+02
 1.116724740E+03	 6.780000000E+02
 1.117283593E+03	 6.803333130E+02
 1.117842389E+03	 6.876666870E+02
 1.118401128E+03	 6.803333130E+02
 1.118959809E+03	 6.853333130E+02
 1.119518433E+03	 6.840000000E+02
 1.120077000E+03	 6.833333130E+02
 1.120635510E+03	 6.816666870E+02
 1.121193963E+03	 6.800000000E+02
 1.121752358E+03	 6.830000000E+02
 1.122310697E+03	 6.796666870E+02
 1.122868978E+03	 6.863333130E+02
 1.123427202E+03	 6.843333130E+02
 1.123985368E+03	 6.800000000E+02
 1.124543478E+03	 6.793333130E+02
 1.125101530E+03	 6.830000000E+02
 1.125659526E+03	 6.773333130E+02
 1.126217464E+03	 6.806666870E+02
 1.126775345E+03	 6.816666870E+02
 1.127333168E+03	 6.813333130E+02
 1.127890935E+03	 6.853333130E+02
 1.128448644E+03	 6.820000000E+02
 1.129006297E+03	 6.800000000E+02
 1.129563892E+03	 6.816666870E+02
 1.130121430E+03	 6.823333130E+02
 1.130678911E+03	 6.796666870E+02
 1.131236335E+03	 6.826666870E+02
 1.131793701E+03	 6.816666870E+02
 1.132351011E+03	 6.816666870E+02
 1.132908263E+03	 6.813333130E+02
 1.133465458E+03	 6.820000000E+02
 1.134022597E+03	 6.796666870E+02
 1.134579678E+03	 6.883333130E+02
 1.135136702E+03	 6.836666870E+02
 1.135693669E+03	 6.850000000E+02
 1.136250578E+03	 6.830000000E+02
 1.136807431E+03	 6.823333130E+02
 1.137364227E+03	 6.823333130E+02
 1.137920965E+03	 6.800000000E+02
 1.138477647E+03	 6.796666870E+02
 1.139034271E+03	 6.823333130E+02
 1.139590839E+03	 6.816666870E+02
 1.140147349E+03	 6.853333130E+02
 1.140703802E+03	 6.843333130E+02
 1.141260198E+03	 6.773333130E+02
 1.141816537E+03	 6.826666870E+02
 1.142372820E+03	 6.776666870E+02
 1.142929045E+03	 6.840000000E+02
 1.143485213E+03	 6.850000000E+02
 1.144041323E+03	 6.816666870E+02
 1.144597377E+03	 6.823333130E+02
 1.145153374E+03	 6.840000000E+02
 1.145709314E+03	 6.840000000E+02
 1.146265197E+03	 6.820000000E+02
 1.146821023E+03	 6.830000000E+02
 1.147376792E+03	 6.833333130E+02
 1.147932503E+03	 6.850000000E+02
 1.148488158E+03	 6.890000000E+02
 1.149043756E+03	 6.883333130E+02
 1.149599297E+03	 6.823333130E+02
 1.150154781E+03	 6.813333130E+02
 1.150710207E+03	 6.846666870E+02
 1.151265577E+03	 6.823333130E+02
 1.151820890E+03	 6.820000000E+02
 1.152376146E+03	 6.790000000E+02
 1.152931345E+03	 6.833333130E+02
 1.153486487E+03	 6.836666870E+02
 1.154041572E+03	 6.813333130E+02
 1.154596600E+03	 6.836666870E+02
 1.155151571E+03	 6.823333130E+02
 1.155706485E+03	 6.860000000E+02
 1.156261342E+03	 6.830000000E+02
 1.156816142E+03	 6.843333130E+02
 1.157370885E+03	 6.830000000E+02
 1.157925572E+03	 6.833333130E+02
 1.158480201E+03	 6.826666870E+02
 1.159034774E+03	 6.806666870E+02
 1.159589289E+03	 6.870000000E+02
 1.160143748E+03	 6.820000000E+02
 1.160698149E+03	 6.810000000E+02
 1.161252494E+03	 6.816666870E+02
 1.161806782E+03	 6.780000000E+02
 1.162361013E+03	 6.836666870E+02
 1.162915187E+03	 6.876666870E+02
 1.163469304E+03	 6.873333130E+02
 1.164023364E+03	 6.890000000E+02
 1.164577368E+03	 6.846666870E+02
 1.165131314E+03	 6.823333130E+02
 1.165685204E+03	 6.813333130E+02
 1.166239036E+03	 6.803333130E+02
 1.166792812E+03	 6.820000000E+02
 1.167346531E+03	 6.853333130E+02
 1.167900193E+03	 6.850000000E+02
 1.168453798E+03	 6.826666870E+02
 1.169007347E+03	 6.766666870E+02
 1.169560838E+03	 6.826666870E+02
 1.170114273E+03	 6.826666870E+02
 1.170667650E+03	 6.796666870E+02
 1.171220971E+03	 6.830000000E+02
 1.171774235E+03	 6.810000000E+02
 1.172327443E+03	 6.876666870E+02
 1.172880593E+03	 6.843333130E+02
 1.173433687E+03	 6.836666870E+02
 1.173986723E+03	 6.803333130E+02
 1.174539703E+03	 6.790000000E+02
 1.175092626E+03	 6.830000000E+02
 1.175645493E+03	 6.770000000E+02
 1.176198302E+03	 6.860000000E+02
 1.176751055E+03	 6.796666870E+02
 1.177303751E+03	 6.816666870E+02
 1.177856390E+03	 6.816666870E+02
 1.178408972E+03	 6.810000000E+02
 1.178961498E+03	 6.843333130E+02
 1.179513966E+03	 6.820000000E+02
 1.180066378E+03	 6.763333130E+02
 1.180618733E+03	 6.823333130E+02
 1.181171032E+03	 6.876666870E+02
 1.181723273E+03	 6.856666870E+02
 1.182275458E+03	 6.786666870E+02
 1.182827586E+03	 6.820000000E+02
 1.183379657E+03	 6.840000000E+02
 1.183931672E+03	 6.850000000E+02
 1.184483630E+03	 6.796666870E+02
 1.185035531E+03	 6.833333130E+02
 1.185587375E+03	 6.860000000E+02
 1.186139162E+03	 6.800000000E+02
 1.186690893E+03	 6.866666870E+02
 1.187242567E+03	 6.800000000E+02
 1.187794184E+03	 6.793333130E+02
 1.188345745E+03	 6.843333130E+02
 1.188897249E+03	 6.796666870E+02
 1.189448696E+03	 6.793333130E+02
 1.190000086E+03	 6.830000000E+02
 1.190551420E+03	 6.816666870E+02
 1.191102697E+03	 6.840000000E+02
 1.191653918E+03	 6.836666870E+02
 1.192205081E+03	 6.883333130E+02
 1.192756188E+03	 6.820000000E+02
 1.193307238E+03	 7.000000000E+02
 1.193858232E+03	 6.840000000E+02
 1.194409169E+03	 6.830000000E+02
 1.194960049E+03	 6.856666870E+02
 1.195510872E+03	 6.793333130E+02
 1.196061639E+03	 6.840000000E+02
 1.196612349E+03	 6.840000000E+02
 1.197163003E+03	 6.806666870E+02
 1.197713599E+03	 6.843333130E+02
 1.198264139E+03	 6.820000000E+02
 1.198814623E+03	 6.793333130E+02
 1.199365050E+03	 6.803333130E+02
 1.199915420E+03	 6.780000000E+02
 1.200465734E+03	 6.853333130E+02
 1.201015990E+03	 6.833333130E+02
 1.201566191E+03	 6.806666870E+02
 1.202116334E+03	 6.853333130E+02
 1.202666421E+03	 6.803333130E+02
 1.203216452E+03	 6.816666870E+02
 1.203766425E+03	 6.826666870E+02
 1.204316343E+03	 6.826666870E+02
 1.204866203E+03	 6.793333130E+02
 1.205416007E+03	 6.860000000E+02
 1.205965754E+03	 6.766666870E+02
 1.206515445E+03	 6.853333130E+02
 1.207065079E+03	 6.816666870E+02
 1.207614657E+03	 6.803333130E+02
 1.208164177E+03	 6.833333130E+02
 1.208713642E+03	 6.883333130E+02
 1.209263050E+03	 6.840000000E+02
 1.209812401E+03	 6.816666870E+02
 1.210361695E+03	 6.853333130E+02
 1.210910933E+03	 6.790000000E+02
 1.211460115E+03	 6.833333130E+02
 1.212009240E+03	 6.826666870E+02
 1.212558308E+03	 6.853333130E+02
 1.213107320E+03	 6.866666870E+02
 1.213656275E+03	 6.803333130E+02
 1.214205174E+03	 6.820000000E+02
 1.214754016E+03	 6.846666870E+02
 1.215302801E+03	 6.806666870E+02
 1.215851530E+03	 6.796666870E+02
 1.216400203E+03	 6.823333130E+02
 1.216948819E+03	 6.803333130E+02
 1.217497378E+03	 6.816666870E+02
 1.218045881E+03	 6.836666870E+02
 1.218594327E+03	 6.823333130E+02
 1.219142717E+03	 6.836666870E+02
 1.219691051E+03	 6.816666870E+02
 1.220239327E+03	 6.870000000E+02
 1.220787548E+03	 6.860000000E+02
 1.221335712E+03	 6.830000000E+02
 1.221883819E+03	 6.870000000E+02
 1.222431870E+03	 6.840000000E+02
 1.222979864E+03	 6.870000000E+02
 1.223527802E+03	 6.883333130E+02
 1.224075683E+03	 6.833333130E+02
 1.224623508E+03	 6.850000000E+02
 1.225171277E+03	 6.846666870E+02
 1.225718989E+03	 6.860000000E+02
 1.226266644E+03	 6.853333130E+02
 1.226814243E+03	 6.846666870E+02
 1.227361786E+03	 6.823333130E+02
 1.227909272E+03	 6.843333130E+02
 1.228456702E+03	 6.816666870E+02
 1.229004075E+03	 6.893333130E+02
 1.229551392E+03	 6.830000000E+02
 1.230098652E+03	 6.893333130E+02
 1.230645856E+03	 6.893333130E+02
 1.231193003E+03	 6.830000000E+02
 1.231740094E+03	 6.896666870E+02
 1.232287129E+03	 6.840000000E+02
 1.232834107E+03	 6.913333130E+02
 1.233381029E+03	 6.876666870E+02
 1.233927894E+03	 6.976666870E+02
 1.234474703E+03	 6.890000000E+02
 1.235021455E+03	 6.853333130E+02
 1.235568151E+03	 6.816666870E+02
 1.236114791E+03	 6.853333130E+02
 1.236661374E+03	 6.890000000E+02
 1.237207901E+03	 6.853333130E+02
 1.237754372E+03	 6.883333130E+02
 1.238300786E+03	 6.870000000E+02
 1.238847144E+03	 6.923333130E+02
 1.239393445E+03	 6.876666870E+02
 1.239939690E+03	 6.890000000E+02
 1.240485879E+03	 6.923333130E+02
 1.241032011E+03	 6.916666870E+02
 1.241578087E+03	 6.933333130E+02
 1.242124106E+03	 6.886666870E+02
 1.242670070E+03	 6.883333130E+02
 1.243215976E+03	 6.913333130E+02
 1.243761827E+03	 6.873333130E+02
 1.244307621E+03	 6.833333130E+02
 1.244853359E+03	 6.920000000E+02
 1.245399040E+03	 6.873333130E+02
 1.245944665E+03	 6.863333130E+02
 1.246490234E+03	 6.880000000E+02
 1.247035746E+03	 6.893333130E+02
 1.247581203E+03	 6.936666870E+02
 1.248126602E+03	 6.903333130E+02
 1.248671946E+03	 6.910000000E+02
 1.249217233E+03	 6.930000000E+02
 1.249762464E+03	 6.906666870E+02
 1.250307638E+03	 7.000000000E+02
 1.250852757E+03	 6.896666870E+02
 1.251397819E+03	 6.910000000E+02
 1.251942824E+03	 6.960000000E+02
 1.252487774E+03	 6.840000000E+02
 1.253032667E+03	 6.933333130E+02
 1.253577503E+03	 6.940000000E+02
 1.254122284E+03	 6.946666870E+02
 1.254667008E+03	 6.943333130E+02
 1.255211676E+03	 6.910000000E+02
 1.255756288E+03	 6.906666870E+02
 1.256300843E+03	 6.876666870E+02
 1.256845342E+03	 6.973333130E+02
 1.257389785E+03	 6.946666870E+02
 1.257934172E+03	 6.920000000E+02
 1.258478502E+03	 6.953333130E+02
 1.259022776E+03	 6.960000000E+02
 1.259566994E+03	 7.040000000E+02
 1.260111156E+03	 7.130000000E+02
 1.260655261E+03	 6.936666870E+02
 1.261199311E+03	 6.946666870E+02
 1.261743304E+03	 6.963333130E+02
 1.262287240E+03	 6.990000000E+02
 1.262831121E+03	 6.973333130E+02
 1.263374945E+03	 7.050000000E+02
 1.263918713E+03	 7.060000000E+02
 1.264462425E+03	 7.276666870E+02
 1.265006081E+03	 7.643333130E+02
 1.265549680E+03	 7.703333130E+02
 1.266093223E+03	 7.283333130E+02
 1.266636711E+03	 7.093333130E+02
 1.267180141E+03	 7.056666870E+02
 1.267723516E+03	 6.993333130E+02
 1.268266835E+03	 7.003333130E+02
 1.268810097E+03	 6.966666870E+02
 1.269353303E+03	 6.933333130E+02
 1.269896453E+03	 6.966666870E+02
 1.270439547E+03	 6.976666870E+02
 1.270982584E+03	 6.930000000E+02
 1.271525566E+03	 6.990000000E+02
 1.272068491E+03	 6.923333130E+02
 1.272611360E+03	 6.963333130E+02
 1.273154173E+03	 6.973333130E+02
 1.273696930E+03	 6.936666870E+02
 1.274239631E+03	 6.946666870E+02
 1.274782275E+03	 6.973333130E+02
 1.275324864E+03	 6.980000000E+02
 1.275867396E+03	 6.910000000E+02
 1.276409872E+03	 6.926666870E+02
 1.276952292E+03	 6.950000000E+02
 1.277494656E+03	 6.923333130E+02
 1.278036964E+03	 6.930000000E+02
 1.278579215E+03	 6.953333130E+02
 1.279121411E+03	 6.966666870E+02
 1.279663550E+03	 6.973333130E+02
 1.280205634E+03	 6.953333130E+02
 1.280747661E+03	 6.970000000E+02
 1.281289632E+03	 7.050000000E+02
 1.281831547E+03	 7.086666870E+02
 1.282373406E+03	 7.136666870E+02
 1.282915209E+03	 7.243333130E+02
 1.283456955E+03	 7.550000000E+02
 1.283998646E+03	 8.053333130E+02
 1.284540281E+03	 9.893333130E+02
 1.285081859E+03	 1.596666626E+03
 1.285623381E+03	 1.922333374E+03
 1.286164848E+03	 1.229666626E+03
 1.286706258E+03	 8.470000000E+02
 1.287247612E+03	 7.533333130E+02
 1.287788911E+03	 7.293333130E+02
 1.288330153E+03	 7.193333130E+02
 1.288871339E+03	 7.096666870E+02
 1.289412469E+03	 7.080000000E+02
 1.289953543E+03	 7.050000000E+02
 1.290494561E+03	 7.016666870E+02
 1.291035523E+03	 6.983333130E+02
 1.291576428E+03	 6.966666870E+02
 1.292117278E+03	 6.956666870E+02
 1.292658072E+03	 6.973333130E+02
 1.293198810E+03	 6.983333130E+02
 1.293739492E+03	 6.986666870E+02
 1.294280118E+03	 6.970000000E+02
 1.294820687E+03	 7.003333130E+02
 1.295361201E+03	 6.950000000E+02
 1.295901659E+03	 6.953333130E+02
 1.296442061E+03	 6.926666870E+02
 1.296982406E+03	 6.923333130E+02
 1.297522696E+03	 6.963333130E+02
 1.298062930E+03	 6.936666870E+02
 1.298603108E+03	 6.976666870E+02
 1.299143229E+03	 6.930000000E+02
 1.299683295E+03	 6.960000000E+02
 1.300223305E+03	 6.960000000E+02
 1.300763259E+03	 6.996666870E+02
 1.301303157E+03	 6.876666870E+02
 1.301842999E+03	 6.886666870E+02
 1.302382785E+03	 6.926666870E+02
 1.302922515E+03	 6.936666870E+02
 1.303462189E+03	 6.870000000E+02
 1.304001807E+03	 6.926666870E+02
 1.304541369E+03	 6.866666870E+02
 1.305080875E+03	 6.906666870E+02
 1.305620326E+03	 6.926666870E+02
 1.306159720E+03	 6.873333130E+02
 1.306699058E+03	 6.896666870E+02
 1.307238341E+03	 6.890000000E+02
 1.307777567E+03	 6.893333130E+02
 1.308316738E+03	 6.896666870E+02
 1.308855853E+03	 6.923333130E+02
 1.309394912E+03	 6.913333130E+02
 1.309933915E+03	 6.970000000E+02
 1.310472862E+03	 6.886666870E+02
 1.311011753E+03	 6.926666870E+02
 1.311550588E+03	 6.836666870E+02
 1.312089367E+03	 6.880000000E+02
 1.312628090E+03	 6.963333130E+02
 1.313166758E+03	 6.903333130E+02
 1.313705370E+03	 6.926666870E+02
 1.314243925E+03	 6.883333130E+02
 1.314782425E+03	 6.933333130E+02
 1.315320869E+03	 6.906666870E+02
 1.315859257E+03	 6.943333130E+02
 1.316397589E+03	 6.920000000E+02
 1.316935866E+03	 6.883333130E+02
 1.317474086E+03	 6.906666870E+02
 1.318012251E+03	 6.906666870E+02
 1.318550360E+03	 6.910000000E+02
 1.319088413E+03	 6.910000000E+02
 1.319626410E+03	 6.886666870E+02
 1.320164351E+03	 6.956666870E+02
 1.320702236E+03	 6.910000000E+02
 1.321240066E+03	 6.913333130E+02
 1.321777839E+03	 6.900000000E+02
 1.322315557E+03	 6.943333130E+02
 1.322853219E+03	 6.943333130E+02
 1.323390826E+03	 6.900000000E+02
 1.323928376E+03	 6.943333130E+02
 1.324465871E+03	 6.910000000E+02
 1.325003309E+03	 6.890000000E+02
 1.325540692E+03	 6.876666870E+02
 1.326078020E+03	 6.996666870E+02
 1.326615291E+03	 6.900000000E+02
 1.327152506E+03	 6.890000000E+02
 1.327689666E+03	 6.863333130E+02
 1.328226770E+03	 6.926666870E+02
 1.328763818E+03	 6.980000000E+02
 1.329300811E+03	 6.926666870E+02
 1.329837747E+03	 6.906666870E+02
 1.330374628E+03	 6.890000000E+02
 1.330911453E+03	 6.920000000E+02
 1.331448222E+03	 6.906666870E+02
 1.331984936E+03	 6.910000000E+02
 1.332521594E+03	 6.956666870E+02
 1.333058196E+03	 6.903333130E+02
 1.333594742E+03	 6.940000000E+02
 1.334131232E+03	 6.906666870E+02
 1.334667667E+03	 6.890000000E+02
 1.335204046E+03	 6.923333130E+02
 1.335740369E+03	 6.956666870E+02
 1.336276637E+03	 6.930000000E+02
 1.336812848E+03	 6.863333130E+02
 1.337349004E+03	 6.900000000E+02
 1.337885105E+03	 6.923333130E+02
 1.338421149E+03	 6.953333130E+02
 1.338957138E+03	 6.920000000E+02
 1.339493071E+03	 6.896666870E+02
 1.340028949E+03	 6.900000000E+02
 1.340564770E+03	 6.890000000E+02
 1.341100536E+03	 6.900000000E+02
 1.341636246E+03	 6.990000000E+02
 1.342171901E+03	 6.860000000E+02
 1.342707500E+03	 6.916666870E+02
 1.343243043E+03	 6.886666870E+02
 1.343778530E+03	 6.900000000E+02
 1.344313962E+03	 6.930000000E+02
 1.344849338E+03	 6.900000000E+02
 1.345384659E+03	 6.930000000E+02
 1.345919923E+03	 6.886666870E+02
 1.346455133E+03	 6.873333130E+02
 1.346990286E+03	 6.946666870E+02
 1.347525384E+03	 6.936666870E+02
 1.348060426E+03	 6.890000000E+02
 1.348595412E+03	 6.946666870E+02
 1.349130343E+03	 6.946666870E+02
 1.349665218E+03	 6.940000000E+02
 1.350200037E+03	 6.940000000E+02
 1.350734801E+03	 6.933333130E+02
 1.351269509E+03	 6.930000000E+02
 1.351804162E+03	 6.916666870E+02
 1.352338758E+03	 6.883333130E+02
 1.352873300E+03	 6.860000000E+02
 1.353407785E+03	 6.876666870E+02
 1.353942215E+03	 6.883333130E+02
 1.354476589E+03	 6.933333130E+02
 1.355010908E+03	 6.936666870E+02
 1.355545171E+03	 6.936666870E+02
 1.356079379E+03	 6.903333130E+02
 1.356613530E+03	 6.920000000E+02
 1.357147627E+03	 6.926666870E+02
 1.357681667E+03	 6.946666870E+02
 1.358215652E+03	 6.943333130E+02
 1.358749582E+03	 6.976666870E+02
 1.359283456E+03	 6.910000000E+02
 1.359817274E+03	 6.956666870E+02
 1.360351037E+03	 6.953333130E+02
 1.360884744E+03	 6.900000000E+02
 1.361418395E+03	 6.913333130E+02
 1.361951991E+03	 6.960000000E+02
 1.362485531E+03	 6.930000000E+02
 1.363019016E+03	 6.940000000E+02
 1.363552445E+03	 6.966666870E+02
 1.364085819E+03	 6.986666870E+02
 1.364619137E+03	 6.933333130E+02
 1.365152400E+03	 6.913333130E+02
 1.365685607E+03	 6.933333130E+02
 1.366218758E+03	 6.980000000E+02
 1.366751854E+03	 7.036666870E+02
 1.367284894E+03	 6.983333130E+02
 1.367817879E+03	 7.006666870E+02
 1.368350808E+03	 6.973333130E+02
 1.368883682E+03	 6.933333130E+02
 1.369416500E+03	 6.943333130E+02
 1.369949263E+03	 7.003333130E+02
 1.370481970E+03	 7.293333130E+02
 1.371014622E+03	 7.140000000E+02
 1.371547218E+03	 6.976666870E+02
 1.372079758E+03	 6.980000000E+02
 1.372612244E+03	 7.000000000E+02
 1.373144673E+03	 6.983333130E+02
 1.373677047E+03	 6.866666870E+02
 1.374209366E+03	 6.943333130E+02
 1.374741629E+03	 6.913333130E+02
 1.375273836E+03	 6.976666870E+02
 1.375805989E+03	 7.006666870E+02
 1.376338085E+03	 6.970000000E+02
 1.376870126E+03	 6.946666870E+02
 1.377402112E+03	 6.940000000E+02
 1.377934042E+03	 6.996666870E+02
 1.378465917E+03	 6.963333130E+02
 1.378997736E+03	 6.960000000E+02
 1.379529500E+03	 6.980000000E+02
 1.380061208E+03	 6.980000000E+02
 1.380592861E+03	 6.946666870E+02
 1.381124459E+03	 7.000000000E+02
 1.381656000E+03	 6.996666870E+02
 1.382187487E+03	 6.960000000E+02
 1.382718918E+03	 7.023333130E+02
 1.383250294E+03	 6.906666870E+02
 1.383781614E+03	 6.990000000E+02
 1.384312879E+03	 7.046666870E+02
 1.384844088E+03	 7.136666870E+02
 1.385375242E+03	 7.150000000E+02
 1.385906340E+03	 7.333333130E+02
 1.386437383E+03	 7.413333130E+02
 1.386968371E+03	 7.656666870E+02
 1.387499303E+03	 8.403333130E+02
 1.388030180E+03	 1.217000000E+03
 1.388561001E+03	 2.456666748E+03
 1.389091767E+03	 2.553000000E+03
 1.389622478E+03	 1.225666626E+03
 1.390153133E+03	 8.346666870E+02
 1.390683733E+03	 7.626666870E+02
 1.391214277E+03	 7.333333130E+02
 1.391744766E+03	 7.170000000E+02
 1.392275200E+03	 7.080000000E+02
 1.392805578E+03	 7.116666870E+02
 1.393335901E+03	 7.020000000E+02
 1.393866168E+03	 7.043333130E+02
 1.394396381E+03	 7.016666870E+02
 1.394926537E+03	 7.020000000E+02
 1.395456639E+03	 7.003333130E+02
 1.395986685E+03	 6.990000000E+02
 1.396516675E+03	 6.893333130E+02
 1.397046611E+03	 6.966666870E+02
 1.397576491E+03	 6.936666870E+02
 1.398106315E+03	 6.943333130E+02
 1.398636084E+03	 6.960000000E+02
 1.399165798E+03	 6.966666870E+02
 1.399695457E+03	 6.980000000E+02
 1.400225060E+03	 6.986666870E+02
 1.400754608E+03	 6.963333130E+02
 1.401284101E+03	 6.930000000E+02
 1.401813538E+03	 6.976666870E+02
 1.402342920E+03	 6.936666870E+02
 1.402872247E+03	 6.970000000E+02
 1.403401518E+03	 6.923333130E+02
 1.403930734E+03	 6.943333130E+02
 1.404459895E+03	 6.926666870E+02
 1.404989000E+03	 6.950000000E+02
 1.405518050E+03	 6.953333130E+02
 1.406047045E+03	 7.020000000E+02
 1.406575984E+03	 6.983333130E+02
 1.407104869E+03	 7.020000000E+02
 1.407633697E+03	 7.023333130E+02
 1.408162471E+03	 7.080000000E+02
 1.408691189E+03	 7.160000000E+02
 1.409219852E+03	 7.406666870E+02
 1.409748460E+03	 7.980000000E+02
 1.410277013E+03	 8.473333130E+02
 1.410805510E+03	 7.796666870E+02
 1.411333952E+03	 7.300000000E+02
 1.411862339E+03	 7.066666870E+02
 1.412390670E+03	 7.056666870E+02
 1.412918946E+03	 6.976666870E+02
 1.413447167E+03	 6.963333130E+02
 1.413975333E+03	 6.936666870E+02
 1.414503444E+03	 6.990000000E+02
 1.415031499E+03	 6.940000000E+02
 1.415559499E+03	 7.013333130E+02
 1.416087444E+03	 6.886666870E+02
 1.416615333E+03	 6.920000000E+02
 1.417143167E+03	 6.923333130E+02
 1.417670947E+03	 6.906666870E+02
 1.418198670E+03	 6.910000000E+02
 1.418726339E+03	 6.860000000E+02
 1.419253952E+03	 6.880000000E+02
 1.419781511E+03	 6.916666870E+02
 1.420309014E+03	 6.910000000E+02
 1.420836461E+03	 6.936666870E+02
 1.421363854E+03	 6.906666870E+02
 1.421891191E+03	 6.953333130E+02
 1.422418474E+03	 6.913333130E+02
 1.422945701E+03	 6.853333130E+02
 1.423472872E+03	 6.886666870E+02
 1.423999989E+03	 6.913333130E+02
 1.424527050E+03	 6.900000000E+02
 1.425054057E+03	 6.893333130E+02
 1.425581008E+03	 6.880000000E+02
 1.426107904E+03	 6.953333130E+02
 1.426634745E+03	 6.936666870E+02
 1.427161530E+03	 6.920000000E+02
 1.427688261E+03	 6.976666870E+02
 1.428214936E+03	 6.850000000E+02
 1.428741556E+03	 6.906666870E+02
 1.429268121E+03	 6.916666870E+02
 1.429794631E+03	 6.863333130E+02
 1.430321085E+03	 6.913333130E+02
 1.430847485E+03	 6.900000000E+02
 1.431373829E+03	 6.873333130E+02
 1.431900118E+03	 6.883333130E+02
 1.432426353E+03	 6.916666870E+02
 1.432952532E+03	 6.896666870E+02
 1.433478655E+03	 6.870000000E+02
 1.434004724E+03	 6.880000000E+02
 1.434530738E+03	 6.900000000E+02
 1.435056696E+03	 6.903333130E+02
 1.435582600E+03	 6.906666870E+02
 1.436108448E+03	 6.883333130E+02
 1.436634241E+03	 6.940000000E+02
 1.437159979E+03	 6.883333130E+02
 1.437685662E+03	 6.910000000E+02
 1.438211290E+03	 6.833333130E+02
 1.438736863E+03	 6.853333130E+02
 1.439262381E+03	 6.833333130E+02
 1.439787843E+03	 6.886666870E+02
 1.440313251E+03	 6.890000000E+02
 1.440838603E+03	 6.873333130E+02
 1.441363900E+03	 6.866666870E+02
 1.441889143E+03	 6.846666870E+02
 1.442414330E+03	 6.870000000E+02
 1.442939462E+03	 6.896666870E+02
 1.443464539E+03	 6.836666870E+02
 1.443989561E+03	 6.863333130E+02
 1.444514528E+03	 6.903333130E+02
 1.445039440E+03	 6.806666870E+02
 1.445564297E+03	 6.796666870E+02
 1.446089099E+03	 6.863333130E+02
 1.446613846E+03	 6.816666870E+02
 1.447138537E+03	 6.800000000E+02
 1.447663174E+03	 6.940000000E+02
 1.448187756E+03	 6.840000000E+02
 1.448712282E+03	 6.880000000E+02
 1.449236754E+03	 6.863333130E+02
 1.449761171E+03	 6.856666870E+02
 1.450285532E+03	 6.846666870E+02
 1.450809839E+03	 6.880000000E+02
 1.451334090E+03	 6.876666870E+02
 1.451858287E+03	 6.840000000E+02
 1.452382428E+03	 6.826666870E+02
 1.452906515E+03	 6.813333130E+02
 1.453430546E+03	 6.816666870E+02
 1.453954523E+03	 6.896666870E+02
 1.454478444E+03	 6.823333130E+02
 1.455002311E+03	 6.840000000E+02
 1.455526123E+03	 6.823333130E+02
 1.456049879E+03	 6.866666870E+02
 1.456573581E+03	 6.830000000E+02
 1.457097227E+03	 6.853333130E+02
 1.457620819E+03	 6.843333130E+02
 1.458144356E+03	 6.856666870E+02
 1.458667837E+03	 6.810000000E+02
 1.459191264E+03	 6.893333130E+02
 1.459714636E+03	 6.863333130E+02
 1.460237952E+03	 6.830000000E+02
 1.460761214E+03	 6.836666870E+02
 1.461284421E+03	 6.860000000E+02
 1.461807573E+03	 6.783333130E+02
 1.462330670E+03	 6.876666870E+02
 1.462853712E+03	 6.873333130E+02
 1.463376699E+03	 6.896666870E+02
 1.463899632E+03	 6.883333130E+02
 1.464422509E+03	 6.810000000E+02
 1.464945331E+03	 6.843333130E+02
 1.465468099E+03	 6.866666870E+02
 1.465990811E+03	 6.833333130E+02
 1.466513469E+03	 6.856666870E+02
 1.467036071E+03	 6.850000000E+02
 1.467558619E+03	 6.786666870E+02
 1.468081112E+03	 6.846666870E+02
 1.468603550E+03	 6.816666870E+02
 1.469125933E+03	 6.813333130E+02
 1.469648261E+03	 6.830000000E+02
 1.470170534E+03	 6.863333130E+02
 1.470692752E+03	 6.826666870E+02
 1.471214916E+03	 6.806666870E+02
 1.471737024E+03	 6.866666870E+02
 1.472259078E+03	 6.836666870E+02
 1.472781077E+03	 6.826666870E+02
 1.473303021E+03	 6.790000000E+02
 1.473824910E+03	 6.793333130E+02
 1.474346744E+03	 6.800000000E+02
 1.474868523E+03	 6.843333130E+02
 1.475390248E+03	 6.816666870E+02
 1.475911917E+03	 6.866666870E+02
 1.476433532E+03	 6.823333130E+02
 1.476955092E+03	 6.813333130E+02
 1.477476597E+03	 6.823333130E+02
 1.477998047E+03	 6.806666870E+02
 1.478519442E+03	 6.806666870E+02
 1.479040783E+03	 6.803333130E+02
 1.479562068E+03	 6.813333130E+02
 1.480083299E+03	 6.786666870E+02
 1.480604475E+03	 6.803333130E+02
 1.481125596E+03	 6.890000000E+02
 1.481646663E+03	 6.870000000E+02
 1.482167674E+03	 6.800000000E+02
 1.482688631E+03	 6.766666870E+02
 1.483209533E+03	 6.846666870E+02
 1.483730380E+03	 6.843333130E+02
 1.484251172E+03	 6.843333130E+02
 1.484771909E+03	 6.806666870E+02
 1.485292592E+03	 6.796666870E+02
 1.485813220E+03	 6.796666870E+02
 1.486333793E+03	 6.826666870E+02
 1.486854311E+03	 6.860000000E+02
 1.487374775E+03	 6.816666870E+02
 1.487895183E+03	 6.863333130E+02
 1.488415537E+03	 6.826666870E+02
 1.488935836E+03	 6.833333130E+02
 1.489456081E+03	 6.793333130E+02
 1.489976270E+03	 6.776666870E+02
 1.490496405E+03	 6.886666870E+02
 1.491016485E+03	 6.863333130E+02
 1.491536511E+03	 6.823333130E+02
 1.492056481E+03	 6.820000000E+02
 1.492576397E+03	 6.833333130E+02
 1.493096258E+03	 6.856666870E+02
 1.493616064E+03	 6.820000000E+02
 1.494135816E+03	 6.843333130E+02
 1.494655513E+03	 6.816666870E+02
 1.495175155E+03	 6.830000000E+02
 1.495694742E+03	 6.790000000E+02
 1.496214274E+03	 6.823333130E+02
 1.496733752E+03	 6.833333130E+02
 1.497253175E+03	 6.790000000E+02
 1.497772544E+03	 6.810000000E+02
 1.498291858E+03	 6.816666870E+02
 1.498811116E+03	 6.836666870E+02
 1.499330321E+03	 6.826666870E+02
 1.499849470E+03	 6.896666870E+02
 1.500368565E+03	 6.816666870E+02
 1.500887605E+03	 6.806666870E+02
 1.501406591E+03	 6.853333130E+02
 1.501925521E+03	 6.810000000E+02
 1.502444397E+03	 6.813333130E+02
 1.502963219E+03	 6.830000000E+02
 1.503481985E+03	 6.803333130E+02
 1.504000697E+03	 6.796666870E+02
 1.504519355E+03	 6.783333130E+02
 1.505037957E+03	 6.790000000E+02
 1.505556505E+03	 6.793333130E+02
 1.506074999E+03	 6.860000000E+02
 1.506593437E+03	 6.800000000E+02
 1.507111821E+03	 6.786666870E+02
 1.507630150E+03	 6.823333130E+02
 1.508148425E+03	 6.783333130E+02
 1.508666645E+03	 6.840000000E+02
 1.509184810E+03	 6.840000000E+02
 1.509702921E+03	 6.780000000E+02
 1.510220977E+03	 6.856666870E+02
 1.510738979E+03	 6.873333130E+02
 1.511256925E+03	 6.830000000E+02
 1.511774817E+03	 6.770000000E+02
 1.512292655E+03	 6.796666870E+02
 1.512810438E+03	 6.833333130E+02
 1.513328166E+03	 6.813333130E+02
 1.513845840E+03	 6.833333130E+02
 1.514363459E+03	 6.796666870E+02
 1.514881023E+03	 6.820000000E+02
 1.515398533E+03	 6.820000000E+02
 1.515915988E+03	 6.816666870E+02
 1.516433389E+03	 6.826666870E+02
 1.516950734E+03	 6.770000000E+02
 1.517468026E+03	 6.806666870E+02
 1.517985263E+03	 6.783333130E+02
 1.518502445E+03	 6.826666870E+02
 1.519019572E+03	 6.806666870E+02
 1.519536645E+03	 6.866666870E+02
 1.520053664E+03	 6.793333130E+02
 1.520570628E+03	 6.796666870E+02
 1.521087537E+03	 6.846666870E+02
 1.521604392E+03	 6.840000000E+02
 1.522121192E+03	 6.813333130E+02
 1.522637937E+03	 6.823333130E+02
 1.523154628E+03	 6.803333130E+02
 1.523671265E+03	 6.813333130E+02
 1.524187847E+03	 6.820000000E+02
 1.524704374E+03	 6.846666870E+02
 1.525220847E+03	 6.826666870E+02
 1.525737265E+03	 6.806666870E+02
 1.526253629E+03	 6.856666870E+02
 1.526769938E+03	 6.830000000E+02
 1.527286192E+03	 6.826666870E+02
 1.527802392E+03	 6.790000000E+02
 1.528318538E+03	 6.790000000E+02
 1.528834629E+03	 6.833333130E+02
 1.529350666E+03	 6.840000000E+02
 1.529866648E+03	 6.820000000E+02
 1.530382575E+03	 6.823333130E+02
 1.530898448E+03	 6.796666870E+02
 1.531414266E+03	 6.796666870E+02
 1.531930030E+03	 6.843333130E+02
 1.532445740E+03	 6.796666870E+02
 1.532961395E+03	 6.813333130E+02
 1.533476995E+03	 6.813333130E+02
 1.533992541E+03	 6.830000000E+02
 1.534508033E+03	 6.856666870E+02
 1.535023470E+03	 6.840000000E+02
 1.535538852E+03	 6.780000000E+02
 1.536054180E+03	 6.826666870E+02
 1.536569454E+03	 6.780000000E+02
 1.537084673E+03	 6.803333130E+02
 1.537599837E+03	 6.830000000E+02
 1.538114947E+03	 6.826666870E+02
 1.538630003E+03	 6.813333130E+02
 1.539145004E+03	 6.820000000E+02
 1.539659951E+03	 6.820000000E+02
 1.540174843E+03	 6.783333130E+02
 1.540689681E+03	 6.856666870E+02
 1.541204465E+03	 6.793333130E+02
 1.541719194E+03	 6.850000000E+02
 1.542233868E+03	 6.860000000E+02
 1.542748488E+03	 6.806666870E+02
 1.543263054E+03	 6.846666870E+02
 1.543777565E+03	 6.823333130E+02
 1.544292022E+03	 6.816666870E+02
 1.544806424E+03	 6.820000000E+02
 1.545320772E+03	 6.850000000E+02
 1.545835066E+03	 6.726666870E+02
 1.546349305E+03	 6.846666870E+02
 1.546863489E+03	 6.810000000E+02
 1.547377620E+03	 6.806666870E+02
 1.547891696E+03	 6.860000000E+02
 1.548405717E+03	 6.810000000E+02
 1.548919684E+03	 6.846666870E+02
 1.549433597E+03	 6.810000000E+02
 1.549947455E+03	 6.823333130E+02
 1.550461259E+03	 6.813333130E+02
 1.550975009E+03	 6.823333130E+02
 1.551488704E+03	 6.846666870E+02
 1.552002345E+03	 6.823333130E+02
 1.552515931E+03	 6.820000000E+02
 1.553029463E+03	 6.806666870E+02
 1.553542941E+03	 6.846666870E+02
 1.554056364E+03	 6.836666870E+02
 1.554569733E+03	 6.803333130E+02
 1.555083048E+03	 6.820000000E+02
 1.555596308E+03	 6.830000000E+02
 1.556109514E+03	 6.840000000E+02
 1.556622665E+03	 6.853333130E+02
 1.557135762E+03	 6.820000000E+02
 1.557648805E+03	 6.816666870E+02
 1.558161794E+03	 6.816666870E+02
 1.558674728E+03	 6.846666870E+02
 1.559187608E+03	 6.806666870E+02
 1.559700433E+03	 6.793333130E+02
 1.560213205E+03	 6.813333130E+02
 1.560725921E+03	 6.843333130E+02
 1.561238584E+03	 6.810000000E+02
 1.561751192E+03	 6.813333130E+02
 1.562263746E+03	 6.853333130E+02
 1.562776246E+03	 6.826666870E+02
 1.563288691E+03	 6.810000000E+02
 1.563801082E+03	 6.816666870E+02
 1.564313419E+03	 6.803333130E+02
 1.564825701E+03	 6.853333130E+02
 1.565337929E+03	 6.830000000E+02
 1.565850103E+03	 6.843333130E+02
 1.566362223E+03	 6.890000000E+02
 1.566874288E+03	 6.803333130E+02
 1.567386299E+03	 6.863333130E+02
 1.567898256E+03	 6.863333130E+02
 1.568410158E+03	 6.823333130E+02
 1.568922007E+03	 6.810000000E+02
 1.569433800E+03	 6.820000000E+02
 1.569945540E+03	 6.800000000E+02
 1.570457226E+03	 6.790000000E+02
 1.570968857E+03	 6.836666870E+02
 1.571480434E+03	 6.793333130E+02
 1.571991956E+03	 6.780000000E+02
 1.572503425E+03	 6.810000000E+02
 1.573014839E+03	 6.813333130E+02
 1.573526199E+03	 6.773333130E+02
 1.574037505E+03	 6.790000000E+02
 1.574548756E+03	 6.826666870E+02
 1.575059953E+03	 6.786666870E+02
 1.575571096E+03	 6.840000000E+02
 1.576082185E+03	 6.826666870E+02
 1.576593220E+03	 6.820000000E+02
 1.577104200E+03	 6.793333130E+02
 1.577615126E+03	 6.826666870E+02
 1.578125998E+03	 6.793333130E+02
 1.578636816E+03	 6.830000000E+02
 1.579147580E+03	 6.846666870E+02
 1.579658289E+03	 6.800000000E+02
 1.580168944E+03	 6.813333130E+02
 1.580679545E+03	 6.816666870E+02
 1.581190092E+03	 6.833333130E+02
 1.581700585E+03	 6.820000000E+02
 1.582211023E+03	 6.793333130E+02
 1.582721407E+03	 6.833333130E+02
 1.583231737E+03	 6.773333130E+02
 1.583742013E+03	 6.796666870E+02
 1.584252235E+03	 6.800000000E+02
 1.584762403E+03	 6.836666870E+02
 1.585272516E+03	 6.806666870E+02
 1.585782575E+03	 6.810000000E+02
 1.586292581E+03	 6.800000000E+02
 1.586802532E+03	 6.886666870E+02
 1.587312428E+03	 6.820000000E+02
 1.587822271E+03	 6.783333130E+02
 1.588332060E+03	 6.826666870E+02
 1.588841794E+03	 6.830000000E+02
 1.589351474E+03	 6.810000000E+02
 1.589861100E+03	 6.846666870E+02
 1.590370672E+03	 6.806666870E+02
 1.590880190E+03	 6.820000000E+02
 1.591389654E+03	 6.810000000E+02
 1.591899064E+03	 6.833333130E+02
 1.592408419E+03	 6.790000000E+02
