 8.966218546E+02	 6.956666870E+02
 8.972001452E+02	 7.020000000E+02
 8.977783762E+02	 6.996666870E+02
 8.983565476E+02	 6.996666870E+02
 8.989346593E+02	 6.940000000E+02
 8.995127113E+02	 6.976666870E+02
 9.000907038E+02	 6.950000000E+02
 9.006686366E+02	 7.006666870E+02
 9.012465098E+02	 7.033333130E+02
 9.018243234E+02	 7.100000000E+02
 9.024020774E+02	 7.150000000E+02
 9.029797718E+02	 7.366666870E+02
 9.035574065E+02	 7.370000000E+02
 9.041349817E+02	 7.056666870E+02
 9.047124973E+02	 7.220000000E+02
 9.052899533E+02	 7.586666870E+02
 9.058673497E+02	 7.560000000E+02
 9.064446865E+02	 7.386666870E+02
 9.070219637E+02	 7.300000000E+02
 9.075991814E+02	 7.333333130E+02
 9.081763395E+02	 7.296666870E+02
 9.087534380E+02	 7.160000000E+02
 9.093304770E+02	 6.986666870E+02
 9.099074564E+02	 7.023333130E+02
 9.104843763E+02	 7.016666870E+02
 9.110612366E+02	 7.176666870E+02
 9.116380374E+02	 7.460000000E+02
 9.122147786E+02	 7.240000000E+02
 9.127914603E+02	 7.036666870E+02
 9.133680825E+02	 6.996666870E+02
 9.139446451E+02	 6.963333130E+02
 9.145211482E+02	 6.896666870E+02
 9.150975918E+02	 6.900000000E+02
 9.156739759E+02	 6.940000000E+02
 9.162503005E+02	 6.933333130E+02
 9.168265655E+02	 7.003333130E+02
 9.174027711E+02	 6.980000000E+02
 9.179789172E+02	 6.883333130E+02
 9.185550037E+02	 6.910000000E+02
 9.191310308E+02	 7.053333130E+02
 9.197069984E+02	 7.000000000E+02
 9.202829065E+02	 6.943333130E+02
 9.208587552E+02	 6.913333130E+02
 9.214345443E+02	 6.880000000E+02
 9.220102740E+02	 6.910000000E+02
 9.225859442E+02	 6.896666870E+02
 9.231615550E+02	 7.000000000E+02
 9.237371063E+02	 6.906666870E+02
 9.243125982E+02	 6.883333130E+02
 9.248880306E+02	 6.970000000E+02
 9.254634036E+02	 6.906666870E+02
 9.260387171E+02	 6.950000000E+02
 9.266139712E+02	 6.860000000E+02
 9.271891658E+02	 6.933333130E+02
 9.277643011E+02	 6.886666870E+02
 9.283393769E+02	 6.856666870E+02
 9.289143933E+02	 6.863333130E+02
 9.294893503E+02	 6.820000000E+02
 9.300642478E+02	 6.886666870E+02
 9.306390860E+02	 6.836666870E+02
 9.312138648E+02	 6.870000000E+02
 9.317885841E+02	 6.846666870E+02
 9.323632441E+02	 6.890000000E+02
 9.329378447E+02	 6.930000000E+02
 9.335123859E+02	 6.936666870E+02
 9.340868677E+02	 6.866666870E+02
 9.346612901E+02	 6.830000000E+02
 9.352356532E+02	 6.843333130E+02
 9.358099569E+02	 6.863333130E+02
 9.363842012E+02	 6.843333130E+02
 9.369583861E+02	 6.963333130E+02
 9.375325118E+02	 7.003333130E+02
 9.381065780E+02	 6.956666870E+02
 9.386805849E+02	 6.900000000E+02
 9.392545325E+02	 6.846666870E+02
 9.398284207E+02	 6.893333130E+02
 9.404022496E+02	 6.813333130E+02
 9.409760192E+02	 6.883333130E+02
 9.415497294E+02	 6.853333130E+02
 9.421233803E+02	 6.836666870E+02
 9.426969719E+02	 6.810000000E+02
 9.432705042E+02	 6.820000000E+02
 9.438439772E+02	 6.856666870E+02
 9.444173908E+02	 6.840000000E+02
 9.449907452E+02	 6.856666870E+02
 9.455640403E+02	 6.840000000E+02
 9.461372760E+02	 6.826666870E+02
 9.467104525E+02	 6.880000000E+02
 9.472835697E+02	 6.803333130E+02
 9.478566276E+02	 6.880000000E+02
 9.484296262E+02	 6.790000000E+02
 9.490025656E+02	 6.860000000E+02
 9.495754457E+02	 6.953333130E+02
 9.501482665E+02	 7.040000000E+02
 9.507210281E+02	 6.986666870E+02
 9.512937304E+02	 6.893333130E+02
 9.518663735E+02	 6.916666870E+02
 9.524389573E+02	 6.990000000E+02
 9.530114819E+02	 6.906666870E+02
 9.535839472E+02	 6.846666870E+02
 9.541563533E+02	 6.913333130E+02
 9.547287002E+02	 6.980000000E+02
 9.553009878E+02	 6.883333130E+02
 9.558732162E+02	 6.856666870E+02
 9.564453854E+02	 6.923333130E+02
 9.570174954E+02	 6.856666870E+02
 9.575895462E+02	 6.920000000E+02
 9.581615377E+02	 7.106666870E+02
 9.587334701E+02	 7.150000000E+02
 9.593053433E+02	 7.320000000E+02
 9.598771572E+02	 7.116666870E+02
 9.604489120E+02	 7.020000000E+02
 9.610206076E+02	 7.190000000E+02
 9.615922440E+02	 7.380000000E+02
 9.621638213E+02	 7.750000000E+02
 9.627353394E+02	 7.160000000E+02
 9.633067983E+02	 7.180000000E+02
 9.638781980E+02	 6.963333130E+02
 9.644495386E+02	 6.903333130E+02
 9.650208200E+02	 7.383333130E+02
 9.655920423E+02	 7.690000000E+02
 9.661632054E+02	 7.790000000E+02
 9.667343094E+02	 7.346666870E+02
 9.673053542E+02	 7.193333130E+02
 9.678763399E+02	 7.666666870E+02
 9.684472665E+02	 7.370000000E+02
 9.690181339E+02	 7.116666870E+02
 9.695889422E+02	 6.996666870E+02
 9.701596914E+02	 6.986666870E+02
 9.707303815E+02	 7.043333130E+02
 9.713010125E+02	 7.226666870E+02
 9.718715844E+02	 7.206666870E+02
 9.724420971E+02	 6.943333130E+02
 9.730125508E+02	 7.233333130E+02
 9.735829454E+02	 7.170000000E+02
 9.741532809E+02	 7.093333130E+02
 9.747235573E+02	 6.956666870E+02
 9.752937746E+02	 7.253333130E+02
 9.758639329E+02	 6.956666870E+02
 9.764340320E+02	 6.863333130E+02
 9.770040721E+02	 6.846666870E+02
 9.775740532E+02	 7.036666870E+02
 9.781439752E+02	 7.043333130E+02
 9.787138381E+02	 6.856666870E+02
 9.792836420E+02	 7.016666870E+02
 9.798533868E+02	 7.116666870E+02
 9.804230726E+02	 6.950000000E+02
 9.809926993E+02	 6.956666870E+02
 9.815622670E+02	 6.810000000E+02
 9.821317757E+02	 6.910000000E+02
 9.827012254E+02	 6.993333130E+02
 9.832706160E+02	 6.836666870E+02
 9.838399476E+02	 6.930000000E+02
 9.844092202E+02	 6.920000000E+02
 9.849784338E+02	 6.960000000E+02
 9.855475884E+02	 6.903333130E+02
 9.861166840E+02	 6.936666870E+02
 9.866857205E+02	 6.986666870E+02
 9.872546981E+02	 7.000000000E+02
 9.878236167E+02	 6.943333130E+02
 9.883924763E+02	 6.863333130E+02
 9.889612770E+02	 6.853333130E+02
 9.895300186E+02	 6.923333130E+02
 9.900987013E+02	 6.876666870E+02
 9.906673250E+02	 6.943333130E+02
 9.912358898E+02	 6.990000000E+02
 9.918043956E+02	 7.070000000E+02
 9.923728424E+02	 7.086666870E+02
 9.929412303E+02	 7.030000000E+02
 9.935095592E+02	 7.143333130E+02
 9.940778292E+02	 7.010000000E+02
 9.946460403E+02	 6.910000000E+02
 9.952141924E+02	 6.846666870E+02
 9.957822856E+02	 6.930000000E+02
 9.963503198E+02	 6.890000000E+02
 9.969182952E+02	 6.920000000E+02
 9.974862116E+02	 6.850000000E+02
 9.980540691E+02	 6.843333130E+02
 9.986218677E+02	 6.766666870E+02
 9.991896074E+02	 6.806666870E+02
 9.997572882E+02	 6.856666870E+02
 1.000324910E+03	 6.933333130E+02
 1.000892473E+03	 6.966666870E+02
 1.001459977E+03	 6.886666870E+02
 1.002027422E+03	 6.973333130E+02
 1.002594809E+03	 6.986666870E+02
 1.003162136E+03	 7.016666870E+02
 1.003729405E+03	 7.016666870E+02
 1.004296615E+03	 7.103333130E+02
 1.004863765E+03	 6.993333130E+02
 1.005430857E+03	 7.136666870E+02
 1.005997891E+03	 7.010000000E+02
 1.006564865E+03	 7.080000000E+02
 1.007131780E+03	 6.886666870E+02
 1.007698637E+03	 7.013333130E+02
 1.008265435E+03	 6.956666870E+02
 1.008832174E+03	 7.016666870E+02
 1.009398854E+03	 6.976666870E+02
 1.009965475E+03	 7.006666870E+02
 1.010532037E+03	 6.850000000E+02
 1.011098541E+03	 6.930000000E+02
 1.011664986E+03	 7.186666870E+02
 1.012231372E+03	 7.230000000E+02
 1.012797699E+03	 7.393333130E+02
 1.013363967E+03	 7.310000000E+02
 1.013930177E+03	 7.096666870E+02
 1.014496328E+03	 7.220000000E+02
 1.015062420E+03	 7.320000000E+02
 1.015628453E+03	 7.970000000E+02
 1.016194427E+03	 7.736666870E+02
 1.016760343E+03	 7.366666870E+02
 1.017326200E+03	 7.276666870E+02
 1.017891998E+03	 6.963333130E+02
 1.018457738E+03	 7.356666870E+02
 1.019023418E+03	 8.033333130E+02
 1.019589040E+03	 8.240000000E+02
 1.020154603E+03	 7.923333130E+02
 1.020720107E+03	 7.403333130E+02
 1.021285553E+03	 7.806666870E+02
 1.021850940E+03	 8.086666870E+02
 1.022416268E+03	 7.306666870E+02
 1.022981537E+03	 7.196666870E+02
 1.023546748E+03	 6.953333130E+02
 1.024111900E+03	 7.190000000E+02
 1.024676993E+03	 7.406666870E+02
 1.025242028E+03	 7.550000000E+02
 1.025807004E+03	 7.296666870E+02
 1.026371921E+03	 7.336666870E+02
 1.026936779E+03	 7.556666870E+02
 1.027501579E+03	 7.193333130E+02
 1.028066320E+03	 7.330000000E+02
 1.028631002E+03	 7.276666870E+02
 1.029195626E+03	 7.333333130E+02
 1.029760191E+03	 7.120000000E+02
 1.030324697E+03	 6.996666870E+02
 1.030889145E+03	 7.013333130E+02
 1.031453534E+03	 7.223333130E+02
 1.032017864E+03	 7.150000000E+02
 1.032582136E+03	 7.040000000E+02
 1.033146348E+03	 7.373333130E+02
 1.033710503E+03	 7.206666870E+02
 1.034274598E+03	 7.070000000E+02
 1.034838635E+03	 7.063333130E+02
 1.035402614E+03	 7.046666870E+02
 1.035966534E+03	 7.216666870E+02
 1.036530395E+03	 7.113333130E+02
 1.037094197E+03	 6.966666870E+02
 1.037657941E+03	 7.030000000E+02
 1.038221626E+03	 7.020000000E+02
 1.038785253E+03	 7.086666870E+02
 1.039348821E+03	 7.023333130E+02
 1.039912330E+03	 6.980000000E+02
 1.040475781E+03	 7.116666870E+02
 1.041039173E+03	 7.073333130E+02
 1.041602507E+03	 7.040000000E+02
 1.042165782E+03	 6.983333130E+02
 1.042728998E+03	 6.970000000E+02
 1.043292156E+03	 7.070000000E+02
 1.043855256E+03	 6.940000000E+02
 1.044418296E+03	 6.920000000E+02
 1.044981278E+03	 6.966666870E+02
 1.045544202E+03	 6.883333130E+02
 1.046107067E+03	 6.843333130E+02
 1.046669873E+03	 6.890000000E+02
 1.047232621E+03	 6.976666870E+02
 1.047795311E+03	 6.923333130E+02
 1.048357942E+03	 6.926666870E+02
 1.048920514E+03	 6.946666870E+02
 1.049483028E+03	 6.903333130E+02
 1.050045483E+03	 7.013333130E+02
 1.050607879E+03	 7.086666870E+02
 1.051170218E+03	 7.040000000E+02
 1.051732497E+03	 7.443333130E+02
 1.052294718E+03	 7.423333130E+02
 1.052856881E+03	 7.183333130E+02
 1.053418985E+03	 6.983333130E+02
 1.053981031E+03	 7.020000000E+02
 1.054543018E+03	 6.926666870E+02
 1.055104947E+03	 6.966666870E+02
 1.055666817E+03	 7.013333130E+02
 1.056228628E+03	 7.053333130E+02
 1.056790381E+03	 7.220000000E+02
 1.057352076E+03	 7.160000000E+02
 1.057913712E+03	 7.076666870E+02
 1.058475290E+03	 6.996666870E+02
 1.059036809E+03	 7.096666870E+02
 1.059598270E+03	 7.046666870E+02
 1.060159673E+03	 7.193333130E+02
 1.060721016E+03	 7.056666870E+02
 1.061282302E+03	 7.153333130E+02
 1.061843529E+03	 6.953333130E+02
 1.062404698E+03	 7.096666870E+02
 1.062965808E+03	 6.960000000E+02
 1.063526859E+03	 7.016666870E+02
 1.064087853E+03	 6.960000000E+02
 1.064648788E+03	 6.963333130E+02
 1.065209664E+03	 6.893333130E+02
 1.065770482E+03	 7.006666870E+02
 1.066331242E+03	 6.930000000E+02
 1.066891943E+03	 6.973333130E+02
 1.067452586E+03	 6.976666870E+02
 1.068013170E+03	 6.956666870E+02
 1.068573696E+03	 6.950000000E+02
 1.069134164E+03	 6.886666870E+02
 1.069694573E+03	 6.906666870E+02
 1.070254924E+03	 6.840000000E+02
 1.070815216E+03	 6.826666870E+02
 1.071375450E+03	 6.853333130E+02
 1.071935626E+03	 6.880000000E+02
 1.072495743E+03	 6.930000000E+02
 1.073055803E+03	 6.970000000E+02
 1.073615803E+03	 7.010000000E+02
 1.074175745E+03	 7.043333130E+02
 1.074735629E+03	 6.970000000E+02
 1.075295455E+03	 6.966666870E+02
 1.075855222E+03	 6.876666870E+02
 1.076414931E+03	 6.920000000E+02
 1.076974582E+03	 6.946666870E+02
 1.077534174E+03	 6.866666870E+02
 1.078093708E+03	 6.916666870E+02
 1.078653184E+03	 6.910000000E+02
 1.079212601E+03	 6.983333130E+02
 1.079771960E+03	 6.893333130E+02
 1.080331261E+03	 7.076666870E+02
 1.080890503E+03	 6.970000000E+02
 1.081449687E+03	 6.993333130E+02
 1.082008813E+03	 6.943333130E+02
 1.082567881E+03	 6.970000000E+02
 1.083126890E+03	 6.950000000E+02
 1.083685841E+03	 7.013333130E+02
 1.084244733E+03	 6.886666870E+02
 1.084803568E+03	 6.923333130E+02
 1.085362344E+03	 6.953333130E+02
 1.085921062E+03	 6.946666870E+02
 1.086479722E+03	 6.926666870E+02
 1.087038323E+03	 6.920000000E+02
 1.087596866E+03	 6.943333130E+02
 1.088155351E+03	 6.916666870E+02
 1.088713777E+03	 6.916666870E+02
 1.089272146E+03	 6.980000000E+02
 1.089830456E+03	 7.066666870E+02
 1.090388708E+03	 6.953333130E+02
 1.090946901E+03	 6.910000000E+02
 1.091505037E+03	 6.923333130E+02
 1.092063114E+03	 7.036666870E+02
 1.092621133E+03	 6.966666870E+02
 1.093179094E+03	 6.976666870E+02
 1.093736997E+03	 6.966666870E+02
 1.094294841E+03	 7.043333130E+02
 1.094852627E+03	 7.143333130E+02
 1.095410355E+03	 7.196666870E+02
 1.095968025E+03	 7.123333130E+02
 1.096525637E+03	 7.090000000E+02
 1.097083190E+03	 7.133333130E+02
 1.097640685E+03	 7.183333130E+02
 1.098198122E+03	 7.136666870E+02
 1.098755501E+03	 6.940000000E+02
 1.099312822E+03	 6.893333130E+02
 1.099870085E+03	 6.903333130E+02
 1.100427289E+03	 6.970000000E+02
 1.100984435E+03	 7.036666870E+02
 1.101541523E+03	 7.046666870E+02
 1.102098553E+03	 7.116666870E+02
 1.102655525E+03	 7.106666870E+02
 1.103212439E+03	 9.073333130E+02
 1.103769295E+03	 1.266666626E+03
 1.104326092E+03	 8.660000000E+02
 1.104882831E+03	 7.210000000E+02
 1.105439513E+03	 6.910000000E+02
 1.105996136E+03	 6.853333130E+02
 1.106552701E+03	 6.883333130E+02
 1.107109208E+03	 6.930000000E+02
 1.107665656E+03	 6.916666870E+02
 1.108222047E+03	 6.876666870E+02
 1.108778380E+03	 6.823333130E+02
 1.109334654E+03	 6.850000000E+02
 1.109890870E+03	 6.863333130E+02
 1.110447029E+03	 6.796666870E+02
 1.111003129E+03	 6.793333130E+02
 1.111559171E+03	 6.870000000E+02
 1.112115155E+03	 6.836666870E+02
 1.112671081E+03	 6.883333130E+02
 1.113226949E+03	 6.930000000E+02
 1.113782759E+03	 7.436666870E+02
 1.114338511E+03	 1.081333374E+03
 1.114894205E+03	 1.070666626E+03
 1.115449841E+03	 8.323333130E+02
 1.116005418E+03	 1.805000000E+03
 1.116560938E+03	 4.271333496E+03
 1.117116400E+03	 2.007333374E+03
 1.117671803E+03	 8.736666870E+02
 1.118227149E+03	 7.473333130E+02
 1.118782437E+03	 7.226666870E+02
 1.119337666E+03	 6.940000000E+02
 1.119892838E+03	 6.996666870E+02
 1.120447951E+03	 6.936666870E+02
 1.121003007E+03	 6.950000000E+02
 1.121558004E+03	 6.996666870E+02
 1.122112944E+03	 6.970000000E+02
 1.122667825E+03	 6.910000000E+02
 1.123222649E+03	 6.883333130E+02
 1.123777415E+03	 6.980000000E+02
 1.124332122E+03	 6.980000000E+02
 1.124886772E+03	 6.946666870E+02
 1.125441364E+03	 6.943333130E+02
 1.125995897E+03	 7.020000000E+02
 1.126550373E+03	 7.106666870E+02
 1.127104791E+03	 7.136666870E+02
 1.127659151E+03	 7.063333130E+02
 1.128213453E+03	 6.956666870E+02
 1.128767696E+03	 6.960000000E+02
 1.129321882E+03	 7.036666870E+02
 1.129876011E+03	 7.003333130E+02
 1.130430081E+03	 7.070000000E+02
 1.130984093E+03	 7.046666870E+02
 1.131538047E+03	 7.030000000E+02
 1.132091944E+03	 7.133333130E+02
 1.132645782E+03	 7.123333130E+02
 1.133199562E+03	 7.090000000E+02
 1.133753285E+03	 7.176666870E+02
 1.134306950E+03	 8.456666870E+02
 1.134860557E+03	 1.330333374E+03
 1.135414106E+03	 1.040333374E+03
 1.135967597E+03	 7.366666870E+02
 1.136521030E+03	 7.026666870E+02
 1.137074405E+03	 6.970000000E+02
 1.137627722E+03	 6.960000000E+02
 1.138180982E+03	 6.920000000E+02
 1.138734183E+03	 7.000000000E+02
 1.139287327E+03	 7.056666870E+02
 1.139840413E+03	 7.103333130E+02
 1.140393441E+03	 6.976666870E+02
 1.140946411E+03	 7.080000000E+02
 1.141499324E+03	 7.273333130E+02
 1.142052178E+03	 7.300000000E+02
 1.142604975E+03	 7.263333130E+02
 1.143157714E+03	 7.170000000E+02
 1.143710395E+03	 6.930000000E+02
 1.144263018E+03	 6.983333130E+02
 1.144815583E+03	 7.246666870E+02
 1.145368091E+03	 7.303333130E+02
 1.145920540E+03	 7.500000000E+02
 1.146472932E+03	 7.366666870E+02
 1.147025266E+03	 7.113333130E+02
 1.147577543E+03	 7.083333130E+02
 1.148129761E+03	 7.253333130E+02
 1.148681922E+03	 7.156666870E+02
 1.149234025E+03	 7.116666870E+02
 1.149786070E+03	 7.046666870E+02
 1.150338057E+03	 6.960000000E+02
 1.150889987E+03	 7.103333130E+02
 1.151441858E+03	 7.193333130E+02
 1.151993672E+03	 7.250000000E+02
 1.152545429E+03	 7.106666870E+02
 1.153097127E+03	 6.993333130E+02
 1.153648768E+03	 6.996666870E+02
 1.154200351E+03	 7.006666870E+02
 1.154751876E+03	 7.096666870E+02
 1.155303343E+03	 7.126666870E+02
 1.155854753E+03	 6.973333130E+02
 1.156406105E+03	 7.036666870E+02
 1.156957399E+03	 7.046666870E+02
 1.157508636E+03	 7.053333130E+02
 1.158059815E+03	 7.046666870E+02
 1.158610936E+03	 6.990000000E+02
 1.159161999E+03	 7.026666870E+02
 1.159713005E+03	 7.083333130E+02
 1.160263953E+03	 7.100000000E+02
 1.160814843E+03	 7.123333130E+02
 1.161365675E+03	 7.073333130E+02
 1.161916450E+03	 7.053333130E+02
 1.162467167E+03	 7.060000000E+02
 1.163017827E+03	 6.980000000E+02
 1.163568428E+03	 6.930000000E+02
 1.164118973E+03	 6.893333130E+02
 1.164669459E+03	 6.890000000E+02
 1.165219888E+03	 6.880000000E+02
 1.165770259E+03	 6.826666870E+02
 1.166320572E+03	 6.886666870E+02
 1.166870828E+03	 6.906666870E+02
 1.167421026E+03	 6.866666870E+02
 1.167971166E+03	 6.876666870E+02
 1.168521249E+03	 6.916666870E+02
 1.169071274E+03	 7.076666870E+02
 1.169621242E+03	 7.080000000E+02
 1.170171152E+03	 7.036666870E+02
 1.170721004E+03	 6.926666870E+02
 1.171270799E+03	 6.960000000E+02
 1.171820536E+03	 6.963333130E+02
 1.172370215E+03	 6.976666870E+02
 1.172919837E+03	 6.943333130E+02
 1.173469401E+03	 6.970000000E+02
 1.174018907E+03	 6.946666870E+02
 1.174568356E+03	 7.000000000E+02
 1.175117748E+03	 6.986666870E+02
 1.175667082E+03	 7.000000000E+02
 1.176216358E+03	 6.933333130E+02
 1.176765576E+03	 6.906666870E+02
 1.177314737E+03	 6.893333130E+02
 1.177863841E+03	 6.946666870E+02
 1.178412887E+03	 7.043333130E+02
 1.178961875E+03	 6.980000000E+02
 1.179510806E+03	 6.986666870E+02
 1.180059679E+03	 6.940000000E+02
 1.180608494E+03	 7.060000000E+02
 1.181157252E+03	 7.043333130E+02
 1.181705953E+03	 6.966666870E+02
 1.182254596E+03	 6.943333130E+02
 1.182803181E+03	 7.013333130E+02
 1.183351709E+03	 6.996666870E+02
 1.183900180E+03	 7.083333130E+02
 1.184448593E+03	 6.930000000E+02
 1.184996948E+03	 6.866666870E+02
 1.185545246E+03	 6.850000000E+02
 1.186093486E+03	 6.923333130E+02
 1.186641669E+03	 6.806666870E+02
 1.187189794E+03	 6.860000000E+02
 1.187737862E+03	 6.876666870E+02
 1.188285872E+03	 6.876666870E+02
 1.188833825E+03	 6.813333130E+02
 1.189381720E+03	 6.790000000E+02
 1.189929558E+03	 6.816666870E+02
 1.190477338E+03	 6.810000000E+02
 1.191025061E+03	 6.760000000E+02
 1.191572727E+03	 6.816666870E+02
 1.192120334E+03	 6.896666870E+02
 1.192667885E+03	 6.856666870E+02
 1.193215378E+03	 6.780000000E+02
 1.193762813E+03	 6.906666870E+02
 1.194310192E+03	 6.913333130E+02
 1.194857512E+03	 6.933333130E+02
 1.195404775E+03	 6.843333130E+02
 1.195951981E+03	 6.833333130E+02
 1.196499129E+03	 6.843333130E+02
 1.197046220E+03	 6.913333130E+02
 1.197593254E+03	 6.993333130E+02
 1.198140230E+03	 7.016666870E+02
 1.198687148E+03	 6.976666870E+02
 1.199234010E+03	 6.956666870E+02
 1.199780813E+03	 7.056666870E+02
 1.200327560E+03	 7.113333130E+02
 1.200874249E+03	 7.053333130E+02
 1.201420880E+03	 6.930000000E+02
 1.201967455E+03	 6.920000000E+02
 1.202513971E+03	 6.986666870E+02
 1.203060431E+03	 7.023333130E+02
 1.203606833E+03	 7.100000000E+02
 1.204153178E+03	 7.100000000E+02
 1.204699465E+03	 6.986666870E+02
 1.205245695E+03	 6.980000000E+02
 1.205791867E+03	 6.946666870E+02
 1.206337983E+03	 7.013333130E+02
 1.206884040E+03	 6.960000000E+02
 1.207430041E+03	 6.903333130E+02
 1.207975984E+03	 6.860000000E+02
 1.208521870E+03	 6.896666870E+02
 1.209067698E+03	 6.876666870E+02
 1.209613469E+03	 6.916666870E+02
 1.210159183E+03	 6.963333130E+02
 1.210704840E+03	 7.013333130E+02
 1.211250439E+03	 6.926666870E+02
 1.211795981E+03	 6.953333130E+02
 1.212341465E+03	 7.006666870E+02
 1.212886892E+03	 6.976666870E+02
 1.213432262E+03	 7.110000000E+02
 1.213977575E+03	 7.106666870E+02
 1.214522830E+03	 7.030000000E+02
 1.215068028E+03	 7.020000000E+02
 1.215613169E+03	 7.113333130E+02
 1.216158252E+03	 7.220000000E+02
 1.216703278E+03	 7.296666870E+02
 1.217248247E+03	 7.290000000E+02
 1.217793159E+03	 7.313333130E+02
 1.218338013E+03	 7.446666870E+02
 1.218882810E+03	 8.340000000E+02
 1.219427550E+03	 1.883666626E+03
 1.219972232E+03	 2.921666748E+03
 1.220516858E+03	 1.238333374E+03
 1.221061426E+03	 7.726666870E+02
 1.221605936E+03	 7.223333130E+02
 1.222150390E+03	 7.143333130E+02
 1.222694786E+03	 7.256666870E+02
 1.223239125E+03	 7.130000000E+02
 1.223783407E+03	 7.066666870E+02
 1.224327632E+03	 6.990000000E+02
 1.224871799E+03	 7.070000000E+02
 1.225415909E+03	 7.090000000E+02
 1.225959962E+03	 7.070000000E+02
 1.226503958E+03	 6.993333130E+02
 1.227047897E+03	 7.046666870E+02
 1.227591778E+03	 6.973333130E+02
 1.228135602E+03	 6.866666870E+02
 1.228679369E+03	 6.953333130E+02
 1.229223079E+03	 6.950000000E+02
 1.229766732E+03	 6.933333130E+02
 1.230310327E+03	 6.866666870E+02
 1.230853865E+03	 6.883333130E+02
 1.231397346E+03	 6.940000000E+02
 1.231940770E+03	 6.860000000E+02
 1.232484137E+03	 6.893333130E+02
 1.233027447E+03	 6.890000000E+02
 1.233570699E+03	 6.933333130E+02
 1.234113894E+03	 6.860000000E+02
 1.234657033E+03	 6.916666870E+02
 1.235200114E+03	 6.960000000E+02
 1.235743137E+03	 6.953333130E+02
 1.236286104E+03	 6.943333130E+02
 1.236829014E+03	 6.920000000E+02
 1.237371866E+03	 6.940000000E+02
 1.237914662E+03	 6.896666870E+02
 1.238457400E+03	 6.926666870E+02
 1.239000081E+03	 6.910000000E+02
 1.239542705E+03	 6.956666870E+02
 1.240085272E+03	 7.036666870E+02
 1.240627782E+03	 7.113333130E+02
 1.241170235E+03	 7.096666870E+02
 1.241712630E+03	 7.170000000E+02
 1.242254969E+03	 7.350000000E+02
 1.242797250E+03	 7.370000000E+02
 1.243339475E+03	 7.283333130E+02
 1.243881642E+03	 7.003333130E+02
 1.244423752E+03	 6.870000000E+02
 1.244965805E+03	 6.773333130E+02
 1.245507802E+03	 6.840000000E+02
 1.246049741E+03	 6.820000000E+02
 1.246591623E+03	 6.826666870E+02
 1.247133448E+03	 6.820000000E+02
 1.247675215E+03	 6.820000000E+02
 1.248216926E+03	 6.780000000E+02
 1.248758580E+03	 6.816666870E+02
 1.249300177E+03	 6.850000000E+02
 1.249841717E+03	 6.806666870E+02
 1.250383199E+03	 6.876666870E+02
 1.250924625E+03	 6.880000000E+02
 1.251465994E+03	 6.833333130E+02
 1.252007306E+03	 6.850000000E+02
 1.252548560E+03	 6.816666870E+02
 1.253089758E+03	 6.866666870E+02
 1.253630899E+03	 6.920000000E+02
 1.254171982E+03	 6.903333130E+02
 1.254713009E+03	 6.783333130E+02
 1.255253979E+03	 6.810000000E+02
 1.255794891E+03	 6.746666870E+02
 1.256335747E+03	 6.776666870E+02
 1.256876546E+03	 6.800000000E+02
 1.257417288E+03	 6.813333130E+02
 1.257957972E+03	 6.796666870E+02
 1.258498600E+03	 6.820000000E+02
 1.259039171E+03	 6.793333130E+02
 1.259579685E+03	 6.816666870E+02
 1.260120142E+03	 6.763333130E+02
 1.260660542E+03	 6.750000000E+02
 1.261200885E+03	 6.793333130E+02
 1.261741171E+03	 6.776666870E+02
 1.262281401E+03	 6.783333130E+02
 1.262821573E+03	 6.733333130E+02
 1.263361688E+03	 6.766666870E+02
 1.263901747E+03	 6.800000000E+02
 1.264441748E+03	 6.780000000E+02
 1.264981693E+03	 6.793333130E+02
 1.265521581E+03	 6.793333130E+02
 1.266061411E+03	 6.810000000E+02
 1.266601185E+03	 6.800000000E+02
 1.267140902E+03	 6.790000000E+02
 1.267680562E+03	 6.753333130E+02
 1.268220166E+03	 6.780000000E+02
 1.268759712E+03	 6.786666870E+02
 1.269299201E+03	 6.826666870E+02
 1.269838634E+03	 6.866666870E+02
 1.270378010E+03	 6.793333130E+02
 1.270917329E+03	 6.760000000E+02
 1.271456591E+03	 6.823333130E+02
 1.271995796E+03	 6.810000000E+02
 1.272534944E+03	 6.796666870E+02
 1.273074035E+03	 6.850000000E+02
 1.273613070E+03	 6.833333130E+02
 1.274152048E+03	 6.806666870E+02
 1.274690969E+03	 6.843333130E+02
 1.275229833E+03	 6.836666870E+02
 1.275768640E+03	 6.813333130E+02
 1.276307390E+03	 6.870000000E+02
 1.276846084E+03	 6.830000000E+02
 1.277384720E+03	 7.023333130E+02
 1.277923300E+03	 6.893333130E+02
 1.278461824E+03	 6.853333130E+02
 1.279000290E+03	 6.796666870E+02
 1.279538699E+03	 6.846666870E+02
 1.280077052E+03	 6.820000000E+02
 1.280615348E+03	 6.813333130E+02
 1.281153587E+03	 6.783333130E+02
 1.281691769E+03	 6.806666870E+02
 1.282229895E+03	 6.773333130E+02
 1.282767964E+03	 6.793333130E+02
 1.283305976E+03	 6.833333130E+02
 1.283843931E+03	 6.790000000E+02
 1.284381830E+03	 6.846666870E+02
 1.284919671E+03	 6.783333130E+02
 1.285457456E+03	 6.820000000E+02
 1.285995184E+03	 6.903333130E+02
 1.286532856E+03	 6.840000000E+02
 1.287070471E+03	 6.830000000E+02
 1.287608029E+03	 6.823333130E+02
 1.288145530E+03	 6.806666870E+02
 1.288682974E+03	 6.900000000E+02
 1.289220362E+03	 6.823333130E+02
 1.289757693E+03	 6.870000000E+02
 1.290294967E+03	 6.806666870E+02
 1.290832185E+03	 6.853333130E+02
 1.291369346E+03	 6.816666870E+02
 1.291906450E+03	 6.853333130E+02
 1.292443498E+03	 6.790000000E+02
 1.292980489E+03	 6.813333130E+02
 1.293517423E+03	 6.790000000E+02
 1.294054300E+03	 6.803333130E+02
 1.294591121E+03	 6.860000000E+02
 1.295127885E+03	 6.856666870E+02
 1.295664592E+03	 6.870000000E+02
 1.296201243E+03	 6.803333130E+02
 1.296737837E+03	 6.890000000E+02
 1.297274374E+03	 7.006666870E+02
 1.297810855E+03	 7.003333130E+02
 1.298347279E+03	 7.520000000E+02
 1.298883646E+03	 7.280000000E+02
 1.299419957E+03	 6.930000000E+02
 1.299956211E+03	 6.976666870E+02
 1.300492409E+03	 7.020000000E+02
 1.301028549E+03	 7.456666870E+02
 1.301564634E+03	 7.216666870E+02
 1.302100661E+03	 7.043333130E+02
 1.302636632E+03	 7.006666870E+02
 1.303172546E+03	 6.833333130E+02
 1.303708404E+03	 7.096666870E+02
 1.304244205E+03	 7.410000000E+02
 1.304779950E+03	 7.583333130E+02
 1.305315638E+03	 7.496666870E+02
 1.305851269E+03	 7.250000000E+02
 1.306386843E+03	 7.286666870E+02
 1.306922362E+03	 7.713333130E+02
 1.307457823E+03	 7.203333130E+02
 1.307993228E+03	 7.113333130E+02
 1.308528576E+03	 7.263333130E+02
 1.309063868E+03	 9.333333130E+02
 1.309599103E+03	 1.116666626E+03
 1.310134282E+03	 1.993000000E+03
 1.310669404E+03	 2.073000000E+03
 1.311204469E+03	 1.151666626E+03
 1.311739478E+03	 9.383333130E+02
 1.312274431E+03	 8.270000000E+02
 1.312809327E+03	 7.556666870E+02
 1.313344166E+03	 7.280000000E+02
 1.313878949E+03	 7.266666870E+02
 1.314413675E+03	 7.126666870E+02
 1.314948345E+03	 6.993333130E+02
 1.315482958E+03	 7.026666870E+02
 1.316017514E+03	 6.896666870E+02
 1.316552015E+03	 7.160000000E+02
 1.317086458E+03	 6.953333130E+02
 1.317620845E+03	 6.890000000E+02
 1.318155176E+03	 7.166666870E+02
 1.318689450E+03	 7.076666870E+02
 1.319223668E+03	 6.960000000E+02
 1.319757829E+03	 6.916666870E+02
 1.320291933E+03	 6.860000000E+02
 1.320825982E+03	 6.920000000E+02
 1.321359973E+03	 6.996666870E+02
 1.321893908E+03	 6.903333130E+02
 1.322427787E+03	 6.890000000E+02
 1.322961609E+03	 6.966666870E+02
 1.323495375E+03	 6.950000000E+02
 1.324029084E+03	 6.926666870E+02
 1.324562737E+03	 6.870000000E+02
 1.325096334E+03	 6.846666870E+02
 1.325629874E+03	 6.950000000E+02
 1.326163357E+03	 6.913333130E+02
 1.326696784E+03	 6.873333130E+02
 1.327230155E+03	 6.896666870E+02
 1.327763469E+03	 6.980000000E+02
 1.328296727E+03	 6.966666870E+02
 1.328829928E+03	 6.926666870E+02
 1.329363073E+03	 6.933333130E+02
 1.329896162E+03	 6.873333130E+02
 1.330429194E+03	 6.906666870E+02
 1.330962170E+03	 6.813333130E+02
 1.331495089E+03	 6.860000000E+02
 1.332027952E+03	 6.893333130E+02
 1.332560759E+03	 6.916666870E+02
 1.333093509E+03	 6.830000000E+02
 1.333626202E+03	 6.880000000E+02
 1.334158840E+03	 6.816666870E+02
 1.334691421E+03	 6.800000000E+02
 1.335223946E+03	 6.816666870E+02
 1.335756414E+03	 6.853333130E+02
 1.336288826E+03	 6.853333130E+02
 1.336821181E+03	 6.800000000E+02
 1.337353480E+03	 6.836666870E+02
 1.337885723E+03	 6.846666870E+02
 1.338417910E+03	 6.853333130E+02
 1.338950040E+03	 6.813333130E+02
 1.339482114E+03	 6.873333130E+02
 1.340014131E+03	 6.820000000E+02
 1.340546092E+03	 6.833333130E+02
 1.341077997E+03	 6.880000000E+02
 1.341609845E+03	 6.863333130E+02
 1.342141638E+03	 6.983333130E+02
 1.342673373E+03	 6.933333130E+02
 1.343205053E+03	 6.970000000E+02
 1.343736676E+03	 6.916666870E+02
 1.344268243E+03	 6.930000000E+02
 1.344799754E+03	 7.040000000E+02
 1.345331208E+03	 7.020000000E+02
 1.345862606E+03	 7.080000000E+02
 1.346393948E+03	 6.996666870E+02
 1.346925233E+03	 7.000000000E+02
 1.347456463E+03	 6.953333130E+02
 1.347987636E+03	 6.963333130E+02
 1.348518752E+03	 6.900000000E+02
 1.349049813E+03	 6.940000000E+02
 1.349580817E+03	 7.000000000E+02
 1.350111765E+03	 6.970000000E+02
 1.350642656E+03	 6.953333130E+02
 1.351173491E+03	 6.880000000E+02
 1.351704271E+03	 6.933333130E+02
 1.352234993E+03	 6.946666870E+02
 1.352765660E+03	 6.940000000E+02
 1.353296271E+03	 6.846666870E+02
 1.353826825E+03	 6.890000000E+02
 1.354357323E+03	 6.876666870E+02
 1.354887764E+03	 6.943333130E+02
 1.355418150E+03	 6.833333130E+02
 1.355948479E+03	 6.800000000E+02
 1.356478752E+03	 6.823333130E+02
 1.357008969E+03	 6.883333130E+02
 1.357539130E+03	 6.853333130E+02
 1.358069234E+03	 6.826666870E+02
 1.358599283E+03	 6.840000000E+02
 1.359129275E+03	 6.863333130E+02
 1.359659211E+03	 6.920000000E+02
 1.360189090E+03	 6.906666870E+02
 1.360718914E+03	 6.896666870E+02
 1.361248681E+03	 6.900000000E+02
 1.361778393E+03	 6.843333130E+02
 1.362308048E+03	 6.870000000E+02
 1.362837647E+03	 6.833333130E+02
 1.363367189E+03	 6.966666870E+02
 1.363896676E+03	 6.873333130E+02
 1.364426107E+03	 7.030000000E+02
 1.364955481E+03	 6.996666870E+02
 1.365484799E+03	 6.923333130E+02
 1.366014061E+03	 6.923333130E+02
 1.366543267E+03	 6.923333130E+02
 1.367072417E+03	 6.926666870E+02
 1.367601511E+03	 6.996666870E+02
 1.368130548E+03	 6.996666870E+02
 1.368659530E+03	 7.030000000E+02
 1.369188455E+03	 7.126666870E+02
 1.369717324E+03	 7.130000000E+02
 1.370246137E+03	 7.063333130E+02
 1.370774894E+03	 7.020000000E+02
 1.371303595E+03	 7.180000000E+02
 1.371832240E+03	 7.323333130E+02
 1.372360829E+03	 7.016666870E+02
 1.372889362E+03	 7.076666870E+02
 1.373417838E+03	 6.936666870E+02
 1.373946259E+03	 7.046666870E+02
 1.374474623E+03	 7.410000000E+02
 1.375002932E+03	 7.393333130E+02
 1.375531184E+03	 7.696666870E+02
 1.376059380E+03	 7.976666870E+02
 1.376587520E+03	 7.696666870E+02
 1.377115605E+03	 7.463333130E+02
 1.377643633E+03	 7.256666870E+02
 1.378171605E+03	 7.070000000E+02
 1.378699521E+03	 7.060000000E+02
 1.379227381E+03	 6.896666870E+02
 1.379755185E+03	 6.890000000E+02
 1.380282933E+03	 6.946666870E+02
 1.380810625E+03	 6.953333130E+02
 1.381338261E+03	 6.920000000E+02
 1.381865841E+03	 6.906666870E+02
 1.382393365E+03	 7.060000000E+02
 1.382920833E+03	 6.906666870E+02
 1.383448245E+03	 6.856666870E+02
 1.383975601E+03	 6.856666870E+02
 1.384502901E+03	 7.023333130E+02
 1.385030145E+03	 6.963333130E+02
 1.385557333E+03	 6.913333130E+02
 1.386084465E+03	 6.946666870E+02
 1.386611541E+03	 7.046666870E+02
 1.387138561E+03	 7.113333130E+02
 1.387665525E+03	 6.876666870E+02
 1.388192433E+03	 6.890000000E+02
 1.388719285E+03	 7.143333130E+02
 1.389246081E+03	 7.143333130E+02
 1.389772822E+03	 7.053333130E+02
 1.390299506E+03	 7.060000000E+02
 1.390826134E+03	 6.896666870E+02
 1.391352707E+03	 6.893333130E+02
 1.391879223E+03	 6.966666870E+02
 1.392405684E+03	 7.053333130E+02
 1.392932089E+03	 7.290000000E+02
 1.393458438E+03	 7.310000000E+02
 1.393984730E+03	 7.170000000E+02
 1.394510967E+03	 6.986666870E+02
 1.395037148E+03	 6.960000000E+02
 1.395563273E+03	 7.196666870E+02
 1.396089343E+03	 7.260000000E+02
 1.396615356E+03	 7.396666870E+02
 1.397141313E+03	 7.853333130E+02
 1.397667215E+03	 9.433333130E+02
 1.398193061E+03	 2.828333252E+03
 1.398718851E+03	 7.629000000E+03
 1.399244584E+03	 4.642333496E+03
 1.399770262E+03	 1.780333374E+03
 1.400295885E+03	 1.115000000E+03
 1.400821451E+03	 8.193333130E+02
 1.401346961E+03	 7.563333130E+02
 1.401872416E+03	 7.396666870E+02
 1.402397815E+03	 7.240000000E+02
 1.402923158E+03	 7.110000000E+02
 1.403448445E+03	 7.003333130E+02
 1.403973676E+03	 6.906666870E+02
 1.404498851E+03	 6.950000000E+02
 1.405023971E+03	 7.000000000E+02
 1.405549035E+03	 6.963333130E+02
 1.406074043E+03	 6.943333130E+02
 1.406598995E+03	 6.923333130E+02
 1.407123891E+03	 6.910000000E+02
 1.407648731E+03	 6.893333130E+02
 1.408173516E+03	 6.943333130E+02
 1.408698245E+03	 6.946666870E+02
 1.409222918E+03	 6.976666870E+02
 1.409747535E+03	 6.973333130E+02
 1.410272097E+03	 6.933333130E+02
 1.410796603E+03	 7.046666870E+02
 1.411321053E+03	 6.950000000E+02
 1.411845447E+03	 6.936666870E+02
 1.412369785E+03	 7.023333130E+02
 1.412894068E+03	 7.040000000E+02
 1.413418295E+03	 7.110000000E+02
 1.413942466E+03	 7.060000000E+02
 1.414466581E+03	 6.976666870E+02
 1.414990641E+03	 7.003333130E+02
 1.415514644E+03	 7.053333130E+02
 1.416038593E+03	 7.103333130E+02
 1.416562485E+03	 6.960000000E+02
 1.417086322E+03	 7.050000000E+02
 1.417610102E+03	 6.973333130E+02
 1.418133828E+03	 7.040000000E+02
 1.418657497E+03	 7.086666870E+02
 1.419181111E+03	 7.073333130E+02
 1.419704669E+03	 7.110000000E+02
 1.420228171E+03	 7.036666870E+02
 1.420751618E+03	 7.046666870E+02
 1.421275009E+03	 7.026666870E+02
 1.421798344E+03	 7.126666870E+02
 1.422321623E+03	 7.120000000E+02
 1.422844847E+03	 7.160000000E+02
 1.423368015E+03	 7.013333130E+02
 1.423891128E+03	 7.130000000E+02
 1.424414184E+03	 7.036666870E+02
 1.424937186E+03	 7.000000000E+02
 1.425460131E+03	 7.043333130E+02
 1.425983021E+03	 7.096666870E+02
 1.426505855E+03	 7.220000000E+02
 1.427028633E+03	 7.253333130E+02
 1.427551356E+03	 7.286666870E+02
 1.428074023E+03	 7.923333130E+02
 1.428596635E+03	 7.983333130E+02
 1.429119191E+03	 7.506666870E+02
 1.429641691E+03	 7.036666870E+02
 1.430164135E+03	 6.966666870E+02
 1.430686524E+03	 7.000000000E+02
 1.431208858E+03	 6.923333130E+02
 1.431731135E+03	 6.936666870E+02
 1.432253358E+03	 6.940000000E+02
 1.432775524E+03	 7.023333130E+02
 1.433297635E+03	 7.030000000E+02
 1.433819690E+03	 6.993333130E+02
 1.434341690E+03	 7.146666870E+02
 1.434863634E+03	 7.800000000E+02
 1.435385522E+03	 1.357666626E+03
 1.435907355E+03	 1.630666626E+03
 1.436429133E+03	 9.680000000E+02
 1.436950854E+03	 7.443333130E+02
 1.437472521E+03	 7.186666870E+02
 1.437994131E+03	 7.113333130E+02
 1.438515686E+03	 7.040000000E+02
 1.439037186E+03	 6.953333130E+02
 1.439558630E+03	 6.986666870E+02
 1.440080018E+03	 7.093333130E+02
 1.440601351E+03	 7.100000000E+02
 1.441122628E+03	 7.170000000E+02
 1.441643850E+03	 7.170000000E+02
 1.442165016E+03	 7.233333130E+02
 1.442686127E+03	 7.373333130E+02
 1.443207182E+03	 7.500000000E+02
 1.443728181E+03	 7.633333130E+02
 1.444249125E+03	 7.790000000E+02
 1.444770014E+03	 8.283333130E+02
 1.445290847E+03	 1.007333313E+03
 1.445811625E+03	 2.131666748E+03
 1.446332347E+03	 4.232333496E+03
 1.446853013E+03	 2.033966602E+04
 1.447373624E+03	 3.205033398E+04
 1.447894180E+03	 9.420333008E+03
 1.448414680E+03	 2.174666748E+03
 1.448935124E+03	 1.105000000E+03
 1.449455513E+03	 8.976666870E+02
 1.449975847E+03	 8.000000000E+02
 1.450496125E+03	 7.906666870E+02
 1.451016348E+03	 7.660000000E+02
 1.451536515E+03	 7.493333130E+02
 1.452056627E+03	 7.380000000E+02
 1.452576683E+03	 7.243333130E+02
 1.453096684E+03	 7.266666870E+02
 1.453616629E+03	 7.190000000E+02
 1.454136519E+03	 7.086666870E+02
 1.454656354E+03	 7.070000000E+02
 1.455176133E+03	 6.946666870E+02
 1.455695857E+03	 7.003333130E+02
 1.456215525E+03	 6.956666870E+02
 1.456735138E+03	 6.973333130E+02
 1.457254695E+03	 6.946666870E+02
 1.457774197E+03	 6.843333130E+02
