1042.452273	694.0
1043.018714	693.5
1043.585098	691.5
1044.151424	689.75
1044.717692	691.75
1045.283903	692.75
1045.850056	688.25
1046.416151	688.0
1046.982188	685.75
1047.548167	686.5
1048.114089	689.25
1048.679953	685.25
1049.24576	684.25
1049.811509	682.25
1050.3772	685.0
1050.942833	682.25
1051.508408	682.5
1052.073926	680.5
1052.639387	681.0
1053.204789	680.75
1053.770134	679.75
1054.335421	683.25
1054.900651	682.75
1055.465823	684.5
1056.030937	678.25
1056.595993	679.25
1057.160992	680.75
1057.725934	683.5
1058.290817	682.25
1058.855643	680.0
1059.420411	678.25
1059.985122	682.5
1060.549775	679.5
1061.114371	684.75
1061.678908	680.5
1062.243389	680.5
1062.807811	682.75
1063.372176	682.0
1063.936483	681.5
1064.500733	678.25
1065.064925	680.0
1065.62906	683.0
1066.193137	678.0
1066.757156	681.5
1067.321118	683.0
1067.885022	681.0
1068.448869	679.25
1069.012658	679.75
1069.57639	684.25
1070.140063	685.5
1070.70368	680.5
1071.267239	684.0
1071.83074	678.0
1072.394184	678.5
1072.95757	679.25
1073.520899	678.5
1074.08417	680.0
1074.647383	677.5
1075.21054	677.75
1075.773638	676.75
1076.336679	679.25
1076.899663	676.5
1077.462589	677.5
1078.025457	679.75
1078.588268	679.25
1079.151022	679.0
1079.713718	678.5
1080.276356	680.0
1080.838937	679.75
1081.401461	676.5
1081.963927	678.75
1082.526336	677.0
1083.088687	679.75
1083.650981	678.25
1084.213217	677.25
1084.775396	678.25
1085.337517	679.75
1085.899581	680.5
1086.461587	678.25
1087.023536	674.75
1087.585428	675.75
1088.147262	677.5
1088.709039	679.5
1089.270758	683.5
1089.83242	674.5
1090.394024	675.0
1090.955571	679.75
1091.517061	681.0
1092.078493	678.5
1092.639868	678.75
1093.201185	679.75
1093.762445	676.25
1094.323648	676.5
1094.884793	680.5
1095.445881	682.0
1096.006911	677.25
1096.567884	677.75
1097.1288	682.75
1097.689659	675.75
1098.25046	678.5
1098.811203	680.0
1099.37189	679.0
1099.932518	678.25
1100.49309	679.0
1101.053604	676.75
1101.614061	678.0
1102.174461	674.0
1102.734803	675.0
1103.295088	679.75
1103.855316	677.0
1104.415486	678.0
1104.975599	680.5
1105.535655	677.75
1106.095653	675.5
1106.655594	678.0
1107.215478	680.25
1107.775305	677.0
1108.335074	675.25
1108.894786	678.75
1109.45444	678.25
1110.014038	676.25
1110.573578	677.5
1111.133061	677.25
1111.692486	679.0
1112.251854	676.0
1112.811165	674.75
1113.370419	677.5
1113.929616	678.5
1114.488755	672.75
1115.047837	681.0
1115.606862	674.0
1116.16583	677.25
1116.72474	675.25
1117.283593	678.75
1117.842389	674.75
1118.401128	680.75
1118.959809	672.5
1119.518433	672.75
1120.077	678.5
1120.63551	677.0
1121.193963	679.0
1121.752358	676.0
1122.310697	675.5
1122.868978	678.25
1123.427202	675.75
1123.985368	675.25
1124.543478	678.75
1125.10153	681.0
1125.659526	675.75
1126.217464	675.5
1126.775345	675.5
1127.333168	677.25
1127.890935	680.0
1128.448644	673.5
1129.006297	675.5
1129.563892	678.5
1130.12143	674.25
1130.678911	677.75
1131.236335	672.5
1131.793701	673.5
1132.351011	680.75
1132.908263	677.5
1133.465458	678.75
1134.022597	677.75
1134.579678	674.25
1135.136702	678.5
1135.693669	679.25
1136.250578	679.5
1136.807431	673.25
1137.364227	674.75
1137.920965	675.0
1138.477647	676.0
1139.034271	674.5
1139.590839	676.25
1140.147349	671.0
1140.703802	674.0
1141.260198	671.75
1141.816537	674.75
1142.37282	675.0
1142.929045	674.5
1143.485213	671.25
1144.041323	676.25
1144.597377	676.25
1145.153374	674.5
1145.709314	675.5
1146.265197	674.0
1146.821023	674.0
1147.376792	679.0
1147.932503	674.5
1148.488158	674.75
1149.043756	675.5
1149.599297	677.0
1150.154781	675.0
1150.710207	676.25
1151.265577	676.75
1151.82089	676.25
1152.376146	675.5
1152.931345	673.5
1153.486487	674.75
1154.041572	677.75
1154.5966	671.5
1155.151571	674.75
1155.706485	676.75
1156.261342	678.0
1156.816142	673.0
1157.370885	672.75
1157.925572	671.75
1158.480201	677.25
1159.034774	676.75
1159.589289	675.5
1160.143748	677.5
1160.698149	675.5
1161.252494	673.75
1161.806782	674.75
1162.361013	676.75
1162.915187	670.25
1163.469304	676.0
1164.023364	675.5
1164.577368	674.25
1165.131314	678.0
1165.685204	676.0
1166.239036	677.5
1166.792812	673.25
1167.346531	672.0
1167.900193	680.75
1168.453798	676.0
1169.007347	675.25
1169.560838	673.75
1170.114273	674.75
1170.66765	675.5
1171.220971	675.5
1171.774235	676.75
1172.327443	680.5
1172.880593	673.0
1173.433687	673.5
1173.986723	675.25
1174.539703	676.75
1175.092626	676.25
1175.645493	671.75
1176.198302	676.0
1176.751055	676.0
1177.303751	677.0
1177.85639	675.5
1178.408972	675.0
1178.961498	676.25
1179.513966	672.25
1180.066378	671.5
1180.618733	671.0
1181.171032	673.25
1181.723273	680.25
1182.275458	677.25
1182.827586	673.75
1183.379657	677.25
1183.931672	675.5
1184.48363	674.5
1185.035531	676.0
1185.587375	674.25
1186.139162	677.5
1186.690893	675.5
1187.242567	676.5
1187.794184	674.75
1188.345745	677.0
1188.897249	679.5
1189.448696	678.75
1190.000086	676.25
1190.55142	672.0
1191.102697	677.0
1191.653918	674.25
1192.205081	674.0
1192.756188	675.0
1193.307238	686.5
1193.858232	673.25
1194.409169	676.0
1194.960049	678.25
1195.510872	676.75
1196.061639	676.25
1196.612349	679.0
1197.163003	679.5
1197.713599	675.25
1198.264139	679.75
1198.814623	677.0
1199.36505	676.25
1199.91542	680.0
1200.465734	673.5
1201.01599	677.5
1201.566191	681.5
1202.116334	675.5
1202.666421	676.75
1203.216452	678.5
1203.766425	680.0
1204.316343	680.0
1204.866203	678.75
1205.416007	679.75
1205.965754	678.5
1206.515445	677.75
1207.065079	678.25
1207.614657	674.25
1208.164177	672.0
1208.713642	677.25
1209.26305	681.0
1209.812401	675.0
1210.361695	681.25
1210.910933	676.0
1211.460115	678.0
1212.00924	679.75
1212.558308	681.5
1213.10732	678.25
1213.656275	681.0
1214.205174	678.25
1214.754016	681.5
1215.302801	676.25
1215.85153	679.0
1216.400203	682.75
1216.948819	683.25
1217.497378	681.75
1218.045881	682.5
1218.594327	678.75
1219.142717	681.5
1219.691051	683.0
1220.239327	684.75
1220.787548	681.5
1221.335712	683.0
1221.883819	682.5
1222.43187	689.5
1222.979864	685.75
1223.527802	685.75
1224.075683	684.0
1224.623508	687.25
1225.171277	682.5
1225.718989	687.25
1226.266644	686.25
1226.814243	691.75
1227.361786	681.75
1227.909272	684.0
1228.456702	686.0
1229.004075	690.0
1229.551392	687.25
1230.098652	691.0
1230.645856	688.25
1231.193003	689.25
1231.740094	690.75
1232.287129	690.5
1232.834107	691.5
1233.381029	693.75
1233.927894	692.0
1234.474703	692.5
1235.021455	687.75
1235.568151	691.5
1236.114791	692.5
1236.661374	691.5
1237.207901	694.5
1237.754372	697.25
1238.300786	696.25
1238.847144	695.75
1239.393445	697.5
1239.93969	696.25
1240.485879	693.25
1241.032011	697.25
1241.578087	703.0
1242.124106	697.5
1242.67007	697.25
1243.215976	698.5
1243.761827	701.25
1244.307621	702.25
1244.853359	702.5
1245.39904	703.5
1245.944665	703.25
1246.490234	705.0
1247.035746	703.75
1247.581203	709.0
1248.126602	705.75
1248.671946	710.25
1249.217233	709.75
1249.762464	713.5
1250.307638	707.5
1250.852757	714.25
1251.397819	712.75
1251.942824	712.25
1252.487774	710.0
1253.032667	710.75
1253.577503	713.0
1254.122284	710.75
1254.667008	713.5
1255.211676	708.25
1255.756288	710.5
1256.300843	711.5
1256.845342	714.25
1257.389785	719.5
1257.934172	729.75
1258.478502	736.25
1259.566994	745.5
1260.111156	738.25
1260.655261	738.25
1261.199311	743.25
1261.743304	757.75
1262.28724	777.25
1262.831121	805.25
1263.374945	842.25
1263.918713	910.0
1264.462425	987.25
1265.006081	1007.0
1265.54968	943.5
1266.093223	843.0
1266.636711	788.0
1267.180141	768.0
1267.723516	745.5
1268.266835	738.5
1268.810097	736.25
1269.353303	739.25
1269.896453	734.25
1270.439547	739.0
1270.982584	735.5
1271.525566	741.25
1272.068491	734.75
1272.61136	734.25
1273.154173	733.75
1273.69693	735.25
1274.239631	733.0
1274.782275	738.75
1275.324864	744.5
1275.867396	740.0
1276.409872	736.75
1276.952292	743.25
1277.494656	745.0
1278.036964	757.0
1278.579215	755.75
1279.121411	763.5
1279.66355	773.5
1280.205634	785.75
1280.747661	801.75
1281.289632	836.25
1281.831547	898.25
1282.373406	1013.25
1282.915209	1249.0
1283.456955	1739.25
1283.998646	2838.75
1284.540281	4706.0
1285.081859	5605.5
1285.623381	3667.5
1286.164848	1912.75
1286.706258	1232.0
1287.247612	993.5
1287.788911	877.0
1288.330153	829.75
1288.871339	815.25
1289.412469	789.25
1289.953543	771.5
1290.494561	770.25
1291.035523	763.25
1291.576428	760.25
1292.117278	747.25
1292.658072	749.5
1293.19881	751.25
1293.739492	740.5
1294.280118	744.75
1294.820687	739.25
1295.361201	739.5
1295.901659	736.75
1296.442061	735.0
1296.982406	735.25
1297.522696	729.25
1298.06293	728.75
1298.603108	729.5
1299.143229	730.75
1299.683295	730.0
1300.223305	731.75
1300.763259	731.0
1301.303157	731.75
1301.842999	726.5
1302.382785	728.5
1302.922515	733.5
1303.462189	722.25
1304.001807	725.25
1304.541369	723.0
1305.080875	730.25
1305.620326	724.75
1306.15972	725.25
1306.699058	722.75
1307.238341	721.25
1307.777567	728.75
1308.316738	722.25
1308.855853	726.75
1309.394912	726.25
1309.933915	727.5
1310.472862	729.25
1311.011753	721.25
1311.550588	725.0
1312.089367	721.5
1312.62809	727.75
1313.166758	723.25
1313.70537	723.75
1314.243925	726.5
1314.782425	726.0
1315.320869	724.25
1315.859257	721.5
1316.397589	720.5
1316.935866	725.25
1317.474086	725.25
1318.012251	719.0
1318.55036	719.25
1319.088413	718.25
1319.62641	718.25
1320.164351	717.75
1320.702236	715.5
1321.240066	715.75
1321.777839	718.75
1322.315557	717.25
1322.853219	719.5
1323.390826	718.5
1323.928376	720.75
1324.465871	720.25
1325.003309	721.0
1325.540692	716.5
1326.07802	717.25
1326.615291	719.5
1327.152506	722.25
1327.689666	718.25
1328.22677	722.5
1328.763818	719.0
1329.300811	720.0
1329.837747	719.75
1330.374628	719.0
1330.911453	718.25
1331.448222	716.75
1331.984936	724.25
1332.521594	717.5
1333.058196	721.75
1333.594742	722.75
1334.131232	719.0
1334.667667	717.0
1335.204046	720.0
1335.740369	717.25
1336.276637	724.75
1336.812848	723.0
1337.349004	723.25
1337.885105	716.25
1338.421149	723.5
1338.957138	720.5
1339.493071	723.25
1340.028949	721.25
1340.56477	723.5
1341.100536	728.5
1341.636246	721.5
1342.171901	725.0
1342.7075	727.5
1343.243043	728.5
1343.77853	724.75
1344.313962	723.25
1344.849338	725.5
1345.384659	728.25
1345.919923	729.0
1346.455133	732.5
1346.990286	729.5
1347.525384	728.75
1348.060426	730.0
1348.595412	725.25
1349.130343	732.0
1349.665218	728.25
1350.200037	735.75
1350.734801	732.75
1351.269509	728.5
1351.804162	730.25
1352.338758	737.0
1352.8733	727.75
1353.407785	729.5
1353.942215	729.75
1354.476589	730.75
1355.010908	736.5
1355.545171	731.0
1356.079379	738.0
1356.61353	734.25
1357.147627	729.5
1357.681667	726.5
1358.215652	734.5
1358.749582	734.0
1359.283456	729.75
1359.817274	730.0
1360.351037	733.25
1360.884744	733.5
1361.418395	734.5
1361.951991	736.25
1362.485531	735.75
1363.019016	734.75
1363.552445	738.0
1364.085819	741.25
1364.619137	745.0
1365.1524	746.25
1365.685607	749.25
1366.218758	754.75
1366.751854	749.25
1367.284894	740.0
1367.817879	740.75
1368.350808	740.75
1368.883682	747.0
1369.4165	764.0
1369.949263	842.0
1370.48197	902.75
1371.014622	806.0
1371.547218	755.75
1372.079758	749.75
1372.612244	752.0
1373.144673	746.5
1373.677047	750.25
1374.209366	748.75
1374.741629	749.25
1375.273836	749.25
1375.805989	751.5
1376.338085	758.25
1376.870126	755.75
1377.402112	752.25
1377.934042	760.25
1378.465917	759.5
1378.997736	768.75
1379.5295	771.0
1380.061208	763.5
1380.592861	773.5
1381.124459	778.25
1381.656	784.25
1382.187487	787.75
1382.718918	801.75
1383.250294	814.5
1383.781614	836.25
1384.312879	853.0
1384.844088	890.25
1385.375242	950.25
1385.90634	1056.75
1386.437383	1255.5
1386.968371	1713.0
1387.499303	2986.0
1388.03018	6841.75
1388.561001	10496.5
1389.091767	6539.25
1389.622478	2624.25
1390.153133	1460.75
1390.683733	1103.75
1391.214277	970.25
1391.744766	894.25
1392.2752	850.25
1392.805578	825.75
1393.335901	803.0
1393.866168	792.5
1394.396381	784.25
1394.926537	772.5
1395.456639	766.0
1395.986685	765.0
1396.516675	760.75
1397.046611	762.75
1397.576491	756.25
1398.106315	755.75
1398.636084	751.25
1399.165798	755.75
1399.695457	751.5
1400.22506	750.25
1400.754608	747.75
1401.284101	747.5
1401.813538	745.5
1402.34292	745.5
1402.872247	752.5
1403.401518	749.75
1403.930734	749.0
1404.459895	759.0
1404.989	758.5
1405.51805	760.0
1406.047045	766.5
1406.575984	775.25
1407.104869	792.75
1407.633697	814.5
1408.162471	862.25
1408.691189	941.75
1409.219852	1074.0
1409.74846	1269.25
1410.277013	1265.5
1410.80551	1056.5
1411.333952	888.25
1411.862339	814.25
1412.39067	771.75
1412.918946	764.25
1413.447167	745.75
1413.975333	736.0
1414.503444	731.75
1415.031499	732.25
1415.559499	731.0
1416.087444	732.0
1416.615333	725.0
1417.143167	715.25
1417.670947	722.75
1418.19867	722.5
1418.726339	722.0
1419.253952	714.75
1419.781511	722.75
1420.309014	721.25
1420.836461	720.5
1421.363854	719.25
1421.891191	714.75
1422.418474	721.25
1422.945701	716.25
1423.472872	718.5
1423.999989	721.0
1424.52705	723.25
1425.054057	722.0
1425.581008	723.0
1426.107904	726.5
1426.634745	722.5
1427.16153	717.5
1427.688261	718.0
1428.214936	712.75
1428.741556	710.0
1429.268121	703.25
1429.794631	703.5
1430.321085	707.0
1430.847485	707.0
1431.373829	704.5
1431.900118	698.75
1432.426353	705.25
1432.952532	698.75
1433.478655	699.5
1434.004724	698.25
1434.530738	694.75
1435.056696	699.75
1435.5826	695.5
1436.108448	701.25
1436.634241	699.75
1437.159979	695.5
1437.685662	698.0
1438.21129	694.5
1438.736863	699.25
1439.262381	694.5
1439.787843	692.0
1440.313251	691.5
1440.838603	693.25
1441.3639	696.25
1441.889143	691.25
1442.41433	694.25
1442.939462	694.5
1443.464539	690.5
1443.989561	693.25
1444.514528	690.25
1445.03944	685.25
1445.564297	686.25
1446.089099	690.25
1446.613846	687.5
1447.138537	688.0
1447.663174	692.25
1448.187756	684.0
1448.712282	683.25
1449.236754	684.5
1449.761171	688.0
1450.285532	686.75
1450.809839	685.75
1451.33409	686.25
1451.858287	684.5
1452.382428	682.25
1452.906515	686.0
1453.430546	688.25
1453.954523	685.25
1454.478444	683.25
1455.002311	683.25
1455.526123	682.5
1456.049879	680.5
1456.573581	679.75
1457.097227	686.75
1457.620819	684.0
1458.144356	687.0
1458.667837	680.75
1459.191264	680.75
1459.714636	679.25
1460.237952	678.25
1460.761214	683.25
1461.284421	678.75
1461.807573	682.25
1462.33067	682.75
1462.853712	681.25
1463.376699	683.75
1463.899632	676.0
1464.422509	680.75
1464.945331	680.25
1465.468099	681.25
1465.990811	678.25
1467.558619	678.75
1468.081112	680.0
1468.60355	681.5
1469.125933	677.75
1469.648261	677.25
1470.170534	678.75
1470.692752	677.5
1471.214916	680.75
1471.737024	679.0
1472.259078	679.0
1472.781077	675.5
1473.303021	676.0
1473.82491	673.75
1474.346744	678.5
1474.868523	678.0
1475.390248	675.75
1475.911917	676.0
1476.433532	679.75
1476.955092	679.5
1477.476597	675.5
1477.998047	679.25
1478.519442	681.0
1479.040783	674.5
1479.562068	674.25
1480.083299	678.0
1480.604475	679.5
1481.125596	677.5
1481.646663	679.0
1482.167674	677.75
1482.688631	676.0
1483.209533	675.25
1483.73038	674.75
1484.251172	677.25
1484.771909	675.0
1485.292592	677.25
1485.81322	673.25
1486.333793	678.75
1486.854311	674.5
1487.374775	673.25
1487.895183	676.5
1488.415537	675.0
1488.935836	680.75
1489.456081	676.5
1489.97627	678.75
1490.496405	677.0
1491.016485	677.75
1491.536511	678.0
1492.056481	680.25
1492.576397	679.75
1493.096258	677.25
1493.616064	678.5
1494.135816	676.25
1494.655513	677.0
1495.175155	677.0
1495.694742	677.75
1496.214274	675.5
1496.733752	680.75
1497.253175	676.5
1497.772544	681.25
1498.291858	678.0
1498.811116	681.5
1499.330321	681.25
1499.84947	684.75
1500.368565	677.0
1500.887605	680.25
1501.406591	679.25
1501.925521	674.25
1502.444397	679.75
1502.963219	675.5
1503.481985	677.75
1504.000697	679.5
1504.519355	681.0
1505.037957	680.5
1505.556505	685.0
1506.074999	681.0
1506.593437	681.5
1507.111821	679.5
1507.63015	682.0
1508.148425	680.75
1508.666645	677.75
1509.18481	675.75
1509.702921	680.25
1510.220977	681.5
1510.738979	686.25
1511.256925	679.75
1511.774817	677.25
1512.292655	678.75
1512.810438	682.5
1513.328166	680.75
1513.84584	676.75
1514.363459	680.25
1514.881023	679.5
1515.398533	681.0
1515.915988	678.5
1516.433389	680.75
1516.950734	677.0
1517.468026	680.25
1517.985263	679.75
1518.502445	677.75
1519.019572	681.5
1519.536645	682.25
1520.053664	678.25
1520.570628	679.25
1521.087537	682.0
1521.604392	677.75
1522.121192	680.75
1522.637937	682.75
1523.154628	678.25
1523.671265	679.5
1524.187847	678.0
1524.704374	679.0
1525.220847	677.25
1525.737265	677.25
1526.253629	681.0
1526.769938	677.25
1527.286192	678.25
1527.802392	677.0
1528.318538	680.25
1528.834629	677.0
1529.350666	683.75
1529.866648	680.25
1530.382575	678.5
1530.898448	677.5
1531.414266	682.5
1531.93003	680.5
1532.44574	683.25
1532.961395	680.25
1533.476995	680.25
1533.992541	678.0
1534.508033	677.75
1535.02347	677.0
1535.538852	675.0
1536.05418	676.25
1536.569454	674.75
1537.084673	677.5
1537.599837	678.0
1538.114947	680.0
1538.630003	676.25
1539.145004	678.75
1539.659951	679.75
1540.174843	679.25
1540.689681	678.25
1541.204465	681.25
1541.719194	676.0
1542.233868	679.0
1542.748488	676.5
1543.263054	682.25
1543.777565	679.25
1544.292022	677.5
1544.806424	677.75
1545.320772	680.25
1545.835066	682.25
1546.349305	675.25
1546.863489	678.5
1547.37762	678.75
1547.891696	677.0
1548.405717	675.0
1548.919684	680.25
1549.433597	680.0
1549.947455	679.25
1550.461259	678.25
1550.975009	680.5
1551.488704	673.5
1552.002345	681.75
1552.515931	677.5
1553.029463	678.0
1553.542941	681.0
1554.056364	678.25
1554.569733	677.5
1555.083048	680.25
1555.596308	676.5
1556.109514	683.5
1556.622665	680.5
1557.135762	678.75
1557.648805	679.5
1558.161794	682.0
1558.674728	676.75
1559.187608	681.75
1559.700433	678.75
1560.213205	677.25
1560.725921	676.75
1561.238584	681.75
1561.751192	684.75
1562.263746	679.25
1562.776246	677.75
1563.288691	679.0
1563.801082	682.75
1564.313419	679.5
1564.825701	678.0
1565.337929	680.0
1565.850103	678.5
1566.362223	677.75
1566.874288	679.25
1567.386299	680.0
1567.898256	682.5
1568.410158	678.25
1568.922007	679.75
1569.4338	678.0
1569.94554	680.25
1570.457226	675.5
1570.968857	680.5
1571.480434	681.75
1571.991956	678.5
1572.503425	680.5
1573.014839	679.25
1573.526199	679.5
1574.037505	678.5
1574.548756	683.5
1575.059953	678.5
1575.571096	678.5
1576.082185	682.25
1576.59322	682.75
1577.1042	677.25
1577.615126	677.0
1578.125998	680.75
1578.636816	681.75
1579.14758	678.5
1579.658289	678.5
1580.168944	684.75
1580.679545	683.75
1581.190092	681.75
1581.700585	683.75
1582.211023	677.5
1582.721407	680.75
1583.231737	678.5
1583.742013	680.5
1584.252235	677.5
1584.762403	679.5
1585.272516	679.75
1585.782575	680.5
1586.292581	678.0
1586.802532	679.75
1587.312428	678.25
1587.822271	679.0
1588.33206	676.5
1588.841794	678.25
1589.351474	681.25
1589.8611	678.25
1590.370672	679.5
1590.88019	676.75
1591.389654	682.5
1591.899064	678.75
1592.408419	681.5
