1042.452273	694.25
1043.018714	692.0
1043.585098	693.75
1044.151424	694.25
1044.717692	694.5
1045.283903	692.5
1045.850056	689.5
1046.416151	690.25
1046.982188	690.5
1047.548167	686.75
1048.114089	683.0
1048.679953	684.75
1049.24576	688.25
1049.811509	685.5
1050.3772	685.0
1050.942833	689.25
1051.508408	687.0
1052.073926	685.25
1052.639387	685.25
1053.204789	684.0
1053.770134	686.25
1054.335421	686.0
1054.900651	684.5
1055.465823	687.0
1056.030937	683.75
1056.595993	684.5
1057.160992	681.5
1057.725934	683.75
1058.290817	680.5
1058.855643	682.25
1059.420411	683.5
1059.985122	686.75
1060.549775	682.0
1061.114371	682.25
1061.678908	681.5
1062.243389	679.5
1062.807811	680.5
1063.372176	684.0
1063.936483	683.5
1064.500733	683.0
1065.064925	681.0
1065.62906	680.5
1066.193137	681.0
1066.757156	686.5
1067.321118	681.75
1067.885022	684.75
1068.448869	678.75
1069.012658	680.5
1069.57639	683.75
1070.140063	687.25
1070.70368	683.0
1071.267239	679.25
1071.83074	679.0
1072.394184	685.25
1072.95757	677.75
1073.520899	680.75
1074.08417	684.0
1074.647383	678.25
1075.21054	678.25
1075.773638	679.25
1076.336679	682.25
1076.899663	682.5
1077.462589	678.5
1078.025457	680.25
1078.588268	679.25
1079.151022	681.0
1079.713718	680.75
1080.276356	680.5
1080.838937	676.0
1081.401461	682.0
1081.963927	680.25
1082.526336	681.0
1083.088687	680.0
1083.650981	676.25
1084.213217	680.75
1084.775396	680.25
1085.337517	677.25
1085.899581	679.25
1086.461587	679.25
1087.023536	680.5
1087.585428	680.25
1088.147262	678.25
1088.709039	677.5
1089.270758	682.75
1089.83242	677.75
1090.394024	677.0
1090.955571	681.5
1091.517061	679.25
1092.078493	679.75
1092.639868	681.25
1093.201185	682.0
1093.762445	678.25
1094.323648	677.5
1094.884793	681.5
1095.445881	677.75
1096.006911	678.5
1096.567884	679.5
1097.1288	683.0
1097.689659	678.25
1098.25046	678.75
1098.811203	681.75
1099.37189	676.75
1099.932518	676.0
1100.49309	680.0
1101.053604	680.25
1101.614061	676.75
1102.174461	678.75
1102.734803	677.25
1103.295088	680.5
1103.855316	680.75
1104.415486	681.25
1104.975599	680.0
1105.535655	678.5
1106.095653	676.5
1106.655594	680.25
1107.215478	679.25
1107.775305	676.75
1108.335074	681.0
1108.894786	676.75
1109.45444	679.25
1110.014038	681.75
1110.573578	679.0
1111.133061	680.25
1111.692486	678.75
1112.251854	678.25
1112.811165	679.75
1113.370419	679.25
1113.929616	675.25
1114.488755	675.0
1115.047837	678.0
1115.606862	683.75
1116.16583	677.25
1116.72474	676.5
1117.283593	679.25
1117.842389	680.5
1118.401128	677.5
1118.959809	673.5
1119.518433	675.0
1120.077	676.75
1120.63551	675.0
1121.193963	678.75
1121.752358	678.75
1122.310697	674.75
1122.868978	676.5
1123.427202	677.5
1123.985368	678.75
1124.543478	678.25
1125.10153	678.75
1125.659526	676.75
1126.217464	674.25
1126.775345	681.0
1127.333168	678.25
1127.890935	677.25
1128.448644	675.5
1129.006297	675.25
1129.563892	677.5
1130.12143	677.75
1130.678911	679.5
1131.236335	682.25
1131.793701	677.25
1132.351011	676.25
1132.908263	676.25
1133.465458	674.75
1134.022597	677.75
1134.579678	680.5
1135.136702	677.0
1135.693669	678.5
1136.250578	674.25
1136.807431	677.5
1137.364227	675.25
1137.920965	677.5
1138.477647	679.0
1139.034271	678.0
1139.590839	681.0
1140.147349	676.25
1140.703802	676.5
1141.260198	678.5
1141.816537	674.5
1142.37282	679.75
1142.929045	675.5
1143.485213	675.5
1144.041323	676.25
1144.597377	675.75
1145.153374	674.5
1145.709314	677.75
1146.265197	676.25
1146.821023	678.75
1147.376792	675.5
1147.932503	681.0
1148.488158	677.25
1149.043756	676.25
1149.599297	677.0
1150.154781	676.75
1150.710207	675.25
1151.265577	673.5
1151.82089	672.25
1152.376146	677.5
1152.931345	677.75
1153.486487	675.75
1154.041572	673.0
1154.5966	678.5
1155.151571	675.75
1155.706485	678.75
1156.261342	676.5
1156.816142	678.75
1157.370885	678.75
1157.925572	677.0
1158.480201	674.5
1159.034774	677.75
1159.589289	674.75
1160.143748	677.5
1160.698149	680.5
1161.252494	676.75
1161.806782	678.25
1162.361013	677.75
1162.915187	677.75
1163.469304	674.75
1164.023364	673.0
1164.577368	674.25
1165.131314	676.0
1165.685204	674.25
1166.239036	676.5
1166.792812	679.0
1167.346531	672.25
1167.900193	675.0
1168.453798	680.0
1169.007347	676.0
1169.560838	677.5
1170.114273	677.5
1170.66765	676.25
1171.220971	679.25
1171.774235	677.5
1172.327443	679.25
1172.880593	672.5
1173.433687	675.75
1173.986723	677.75
1174.539703	677.5
1175.092626	674.5
1175.645493	676.5
1176.198302	679.0
1176.751055	679.25
1177.303751	678.0
1177.85639	679.0
1178.408972	675.25
1178.961498	673.0
1179.513966	674.75
1180.066378	677.25
1180.618733	676.0
1181.171032	677.75
1181.723273	677.25
1182.275458	677.75
1182.827586	674.0
1183.379657	678.75
1183.931672	677.75
1184.48363	678.25
1185.035531	678.25
1185.587375	680.0
1186.139162	676.75
1186.690893	676.0
1187.242567	675.75
1187.794184	674.25
1188.345745	675.0
1188.897249	675.75
1189.448696	677.0
1190.000086	677.5
1190.55142	675.75
1191.102697	676.25
1191.653918	677.75
1192.205081	677.25
1192.756188	680.25
1193.307238	691.75
1193.858232	677.0
1194.409169	678.25
1194.960049	677.25
1195.510872	676.5
1196.061639	679.0
1196.612349	676.75
1197.163003	675.75
1197.713599	677.0
1198.264139	676.0
1198.814623	678.0
1199.36505	676.75
1199.91542	677.5
1200.465734	679.75
1201.01599	676.25
1201.566191	679.75
1202.116334	677.75
1202.666421	677.75
1203.216452	679.0
1203.766425	680.75
1204.316343	678.25
1204.866203	682.75
1205.416007	680.5
1205.965754	679.0
1206.515445	681.25
1207.065079	684.5
1207.614657	679.0
1208.164177	681.25
1208.713642	679.0
1209.26305	680.0
1209.812401	680.75
1210.361695	679.5
1210.910933	679.0
1211.460115	679.5
1212.00924	678.25
1212.558308	683.0
1213.10732	678.5
1213.656275	681.0
1214.205174	682.25
1214.754016	683.0
1215.302801	683.75
1215.85153	685.0
1216.400203	683.75
1216.948819	681.75
1217.497378	683.75
1218.045881	682.25
1218.594327	686.5
1219.142717	683.0
1219.691051	684.5
1220.239327	685.75
1220.787548	688.25
1221.335712	687.0
1221.883819	687.75
1222.43187	682.5
1222.979864	683.25
1223.527802	684.5
1224.075683	687.0
1224.623508	686.5
1225.171277	687.75
1225.718989	688.25
1226.266644	689.25
1226.814243	689.25
1227.361786	685.75
1227.909272	686.75
1228.456702	692.0
1229.004075	687.5
1229.551392	689.25
1230.098652	687.75
1230.645856	689.75
1231.193003	694.75
1231.740094	692.0
1232.287129	693.25
1232.834107	690.25
1233.381029	688.0
1233.927894	691.5
1234.474703	695.25
1235.021455	692.0
1235.568151	694.0
1236.114791	694.5
1236.661374	697.75
1237.207901	699.25
1237.754372	695.25
1238.300786	695.0
1238.847144	700.25
1239.393445	698.75
1239.93969	696.0
1240.485879	693.5
1241.032011	701.25
1241.578087	697.0
1242.124106	696.5
1242.67007	699.5
1243.215976	700.75
1243.761827	702.25
1244.307621	704.25
1244.853359	707.0
1245.39904	703.25
1245.944665	709.5
1246.490234	705.25
1247.035746	714.0
1247.581203	710.0
1248.126602	707.5
1248.671946	717.0
1249.217233	714.75
1249.762464	712.75
1250.307638	712.25
1250.852757	718.0
1251.397819	717.5
1251.942824	711.25
1252.487774	713.75
1253.032667	714.0
1253.577503	709.25
1254.122284	715.75
1254.667008	715.0
1255.211676	714.0
1255.756288	718.75
1256.300843	718.25
1256.845342	714.75
1257.389785	714.5
1257.934172	726.0
1258.478502	741.5
1259.566994	751.25
1260.111156	742.75
1260.655261	743.25
1261.199311	742.75
1261.743304	761.75
1262.28724	782.0
1262.831121	812.0
1263.374945	859.5
1263.918713	929.0
1264.462425	1000.25
1265.006081	1026.75
1265.54968	940.75
1266.093223	858.5
1266.636711	789.5
1267.180141	771.5
1267.723516	751.5
1268.266835	745.75
1268.810097	744.75
1269.353303	742.5
1269.896453	737.0
1270.439547	737.5
1270.982584	739.25
1271.525566	737.5
1272.068491	744.75
1272.61136	739.25
1273.154173	733.75
1273.69693	737.25
1274.239631	742.25
1274.782275	739.0
1275.324864	740.25
1275.867396	742.25
1276.409872	746.75
1276.952292	739.25
1277.494656	752.5
1278.036964	752.75
1278.579215	763.75
1279.121411	771.25
1279.66355	778.5
1280.205634	782.0
1280.747661	808.25
1281.289632	857.75
1281.831547	920.25
1282.373406	1053.75
1282.915209	1288.75
1283.456955	1862.25
1283.998646	3032.5
1284.540281	5074.0
1285.081859	5922.25
1285.623381	3845.25
1286.164848	1960.5
1286.706258	1253.75
1287.247612	1010.25
1287.788911	905.25
1288.330153	847.75
1288.871339	815.25
1289.412469	799.0
1289.953543	784.5
1290.494561	774.5
1291.035523	769.0
1291.576428	759.25
1292.117278	750.5
1292.658072	752.5
1293.19881	751.0
1293.739492	749.0
1294.280118	741.75
1294.820687	741.5
1295.361201	738.25
1295.901659	735.75
1296.442061	743.0
1296.982406	737.75
1297.522696	736.0
1298.06293	736.25
1298.603108	737.5
1299.143229	734.0
1299.683295	728.25
1300.223305	737.5
1300.763259	731.0
1301.303157	729.25
1301.842999	725.0
1302.382785	727.25
1302.922515	731.5
1303.462189	727.5
1304.001807	724.25
1304.541369	728.5
1305.080875	726.5
1305.620326	726.25
1306.15972	725.5
1306.699058	727.5
1307.238341	726.75
1307.777567	729.75
1308.316738	729.0
1308.855853	727.75
1309.394912	728.0
1309.933915	723.75
1310.472862	724.0
1311.011753	726.5
1311.550588	727.75
1312.089367	726.0
1312.62809	728.0
1313.166758	728.0
1313.70537	723.5
1314.243925	729.0
1314.782425	727.25
1315.320869	728.25
1315.859257	729.0
1316.397589	723.0
1316.935866	728.75
1317.474086	723.0
1318.012251	724.25
1318.55036	721.25
1319.088413	725.5
1319.62641	721.5
1320.164351	720.75
1320.702236	719.0
1321.240066	725.25
1321.777839	720.75
1322.315557	720.0
1322.853219	724.75
1323.390826	728.5
1323.928376	722.5
1324.465871	715.25
1325.003309	722.0
1325.540692	719.5
1326.07802	726.25
1326.615291	714.75
1327.152506	721.25
1327.689666	721.5
1328.22677	718.0
1328.763818	715.75
1329.300811	720.75
1329.837747	718.5
1330.374628	721.0
1330.911453	726.5
1331.448222	722.25
1331.984936	720.0
1332.521594	719.75
1333.058196	728.5
1333.594742	721.5
1334.131232	726.25
1334.667667	727.5
1335.204046	718.25
1335.740369	721.75
1336.276637	718.5
1336.812848	715.0
1337.349004	724.75
1337.885105	723.25
1338.421149	723.5
1338.957138	723.0
1339.493071	729.25
1340.028949	721.75
1340.56477	725.25
1341.100536	725.25
1341.636246	725.75
1342.171901	726.5
1342.7075	725.0
1343.243043	724.75
1343.77853	727.0
1344.313962	729.5
1344.849338	730.75
1345.384659	732.25
1345.919923	733.75
1346.455133	734.75
1346.990286	734.5
1347.525384	736.25
1348.060426	736.0
1348.595412	734.25
1349.130343	737.0
1349.665218	736.0
1350.200037	734.0
1350.734801	736.5
1351.269509	736.0
1351.804162	740.25
1352.338758	735.25
1352.8733	737.75
1353.407785	731.75
1353.942215	732.5
1354.476589	731.75
1355.010908	732.0
1355.545171	734.0
1356.079379	734.5
1356.61353	737.5
1357.147627	733.25
1357.681667	738.5
1358.215652	736.0
1358.749582	733.0
1359.283456	735.75
1359.817274	731.75
1360.351037	730.0
1360.884744	736.5
1361.418395	738.5
1361.951991	738.0
1362.485531	736.25
1363.019016	740.5
1363.552445	733.0
1364.085819	747.75
1364.619137	745.75
1365.1524	748.75
1365.685607	763.5
1366.218758	770.5
1366.751854	750.5
1367.284894	749.0
1367.817879	745.25
1368.350808	746.75
1368.883682	749.75
1369.4165	769.0
1369.949263	856.25
1370.48197	933.0
1371.014622	811.5
1371.547218	764.75
1372.079758	753.75
1372.612244	747.25
1373.144673	751.5
1373.677047	753.25
1374.209366	744.75
1374.741629	754.0
1375.273836	753.75
1375.805989	756.25
1376.338085	766.25
1376.870126	755.75
1377.402112	759.75
1377.934042	761.5
1378.465917	765.5
1378.997736	766.0
1379.5295	767.5
1380.061208	767.75
1380.592861	783.25
1381.124459	787.5
1381.656	793.0
1382.187487	799.75
1382.718918	809.25
1383.250294	818.25
1383.781614	840.75
1384.312879	866.0
1384.844088	906.0
1385.375242	958.5
1385.90634	1088.75
1386.437383	1293.5
1386.968371	1789.5
1387.499303	3204.0
1388.03018	7438.0
1388.561001	11206.5
1389.091767	6930.5
1389.622478	2737.75
1390.153133	1514.75
1390.683733	1128.0
1391.214277	981.5
1391.744766	908.25
1392.2752	857.75
1392.805578	835.5
1393.335901	824.0
1393.866168	801.25
1394.396381	790.0
1394.926537	782.0
1395.456639	771.75
1395.986685	778.75
1396.516675	764.25
1397.046611	767.25
1397.576491	756.75
1398.106315	762.5
1398.636084	763.25
1399.165798	753.75
1399.695457	750.75
1400.22506	746.25
1400.754608	751.25
1401.284101	751.0
1401.813538	754.75
1402.34292	756.25
1402.872247	754.0
1403.401518	754.25
1403.930734	755.75
1404.459895	756.75
1404.989	763.5
1405.51805	766.75
1406.047045	767.25
1406.575984	782.5
1407.104869	787.0
1407.633697	831.25
1408.162471	868.25
1408.691189	955.25
1409.219852	1126.0
1409.74846	1306.5
1410.277013	1302.0
1410.80551	1076.5
1411.333952	911.75
1411.862339	817.25
1412.39067	785.25
1412.918946	764.25
1413.447167	749.0
1413.975333	744.25
1414.503444	737.25
1415.031499	736.25
1415.559499	732.25
1416.087444	726.5
1416.615333	728.75
1417.143167	731.5
1417.670947	725.25
1418.19867	721.75
1418.726339	720.25
1419.253952	720.5
1419.781511	722.75
1420.309014	724.25
1420.836461	720.75
1421.363854	717.5
1421.891191	716.75
1422.418474	718.5
1422.945701	720.75
1423.472872	718.0
1423.999989	720.75
1424.52705	719.25
1425.054057	722.75
1425.581008	726.25
1426.107904	727.0
1426.634745	728.25
1427.16153	718.0
1427.688261	721.0
1428.214936	708.5
1428.741556	711.5
1429.268121	709.0
1429.794631	712.0
1430.321085	704.25
1430.847485	704.5
1431.373829	705.5
1431.900118	707.5
1432.426353	703.5
1432.952532	699.0
1433.478655	704.0
1434.004724	702.0
1434.530738	700.0
1435.056696	697.75
1435.5826	701.0
1436.108448	694.75
1436.634241	699.5
1437.159979	698.25
1437.685662	698.0
1438.21129	699.25
1438.736863	700.0
1439.262381	693.5
1439.787843	695.25
1440.313251	695.75
1440.838603	697.0
1441.3639	696.0
1441.889143	695.0
1442.41433	694.25
1442.939462	691.75
1443.464539	697.75
1443.989561	691.75
1444.514528	694.25
1445.03944	697.5
1445.564297	687.0
1446.089099	690.75
1446.613846	688.25
1447.138537	692.0
1447.663174	691.75
1448.187756	688.75
1448.712282	687.75
1449.236754	687.75
1449.761171	687.25
1450.285532	690.75
1450.809839	685.75
1451.33409	683.75
1451.858287	687.75
1452.382428	689.0
1452.906515	689.75
1453.430546	685.75
1453.954523	684.5
1454.478444	686.0
1455.002311	687.75
1455.526123	683.25
1456.049879	682.0
1456.573581	685.5
1457.097227	686.25
1457.620819	686.25
1458.144356	684.0
1458.667837	681.25
1459.191264	686.5
1459.714636	685.5
1460.237952	682.0
1460.761214	681.75
1461.284421	681.25
1461.807573	682.25
1462.33067	686.0
1462.853712	683.75
1463.376699	683.75
1463.899632	681.75
1464.422509	682.75
1464.945331	680.25
1465.468099	680.25
1465.990811	684.0
1466.513469	685.25
1467.036071	682.75
1467.558619	677.5
1468.081112	682.75
1468.60355	683.25
1469.125933	683.5
1469.648261	676.0
1470.170534	679.5
1470.692752	679.25
1471.214916	680.0
1471.737024	681.75
1472.259078	680.25
1472.781077	679.0
1473.303021	679.75
1473.82491	676.25
1474.346744	683.5
1474.868523	679.5
1475.390248	682.75
1475.911917	684.25
1476.433532	679.5
1476.955092	681.75
1477.476597	678.0
1477.998047	682.5
1478.519442	679.0
1479.040783	678.0
1479.562068	677.25
1480.083299	676.0
1480.604475	680.25
1481.125596	678.0
1481.646663	677.75
1482.167674	679.25
1482.688631	678.5
1483.209533	679.5
1483.73038	680.75
1484.251172	678.75
1484.771909	674.25
1485.292592	680.0
1485.81322	675.75
1486.333793	679.75
1486.854311	684.75
1487.374775	679.25
1487.895183	680.25
1488.415537	678.0
1488.935836	680.75
1489.456081	680.25
1489.97627	681.75
1490.496405	678.5
1491.016485	677.25
1491.536511	675.25
1492.056481	677.25
1492.576397	683.75
1493.096258	678.25
1493.616064	677.5
1494.135816	677.75
1494.655513	679.25
1495.175155	681.5
1495.694742	678.75
1496.214274	679.75
1496.733752	679.25
1497.253175	681.75
1497.772544	680.75
1498.291858	681.5
1498.811116	679.75
1499.330321	683.0
1499.84947	682.5
1500.368565	681.25
1500.887605	680.0
1501.406591	678.25
1501.925521	676.25
1502.444397	679.5
1502.963219	683.25
1503.481985	677.25
1504.000697	680.5
1504.519355	682.25
1505.037957	680.5
1505.556505	681.25
1506.074999	682.25
1506.593437	680.75
1507.111821	680.25
1507.63015	681.25
1508.148425	685.0
1508.666645	680.25
1509.18481	680.5
1509.702921	682.0
1510.220977	684.25
1510.738979	687.25
1511.256925	681.5
1511.774817	679.75
1512.292655	686.25
1512.810438	684.75
1513.328166	680.5
1513.84584	677.25
1514.363459	679.75
1514.881023	678.0
1515.398533	681.25
1515.915988	680.5
1516.433389	688.0
1516.950734	681.25
1517.468026	679.0
1517.985263	681.25
1518.502445	679.5
1519.019572	682.0
1519.536645	679.5
1520.053664	677.25
1520.570628	681.75
1521.087537	678.25
1521.604392	679.25
1522.121192	679.25
1522.637937	678.75
1523.154628	680.0
1523.671265	680.5
1524.187847	681.75
1524.704374	681.25
1525.220847	682.5
1525.737265	679.25
1526.253629	681.75
1526.769938	679.5
1527.286192	678.75
1527.802392	683.0
1528.318538	675.75
1528.834629	681.0
1529.350666	679.5
1529.866648	677.5
1530.382575	679.5
1530.898448	678.75
1531.414266	678.5
1531.93003	679.5
1532.44574	679.5
1532.961395	680.25
1533.476995	678.0
1533.992541	682.5
1534.508033	679.25
1535.02347	677.25
1535.538852	676.5
1536.05418	678.5
1536.569454	680.75
1537.084673	678.5
1537.599837	679.75
1538.114947	681.0
1538.630003	679.5
1539.145004	680.75
1539.659951	677.75
1540.174843	679.0
1540.689681	676.75
1541.204465	682.25
1541.719194	681.0
1542.233868	680.75
1542.748488	681.25
1543.263054	683.0
1543.777565	680.25
1544.292022	680.75
1544.806424	677.25
1545.320772	680.25
1545.835066	681.75
1546.349305	682.5
1546.863489	679.5
1547.37762	687.25
1547.891696	677.75
1548.405717	676.25
1548.919684	682.25
1549.433597	676.0
1549.947455	684.5
1550.461259	681.5
1550.975009	679.75
1551.488704	682.0
1552.002345	680.75
1552.515931	680.25
1553.029463	677.0
1553.542941	680.75
1554.056364	678.5
1554.569733	678.0
1555.083048	681.0
1555.596308	684.0
1556.109514	682.5
1556.622665	678.75
1557.135762	680.75
1557.648805	681.25
1558.161794	684.0
1558.674728	681.25
1559.187608	681.75
1559.700433	678.75
1560.213205	674.25
1560.725921	682.75
1561.238584	679.25
1561.751192	678.75
1562.263746	682.25
1562.776246	680.0
1563.288691	680.5
1563.801082	678.75
1564.313419	681.5
1564.825701	681.0
1565.337929	681.0
1565.850103	678.25
1566.362223	682.0
1566.874288	681.75
1567.386299	684.5
1567.898256	679.25
1568.410158	683.0
1568.922007	683.5
1569.4338	682.75
1569.94554	684.5
1570.457226	680.0
1570.968857	680.0
1571.480434	679.75
1571.991956	686.75
1572.503425	681.75
1573.014839	681.5
1573.526199	680.5
1574.037505	682.5
1574.548756	680.75
1575.059953	680.25
1575.571096	679.5
1576.082185	678.75
1576.59322	682.5
1577.1042	677.25
1577.615126	681.25
1578.125998	681.5
1578.636816	678.75
1579.14758	680.75
1579.658289	675.75
1580.168944	680.0
1580.679545	685.25
1581.190092	681.75
1581.700585	685.75
1582.211023	679.0
1582.721407	683.25
1583.231737	681.75
1583.742013	684.5
1584.252235	683.5
1584.762403	688.0
1585.272516	680.75
1585.782575	680.25
1586.292581	680.25
1586.802532	682.0
1587.312428	681.25
1587.822271	679.25
1588.33206	680.5
1588.841794	680.75
1589.351474	681.5
1589.8611	679.5
1590.370672	681.0
1590.88019	685.0
1591.389654	678.25
1591.899064	683.25
1592.408419	679.25
