1042.452273	695.0
1043.018714	692.5
1043.585098	695.5
1044.151424	694.25
1044.717692	690.75
1045.283903	693.75
1045.850056	690.75
1046.416151	690.25
1046.982188	695.75
1047.548167	689.5
1048.114089	685.5
1048.679953	688.5
1049.24576	680.5
1049.811509	685.0
1050.3772	680.5
1050.942833	686.0
1051.508408	683.0
1052.073926	684.75
1052.639387	684.0
1053.204789	683.25
1053.770134	688.0
1054.335421	685.75
1054.900651	687.25
1055.465823	684.25
1056.030937	684.5
1056.595993	680.75
1057.160992	679.5
1057.725934	683.5
1058.290817	680.25
1058.855643	685.5
1059.420411	679.5
1059.985122	685.0
1060.549775	685.25
1061.114371	680.25
1061.678908	678.75
1062.243389	680.75
1062.807811	681.5
1063.372176	686.0
1063.936483	682.75
1064.500733	678.75
1065.064925	683.5
1065.62906	684.25
1066.193137	680.25
1066.757156	678.25
1067.321118	683.0
1067.885022	679.0
1068.448869	682.5
1069.012658	682.5
1069.57639	684.75
1070.140063	685.0
1070.70368	682.5
1071.267239	683.0
1071.83074	680.0
1072.394184	681.75
1072.95757	680.5
1073.520899	681.25
1074.08417	680.5
1074.647383	679.0
1075.21054	682.75
1075.773638	679.0
1076.336679	680.0
1076.899663	679.75
1077.462589	685.5
1078.025457	682.75
1078.588268	686.75
1079.151022	679.5
1079.713718	683.25
1080.276356	681.75
1080.838937	678.75
1081.401461	682.5
1081.963927	681.0
1082.526336	682.75
1083.088687	677.5
1083.650981	684.25
1084.213217	680.0
1084.775396	682.5
1085.337517	681.75
1085.899581	683.25
1086.461587	679.75
1087.023536	681.25
1087.585428	680.75
1088.147262	679.5
1088.709039	675.5
1089.270758	682.75
1089.83242	679.0
1090.394024	676.75
1090.955571	678.5
1091.517061	679.0
1092.078493	684.5
1092.639868	678.75
1093.201185	676.0
1093.762445	680.75
1094.323648	679.5
1094.884793	681.0
1095.445881	681.5
1096.006911	681.5
1096.567884	680.25
1097.1288	679.25
1097.689659	682.0
1098.25046	683.0
1098.811203	682.5
1099.37189	676.75
1099.932518	679.75
1100.49309	680.25
1101.053604	679.0
1101.614061	677.25
1102.174461	677.75
1102.734803	679.25
1103.295088	680.0
1103.855316	678.5
1104.415486	679.25
1104.975599	677.0
1105.535655	676.25
1106.095653	680.0
1106.655594	680.0
1107.215478	678.5
1107.775305	676.0
1108.335074	677.0
1108.894786	675.75
1109.45444	679.5
1110.014038	677.25
1110.573578	677.0
1111.133061	675.75
1111.692486	678.0
1112.251854	679.0
1112.811165	677.5
1113.370419	678.0
1113.929616	679.5
1114.488755	678.5
1115.047837	677.25
1115.606862	678.75
1116.16583	678.25
1116.72474	684.75
1117.283593	679.0
1117.842389	678.75
1118.401128	677.75
1118.959809	675.75
1119.518433	681.0
1120.077	680.0
1120.63551	681.25
1121.193963	676.0
1121.752358	680.0
1122.310697	678.0
1122.868978	681.0
1123.427202	675.25
1123.985368	679.0
1124.543478	675.5
1125.10153	677.0
1125.659526	675.75
1126.217464	678.0
1126.775345	674.75
1127.333168	679.25
1127.890935	676.5
1128.448644	674.75
1129.006297	678.0
1129.563892	678.25
1130.12143	676.0
1130.678911	678.75
1131.236335	678.75
1131.793701	675.5
1132.351011	681.25
1132.908263	676.5
1133.465458	676.0
1134.022597	677.25
1134.579678	675.5
1135.136702	676.75
1135.693669	678.25
1136.250578	675.5
1136.807431	676.25
1137.364227	677.0
1137.920965	678.5
1138.477647	677.75
1139.034271	679.5
1139.590839	682.0
1140.147349	678.0
1140.703802	681.75
1141.260198	678.75
1141.816537	680.25
1142.37282	673.0
1142.929045	675.5
1143.485213	677.0
1144.041323	677.25
1144.597377	679.5
1145.153374	675.25
1145.709314	675.0
1146.265197	678.5
1146.821023	677.5
1147.376792	679.75
1147.932503	674.5
1148.488158	675.25
1149.043756	675.0
1149.599297	678.5
1150.154781	678.25
1150.710207	674.5
1151.265577	679.25
1151.82089	675.75
1152.376146	675.0
1152.931345	676.25
1153.486487	678.75
1154.041572	678.5
1154.5966	673.25
1155.151571	675.25
1155.706485	677.0
1156.261342	678.25
1156.816142	677.75
1157.370885	675.5
1157.925572	681.25
1158.480201	676.75
1159.034774	675.75
1159.589289	678.0
1160.143748	677.5
1160.698149	678.0
1161.252494	676.5
1161.806782	679.5
1162.361013	676.0
1162.915187	675.5
1163.469304	677.0
1164.023364	676.0
1164.577368	677.0
1165.131314	678.75
1165.685204	677.25
1166.239036	676.25
1166.792812	679.75
1167.346531	682.75
1167.900193	678.75
1168.453798	674.75
1169.007347	680.5
1169.560838	676.75
1170.114273	675.75
1170.66765	681.25
1171.220971	676.75
1171.774235	675.25
1172.327443	678.5
1172.880593	675.25
1173.433687	677.0
1173.986723	675.75
1174.539703	678.0
1175.092626	679.0
1175.645493	679.0
1176.198302	680.75
1176.751055	680.25
1177.303751	675.75
1177.85639	676.75
1178.408972	677.75
1178.961498	676.25
1179.513966	674.0
1180.066378	677.5
1180.618733	675.0
1181.171032	679.0
1181.723273	675.5
1182.275458	677.0
1182.827586	675.75
1183.379657	675.75
1183.931672	677.25
1184.48363	676.75
1185.035531	676.0
1185.587375	679.5
1186.139162	675.5
1186.690893	678.5
1187.242567	679.75
1187.794184	678.5
1188.345745	677.5
1188.897249	680.25
1189.448696	680.0
1190.000086	677.0
1190.55142	675.0
1191.102697	679.5
1191.653918	677.5
1192.205081	677.25
1192.756188	674.75
1193.307238	689.0
1193.858232	679.75
1194.409169	677.75
1194.960049	677.5
1195.510872	679.25
1196.061639	676.5
1196.612349	678.25
1197.163003	676.75
1197.713599	678.25
1198.264139	678.25
1198.814623	678.5
1199.36505	681.25
1199.91542	681.5
1200.465734	678.0
1201.01599	682.25
1201.566191	682.5
1202.116334	676.0
1202.666421	681.0
1203.216452	677.5
1203.766425	682.0
1204.316343	681.75
1204.866203	680.5
1205.416007	680.25
1205.965754	681.75
1206.515445	679.5
1207.065079	677.5
1207.614657	681.5
1208.164177	680.0
1208.713642	681.25
1209.26305	678.5
1209.812401	686.0
1210.361695	676.75
1210.910933	683.5
1211.460115	681.0
1212.00924	687.25
1212.558308	683.5
1213.10732	681.5
1213.656275	684.75
1214.205174	683.0
1214.754016	682.5
1215.302801	685.0
1215.85153	682.25
1216.400203	682.75
1216.948819	685.25
1217.497378	679.5
1218.045881	683.75
1218.594327	683.0
1219.142717	683.25
1219.691051	687.5
1220.239327	688.75
1220.787548	685.0
1221.335712	688.25
1221.883819	689.0
1222.43187	685.0
1222.979864	688.5
1223.527802	684.0
1224.075683	690.25
1224.623508	683.25
1225.171277	686.75
1225.718989	685.75
1226.266644	687.0
1226.814243	686.25
1227.361786	689.0
1227.909272	694.5
1228.456702	689.75
1229.004075	693.75
1229.551392	690.0
1230.098652	691.0
1230.645856	694.0
1231.193003	691.5
1231.740094	692.25
1232.287129	692.25
1232.834107	693.75
1233.381029	694.5
1233.927894	695.75
1234.474703	696.0
1235.021455	692.0
1235.568151	696.0
1236.114791	695.75
1236.661374	695.25
1237.207901	698.25
1237.754372	702.25
1238.300786	700.0
1238.847144	702.0
1239.393445	699.25
1239.93969	698.75
1240.485879	700.0
1241.032011	698.75
1241.578087	699.0
1242.124106	704.25
1242.67007	700.25
1243.215976	702.0
1243.761827	704.25
1244.307621	705.75
1244.853359	703.5
1245.39904	708.5
1245.944665	703.5
1246.490234	708.25
1247.035746	712.0
1247.581203	710.75
1248.126602	712.75
1248.671946	714.25
1249.217233	717.0
1249.762464	719.25
1250.307638	717.25
1250.852757	715.75
1251.397819	715.0
1251.942824	718.0
1252.487774	718.75
1253.032667	710.75
1253.577503	719.25
1254.122284	712.0
1254.667008	719.75
1255.211676	718.25
1255.756288	717.25
1256.300843	719.0
1256.845342	717.75
1257.389785	721.5
1257.934172	729.75
1258.478502	740.25
1259.566994	754.75
1260.111156	740.0
1260.655261	746.25
1261.199311	747.5
1261.743304	769.0
1262.28724	791.0
1262.831121	821.75
1263.374945	874.5
1263.918713	943.0
1264.462425	1010.5
1265.006081	1020.25
1265.54968	924.5
1266.093223	846.0
1266.636711	790.25
1267.180141	767.0
1267.723516	757.75
1268.266835	754.5
1268.810097	743.25
1269.353303	743.0
1269.896453	746.0
1270.439547	733.25
1270.982584	739.0
1271.525566	740.25
1272.068491	744.25
1272.61136	742.75
1273.154173	743.25
1273.69693	743.75
1274.239631	746.25
1274.782275	745.5
1275.324864	747.75
1275.867396	745.5
1276.409872	747.0
1276.952292	756.5
1277.494656	752.5
1278.036964	756.5
1278.579215	774.75
1279.121411	771.75
1279.66355	788.25
1280.205634	793.75
1280.747661	821.75
1281.289632	866.0
1281.831547	945.75
1282.373406	1097.0
1282.915209	1407.75
1283.456955	2066.25
1283.998646	3352.25
1284.540281	5245.25
1285.081859	5506.75
1285.623381	3420.0
1286.164848	1801.0
1286.706258	1200.25
1287.247612	998.0
1287.788911	907.75
1288.330153	847.75
1288.871339	822.0
1289.412469	799.5
1289.953543	780.5
1290.494561	784.75
1291.035523	775.25
1291.576428	770.75
1292.117278	767.0
1292.658072	749.5
1293.19881	755.25
1293.739492	747.75
1294.280118	747.75
1294.820687	749.5
1295.361201	744.75
1295.901659	746.25
1296.442061	745.75
1296.982406	744.0
1297.522696	735.75
1298.06293	737.75
1298.603108	734.5
1299.143229	740.0
1299.683295	735.0
1300.223305	735.0
1300.763259	730.5
1301.303157	733.0
1301.842999	735.25
1302.382785	732.75
1302.922515	731.5
1303.462189	732.75
1304.001807	735.5
1304.541369	728.75
1305.080875	726.25
1305.620326	731.25
1306.15972	733.0
1306.699058	732.25
1307.238341	726.0
1307.777567	734.25
1308.316738	732.5
1308.855853	734.25
1309.394912	728.5
1309.933915	732.0
1310.472862	736.0
1311.011753	728.25
1311.550588	725.75
1312.089367	726.0
1312.62809	728.5
1313.166758	725.75
1313.70537	726.0
1314.243925	725.75
1314.782425	725.25
1315.320869	725.0
1315.859257	733.75
1316.397589	726.25
1316.935866	722.5
1317.474086	725.75
1318.012251	725.25
1318.55036	727.25
1319.088413	728.25
1319.62641	722.5
1320.164351	723.75
1320.702236	721.5
1321.240066	728.75
1321.777839	720.5
1322.315557	726.0
1322.853219	718.75
1323.390826	718.75
1323.928376	727.25
1324.465871	719.5
1325.003309	724.75
1325.540692	725.0
1326.07802	720.0
1326.615291	722.5
1327.152506	719.75
1327.689666	724.75
1328.22677	728.75
1328.763818	719.0
1329.300811	723.5
1329.837747	719.0
1330.374628	726.5
1330.911453	725.5
1331.448222	726.0
1331.984936	725.0
1332.521594	720.75
1333.058196	725.5
1333.594742	721.25
1334.131232	729.0
1334.667667	725.25
1335.204046	725.25
1335.740369	725.5
1336.276637	721.5
1336.812848	727.25
1337.349004	725.25
1337.885105	726.5
1338.421149	727.0
1338.957138	726.5
1339.493071	725.75
1340.028949	730.5
1340.56477	725.5
1341.100536	728.5
1341.636246	736.25
1342.171901	723.5
1342.7075	729.75
1343.243043	726.75
1343.77853	727.75
1344.313962	728.75
1344.849338	736.0
1345.384659	735.5
1345.919923	730.5
1346.455133	732.0
1346.990286	732.5
1347.525384	736.0
1348.060426	732.75
1348.595412	737.0
1349.130343	740.25
1349.665218	737.0
1350.200037	733.0
1350.734801	738.0
1351.269509	735.0
1351.804162	737.5
1352.338758	740.0
1352.8733	735.25
1353.407785	736.0
1353.942215	740.0
1354.476589	737.75
1355.010908	736.75
1355.545171	740.75
1356.079379	732.25
1356.61353	735.5
1357.147627	739.0
1357.681667	739.0
1358.215652	737.75
1358.749582	742.25
1359.283456	738.5
1359.817274	735.0
1360.351037	737.5
1360.884744	739.5
1361.418395	738.5
1361.951991	737.0
1362.485531	740.0
1363.019016	738.25
1363.552445	741.5
1364.085819	745.25
1364.619137	745.5
1365.1524	744.75
1365.685607	763.5
1366.218758	762.75
1366.751854	759.5
1367.284894	750.75
1367.817879	756.0
1368.350808	751.25
1368.883682	757.5
1369.4165	777.25
1369.949263	873.25
1370.48197	933.0
1371.014622	802.75
1371.547218	757.5
1372.079758	750.5
1372.612244	750.25
1373.144673	752.25
1373.677047	749.75
1374.209366	757.5
1374.741629	754.5
1375.273836	755.25
1375.805989	765.0
1376.338085	760.0
1376.870126	768.25
1377.402112	762.0
1377.934042	773.75
1378.465917	766.25
1378.997736	765.75
1379.5295	773.25
1380.061208	776.25
1380.592861	781.5
1381.124459	790.75
1381.656	792.75
1382.187487	806.75
1382.718918	813.5
1383.250294	831.5
1383.781614	844.25
1384.312879	870.5
1384.844088	920.75
1385.375242	981.75
1385.90634	1130.0
1386.437383	1373.75
1386.968371	1963.0
1387.499303	3592.25
1388.03018	7917.25
1388.561001	10804.25
1389.091767	6226.75
1389.622478	2609.0
1390.153133	1478.25
1390.683733	1122.0
1391.214277	985.25
1391.744766	910.75
1392.2752	867.75
1392.805578	839.0
1393.335901	816.5
1393.866168	810.0
1394.396381	793.25
1394.926537	785.75
1395.456639	782.0
1395.986685	777.5
1396.516675	769.5
1397.046611	771.25
1397.576491	768.75
1398.106315	760.5
1398.636084	764.5
1399.165798	760.75
1399.695457	755.75
1400.22506	761.75
1400.754608	754.25
1401.284101	760.0
1401.813538	753.0
1402.34292	753.75
1402.872247	756.25
1403.401518	760.25
1403.930734	759.75
1404.459895	762.0
1404.989	766.25
1405.51805	770.5
1406.047045	784.25
1406.575984	782.0
1407.104869	813.0
1407.633697	842.0
1408.162471	884.5
1408.691189	982.25
1409.219852	1139.25
1409.74846	1303.25
1410.277013	1268.25
1410.80551	1055.5
1411.333952	903.5
1411.862339	835.0
1412.39067	785.0
1412.918946	767.25
1413.447167	755.25
1413.975333	747.0
1414.503444	740.0
1415.031499	735.0
1415.559499	741.5
1416.087444	736.75
1416.615333	728.25
1417.143167	726.75
1417.670947	725.5
1418.19867	725.0
1418.726339	726.0
1419.253952	726.5
1419.781511	724.0
1420.309014	725.75
1420.836461	720.25
1421.363854	726.25
1421.891191	721.25
1422.418474	722.0
1422.945701	723.0
1423.472872	719.0
1423.999989	726.5
1424.52705	724.5
1425.054057	728.75
1425.581008	727.5
1426.107904	732.75
1426.634745	725.0
1427.16153	718.5
1427.688261	724.25
1428.214936	714.0
1428.741556	708.5
1429.268121	709.25
1429.794631	707.5
1430.321085	713.75
1430.847485	706.75
1431.373829	704.75
1431.900118	700.0
1432.426353	699.75
1432.952532	707.75
1433.478655	708.75
1434.004724	699.5
1434.530738	708.5
1435.056696	702.5
1435.5826	706.25
1436.108448	702.5
1436.634241	702.75
1437.159979	700.25
1437.685662	700.0
1438.21129	698.75
1438.736863	700.5
1439.262381	698.5
1439.787843	701.0
1440.313251	697.5
1440.838603	692.0
1441.3639	699.25
1441.889143	692.0
1442.41433	693.25
1442.939462	698.5
1443.464539	693.25
1443.989561	696.5
1444.514528	696.0
1445.03944	693.75
1445.564297	693.25
1446.089099	692.25
1446.613846	689.25
1447.138537	693.0
1447.663174	692.0
1448.187756	689.25
1448.712282	688.25
1449.236754	688.75
1449.761171	686.75
1450.285532	689.0
1450.809839	686.5
1451.33409	687.25
1451.858287	684.5
1452.382428	684.0
1452.906515	691.25
1453.430546	686.25
1453.954523	683.0
1454.478444	686.75
1455.002311	689.5
1455.526123	687.5
1456.049879	686.75
1456.573581	685.75
1457.097227	684.5
1457.620819	685.5
1458.144356	681.25
1458.667837	687.0
1459.191264	687.25
1459.714636	684.25
1460.237952	686.25
1460.761214	684.25
1461.284421	683.75
1461.807573	687.75
1462.33067	684.5
1462.853712	684.5
1463.376699	681.5
1463.899632	680.25
1464.422509	680.25
1464.945331	684.25
1465.468099	683.75
1465.990811	683.25
1466.513469	684.75
1467.036071	682.25
1467.558619	680.75
1468.081112	681.5
1468.60355	682.25
1469.125933	677.5
1469.648261	683.5
1470.170534	681.5
1470.692752	683.25
1471.214916	683.25
1471.737024	682.0
1472.259078	682.75
1472.781077	682.5
1473.303021	683.0
1473.82491	679.75
1474.346744	678.25
1474.868523	677.25
1475.390248	679.0
1475.911917	678.25
1476.433532	684.25
1476.955092	678.5
1477.476597	677.0
1477.998047	676.0
1478.519442	675.25
1479.040783	680.25
1479.562068	678.75
1480.083299	680.25
1480.604475	679.0
1481.125596	677.5
1481.646663	677.25
1482.167674	680.5
1482.688631	683.25
1483.209533	680.5
1483.73038	678.75
1484.251172	680.0
1484.771909	679.75
1485.292592	680.75
1485.81322	679.0
1486.333793	681.25
1486.854311	679.75
1487.374775	678.5
1487.895183	683.75
1488.415537	676.5
1488.935836	679.0
1489.456081	680.5
1489.97627	680.25
1490.496405	678.75
1491.016485	682.0
1491.536511	676.25
1492.056481	679.5
1492.576397	679.25
1493.096258	680.75
1493.616064	679.0
1494.135816	681.0
1494.655513	679.75
1495.175155	677.5
1495.694742	677.25
1496.214274	680.75
1496.733752	679.0
1497.253175	678.75
1497.772544	683.25
1498.291858	681.25
1498.811116	681.5
1499.330321	682.5
1499.84947	686.0
1500.368565	680.5
1500.887605	680.75
1501.406591	680.5
1501.925521	682.0
1502.444397	679.75
1502.963219	675.5
1503.481985	677.75
1504.000697	682.25
1504.519355	680.75
1505.037957	680.0
1505.556505	681.25
1506.074999	680.0
1506.593437	685.0
1507.111821	681.5
1507.63015	680.75
1508.148425	679.25
1508.666645	682.0
1509.18481	678.0
1509.702921	681.75
1510.220977	682.75
1510.738979	688.0
1511.256925	678.75
1511.774817	679.25
1512.292655	681.75
1512.810438	678.0
1513.328166	682.25
1513.84584	682.0
1514.363459	681.75
1514.881023	682.0
1515.398533	681.75
1515.915988	681.0
1516.433389	679.25
1516.950734	682.75
1517.468026	684.0
1517.985263	681.0
1518.502445	681.0
1519.019572	681.75
1519.536645	685.25
1520.053664	685.25
1520.570628	676.5
1521.087537	683.25
1521.604392	682.0
1522.121192	681.5
1522.637937	683.5
1523.154628	680.5
1523.671265	677.0
1524.187847	679.25
1524.704374	683.75
1525.220847	682.0
1525.737265	679.25
1526.253629	684.25
1526.769938	681.5
1527.286192	683.0
1527.802392	680.0
1528.318538	678.5
1528.834629	677.0
1529.350666	678.5
1529.866648	679.5
1530.382575	683.0
1530.898448	682.5
1531.414266	682.75
1531.93003	681.25
1532.44574	679.5
1532.961395	678.75
1533.476995	681.5
1533.992541	678.0
1534.508033	681.0
1535.02347	680.75
1535.538852	679.5
1536.05418	679.25
1536.569454	682.5
1537.084673	678.0
1537.599837	682.0
1538.114947	679.5
1538.630003	683.0
1539.145004	679.5
1539.659951	683.25
1540.174843	680.5
1540.689681	683.25
1541.204465	681.5
1541.719194	677.25
1542.233868	679.5
1542.748488	684.75
1543.263054	680.75
1543.777565	681.25
1544.292022	681.25
1544.806424	684.5
1545.320772	678.5
1545.835066	681.0
1546.349305	683.5
1546.863489	682.25
1547.37762	681.25
1547.891696	678.75
1548.405717	682.5
1548.919684	682.5
1549.433597	682.25
1549.947455	683.5
1550.461259	681.5
1550.975009	683.75
1551.488704	680.5
1552.002345	677.75
1552.515931	682.5
1553.029463	681.25
1553.542941	681.75
1554.056364	683.5
1554.569733	680.75
1555.083048	683.5
1555.596308	682.0
1556.109514	679.0
1556.622665	684.0
1557.135762	688.25
1557.648805	685.75
1558.161794	680.75
1558.674728	681.5
1559.187608	680.25
1559.700433	681.75
1560.213205	679.5
1560.725921	684.0
1561.238584	683.0
1561.751192	681.75
1562.263746	682.5
1562.776246	687.75
1563.288691	680.0
1563.801082	680.25
1564.313419	684.5
1564.825701	679.75
1565.337929	680.75
1565.850103	682.0
1566.362223	684.5
1566.874288	677.75
1567.386299	682.0
1567.898256	681.0
1568.410158	685.5
1568.922007	681.0
1569.4338	685.25
1569.94554	679.25
1570.457226	685.0
1570.968857	680.0
1571.480434	682.25
1571.991956	684.0
1572.503425	682.75
1573.014839	681.25
1573.526199	685.25
1574.037505	682.0
1574.548756	678.5
1575.059953	684.5
1575.571096	678.25
1576.082185	681.5
1576.59322	681.25
1577.1042	685.75
1577.615126	681.5
1578.125998	679.25
1578.636816	682.25
1579.14758	682.5
1579.658289	682.75
1580.168944	682.75
1580.679545	681.75
1581.190092	680.0
1581.700585	680.25
1582.211023	682.0
1582.721407	682.75
1583.231737	681.75
1583.742013	682.75
1584.252235	684.25
1584.762403	681.25
1585.272516	681.0
1585.782575	681.5
1586.292581	684.25
1586.802532	679.0
1587.312428	678.0
1587.822271	680.75
1588.33206	681.25
1588.841794	677.75
1589.351474	681.5
1589.8611	684.25
1590.370672	681.75
1590.88019	682.25
1591.389654	678.75
1591.899064	680.0
1592.408419	680.0
