1042.452273	698.5
1043.018714	693.5
1043.585098	692.5
1044.151424	696.0
1044.717692	692.0
1045.283903	695.0
1045.850056	691.75
1046.416151	692.75
1046.982188	691.5
1047.548167	687.75
1048.114089	690.5
1048.679953	692.5
1049.24576	693.25
1049.811509	690.0
1050.3772	690.25
1050.942833	686.0
1051.508408	686.75
1052.073926	686.75
1052.639387	688.0
1053.204789	689.0
1053.770134	687.75
1054.335421	688.75
1054.900651	687.5
1055.465823	690.25
1056.030937	685.75
1056.595993	687.5
1057.160992	683.0
1057.725934	689.5
1058.290817	687.75
1058.855643	688.75
1059.420411	686.75
1059.985122	688.25
1060.549775	685.75
1061.114371	683.5
1061.678908	686.75
1062.243389	687.0
1062.807811	688.25
1063.372176	682.75
1063.936483	686.5
1064.500733	682.25
1065.064925	688.0
1065.62906	685.5
1066.193137	686.25
1066.757156	687.5
1067.321118	685.25
1067.885022	683.75
1068.448869	682.25
1069.012658	681.75
1069.57639	685.75
1070.140063	686.5
1070.70368	685.5
1071.267239	680.25
1071.83074	681.75
1072.394184	682.25
1072.95757	688.0
1073.520899	682.75
1074.08417	681.75
1074.647383	683.25
1075.21054	685.75
1075.773638	684.75
1076.336679	685.0
1076.899663	683.25
1077.462589	684.25
1078.025457	685.25
1078.588268	683.75
1079.151022	684.0
1079.713718	681.5
1080.276356	681.25
1080.838937	683.5
1081.401461	686.75
1081.963927	685.75
1082.526336	683.75
1083.088687	682.5
1083.650981	687.5
1084.213217	682.0
1084.775396	683.5
1085.337517	681.0
1085.899581	683.5
1086.461587	680.0
1087.023536	682.75
1087.585428	681.25
1088.147262	681.0
1088.709039	681.75
1089.270758	681.0
1089.83242	681.0
1090.394024	680.5
1090.955571	680.0
1091.517061	679.5
1092.078493	683.75
1092.639868	682.5
1093.201185	684.25
1093.762445	679.0
1094.323648	682.75
1094.884793	681.75
1095.445881	682.5
1096.006911	679.75
1096.567884	683.5
1097.1288	685.5
1097.689659	683.75
1098.25046	683.25
1098.811203	680.5
1099.37189	683.5
1099.932518	683.5
1100.49309	686.0
1101.053604	682.25
1101.614061	683.75
1102.174461	677.0
1102.734803	681.75
1103.295088	680.25
1103.855316	681.5
1104.415486	679.5
1104.975599	681.25
1105.535655	682.75
1106.095653	684.25
1106.655594	683.5
1107.215478	682.0
1107.775305	679.75
1108.335074	684.0
1108.894786	684.75
1109.45444	683.75
1110.014038	681.0
1110.573578	678.25
1111.133061	677.5
1111.692486	677.75
1112.251854	681.75
1112.811165	679.75
1113.370419	677.75
1113.929616	682.25
1114.488755	679.75
1115.047837	680.5
1115.606862	677.0
1116.16583	683.75
1116.72474	678.5
1117.283593	683.5
1117.842389	676.25
1118.401128	680.5
1118.959809	679.0
1119.518433	680.25
1120.077	680.5
1120.63551	681.25
1121.193963	681.25
1121.752358	678.0
1122.310697	678.25
1122.868978	680.25
1123.427202	681.75
1123.985368	680.5
1124.543478	676.5
1125.10153	678.25
1125.659526	681.25
1126.217464	683.75
1126.775345	677.5
1127.333168	680.25
1127.890935	678.75
1128.448644	681.25
1129.006297	679.0
1129.563892	677.5
1130.12143	683.75
1130.678911	678.75
1131.236335	681.75
1131.793701	680.75
1132.351011	681.75
1132.908263	680.0
1133.465458	681.75
1134.022597	677.75
1134.579678	678.25
1135.136702	677.5
1135.693669	681.0
1136.250578	679.0
1136.807431	680.0
1137.364227	687.25
1137.920965	678.75
1138.477647	681.25
1139.034271	675.5
1139.590839	675.75
1140.147349	679.0
1140.703802	683.25
1141.260198	679.25
1141.816537	678.5
1142.37282	678.5
1142.929045	681.25
1143.485213	679.25
1144.041323	679.5
1144.597377	679.25
1145.153374	679.75
1145.709314	681.0
1146.265197	684.0
1146.821023	677.75
1147.376792	679.0
1147.932503	680.0
1148.488158	679.75
1149.043756	679.0
1149.599297	678.0
1150.154781	678.75
1150.710207	678.25
1151.265577	680.5
1151.82089	679.0
1152.376146	680.75
1152.931345	678.0
1153.486487	677.75
1154.041572	679.5
1154.5966	682.0
1155.151571	679.75
1155.706485	679.5
1156.261342	676.75
1156.816142	681.25
1157.370885	677.25
1157.925572	680.75
1158.480201	683.25
1159.034774	682.5
1159.589289	678.5
1160.143748	681.75
1160.698149	680.5
1161.252494	683.75
1161.806782	678.0
1162.361013	681.5
1162.915187	681.0
1163.469304	680.25
1164.023364	681.25
1164.577368	682.25
1165.131314	683.5
1165.685204	682.0
1166.239036	678.0
1166.792812	682.75
1167.346531	686.25
1167.900193	680.0
1168.453798	680.75
1169.007347	681.25
1169.560838	679.0
1170.114273	680.0
1170.66765	678.0
1171.220971	678.75
1171.774235	678.0
1172.327443	679.5
1172.880593	676.75
1173.433687	678.75
1173.986723	680.5
1174.539703	678.0
1175.092626	678.0
1175.645493	679.75
1176.198302	682.75
1176.751055	680.5
1177.303751	679.25
1177.85639	678.0
1178.408972	677.5
1178.961498	678.5
1179.513966	680.0
1180.066378	680.25
1180.618733	679.0
1181.171032	682.75
1181.723273	679.5
1182.275458	678.5
1182.827586	680.0
1183.379657	683.0
1183.931672	676.25
1184.48363	677.25
1185.035531	680.75
1185.587375	682.0
1186.139162	682.5
1186.690893	679.5
1187.242567	680.75
1187.794184	679.25
1188.345745	683.25
1188.897249	677.5
1189.448696	682.5
1190.000086	680.75
1190.55142	680.5
1191.102697	677.0
1191.653918	680.5
1192.205081	680.25
1192.756188	682.75
1193.307238	689.75
1193.858232	678.0
1194.409169	679.25
1194.960049	679.5
1195.510872	678.25
1196.061639	685.25
1196.612349	679.25
1197.163003	683.25
1197.713599	681.5
1198.264139	683.25
1198.814623	685.0
1199.36505	682.25
1199.91542	684.0
1200.465734	682.25
1201.01599	680.25
1201.566191	681.75
1202.116334	683.5
1202.666421	684.0
1203.216452	685.0
1203.766425	680.75
1204.316343	678.0
1204.866203	682.0
1205.416007	682.75
1205.965754	687.25
1206.515445	681.25
1207.065079	680.5
1207.614657	685.75
1208.164177	677.5
1208.713642	681.5
1209.26305	682.25
1209.812401	679.75
1210.361695	685.75
1210.910933	685.75
1211.460115	685.25
1212.00924	681.0
1212.558308	684.75
1213.10732	684.0
1213.656275	684.25
1214.205174	688.5
1214.754016	685.0
1215.302801	687.0
1215.85153	690.5
1216.400203	687.5
1216.948819	682.5
1217.497378	688.75
1218.045881	687.5
1218.594327	684.75
1219.142717	688.75
1219.691051	682.75
1220.239327	688.5
1220.787548	689.25
1221.335712	688.25
1221.883819	688.0
1222.43187	689.75
1222.979864	687.75
1223.527802	694.75
1224.075683	690.75
1224.623508	694.5
1225.171277	687.75
1225.718989	693.0
1226.266644	690.5
1226.814243	691.75
1227.361786	689.5
1227.909272	691.25
1228.456702	693.25
1229.004075	691.5
1229.551392	697.5
1230.098652	695.75
1230.645856	691.25
1231.193003	693.0
1231.740094	698.5
1232.287129	695.5
1232.834107	694.0
1233.381029	691.5
1233.927894	702.75
1234.474703	698.5
1235.021455	698.75
1235.568151	698.0
1236.114791	699.0
1236.661374	696.75
1237.207901	699.75
1237.754372	699.0
1238.300786	703.5
1238.847144	700.75
1239.393445	702.25
1239.93969	700.25
1240.485879	702.75
1241.032011	708.0
1241.578087	700.25
1242.124106	702.25
1242.67007	705.75
1243.215976	705.25
1243.761827	707.75
1244.307621	705.5
1244.853359	705.0
1245.39904	710.5
1245.944665	706.5
1246.490234	707.5
1247.035746	712.0
1247.581203	718.75
1248.126602	716.5
1248.671946	718.5
1249.217233	718.5
1249.762464	726.25
1250.307638	722.75
1250.852757	718.25
1251.397819	720.5
1251.942824	724.5
1252.487774	713.25
1253.032667	719.25
1253.577503	722.5
1254.122284	721.5
1254.667008	722.25
1255.211676	718.5
1255.756288	723.0
1256.300843	724.0
1256.845342	731.75
1257.389785	731.25
1257.934172	732.25
1258.478502	750.75
1259.566994	756.5
1260.111156	756.5
1260.655261	754.25
1261.199311	763.5
1261.743304	788.0
1262.28724	809.75
1262.831121	841.25
1263.374945	890.0
1263.918713	967.75
1264.462425	1016.5
1265.006081	1006.25
1265.54968	915.0
1266.093223	852.75
1266.636711	806.75
1267.180141	784.25
1267.723516	764.0
1268.266835	761.0
1268.810097	755.0
1269.353303	743.75
1269.896453	753.0
1270.439547	749.75
1270.982584	756.75
1271.525566	754.25
1272.068491	745.25
1272.61136	749.75
1273.154173	747.75
1273.69693	749.25
1274.239631	748.5
1274.782275	764.75
1275.324864	754.0
1275.867396	760.25
1276.409872	766.75
1276.952292	754.75
1277.494656	770.0
1278.036964	770.0
1278.579215	774.0
1279.121411	787.25
1279.66355	800.25
1280.205634	824.5
1280.747661	853.5
1281.289632	902.0
1281.831547	996.0
1282.373406	1195.0
1282.915209	1609.0
1283.456955	2436.25
1283.998646	3885.75
1284.540281	5595.25
1285.081859	5226.0
1285.623381	3137.75
1286.164848	1746.5
1286.706258	1204.25
1287.247612	995.0
1287.788911	910.25
1288.330153	852.25
1288.871339	826.75
1289.412469	803.5
1289.953543	792.0
1290.494561	787.0
1291.035523	778.0
1291.576428	776.5
1292.117278	769.75
1292.658072	761.25
1293.19881	761.0
1293.739492	762.25
1294.280118	755.5
1294.820687	755.5
1295.361201	754.75
1295.901659	748.0
1296.442061	747.75
1296.982406	746.5
1297.522696	739.75
1298.06293	746.75
1298.603108	744.5
1299.143229	741.5
1299.683295	737.75
1300.223305	736.75
1300.763259	739.75
1301.303157	738.75
1301.842999	743.25
1302.382785	741.75
1302.922515	732.0
1303.462189	739.0
1304.001807	731.25
1304.541369	732.0
1305.080875	737.0
1305.620326	736.5
1306.15972	735.25
1306.699058	734.75
1307.238341	732.75
1307.777567	729.25
1308.316738	734.5
1308.855853	734.25
1309.394912	732.5
1309.933915	728.5
1310.472862	736.75
1311.011753	732.25
1311.550588	733.25
1312.089367	732.5
1312.62809	738.5
1313.166758	733.0
1313.70537	736.0
1314.243925	738.75
1314.782425	732.75
1315.320869	732.75
1315.859257	733.25
1316.397589	733.25
1316.935866	731.5
1317.474086	731.75
1318.012251	734.5
1318.55036	727.0
1319.088413	728.75
1319.62641	728.5
1320.164351	723.75
1320.702236	725.5
1321.240066	729.25
1321.777839	730.75
1322.315557	725.75
1322.853219	722.25
1323.390826	727.0
1323.928376	723.5
1324.465871	726.5
1325.003309	725.0
1325.540692	730.75
1326.07802	728.25
1326.615291	725.75
1327.152506	724.75
1327.689666	729.75
1328.22677	718.75
1328.763818	730.25
1329.300811	724.0
1329.837747	723.5
1330.374628	727.5
1330.911453	729.0
1331.448222	724.5
1331.984936	723.0
1332.521594	732.25
1333.058196	729.0
1333.594742	727.0
1334.131232	732.5
1334.667667	731.5
1335.204046	736.25
1335.740369	731.5
1336.276637	732.0
1336.812848	731.5
1337.349004	732.5
1337.885105	730.75
1338.421149	734.0
1338.957138	732.25
1339.493071	731.5
1340.028949	728.0
1340.56477	730.0
1341.100536	732.75
1341.636246	732.0
1342.171901	730.5
1342.7075	735.25
1343.243043	729.0
1343.77853	734.75
1344.313962	741.5
1344.849338	738.75
1345.384659	739.0
1345.919923	734.75
1346.455133	741.0
1346.990286	742.0
1347.525384	742.75
1348.060426	739.5
1348.595412	736.5
1349.130343	744.25
1349.665218	739.5
1350.200037	742.0
1350.734801	743.25
1351.269509	743.0
1351.804162	745.25
1352.338758	742.5
1352.8733	742.25
1353.407785	747.75
1353.942215	743.25
1354.476589	740.0
1355.010908	741.5
1355.545171	741.5
1356.079379	739.75
1356.61353	738.75
1357.147627	748.25
1357.681667	742.0
1358.215652	736.75
1358.749582	753.0
1359.283456	748.0
1359.817274	750.75
1360.351037	735.75
1360.884744	742.75
1361.418395	746.5
1361.951991	747.5
1362.485531	746.25
1363.019016	750.0
1363.552445	753.0
1364.085819	747.0
1364.619137	756.0
1365.1524	764.75
1365.685607	774.0
1366.218758	776.0
1366.751854	757.0
1367.284894	756.0
1367.817879	755.75
1368.350808	756.0
1368.883682	765.75
1369.4165	782.25
1369.949263	891.75
1370.48197	933.75
1371.014622	816.0
1371.547218	768.0
1372.079758	758.0
1372.612244	762.5
1373.144673	759.5
1373.677047	763.0
1374.209366	768.75
1374.741629	756.25
1375.273836	768.5
1375.805989	765.0
1376.338085	774.75
1376.870126	771.5
1377.402112	774.25
1377.934042	774.25
1378.465917	778.5
1378.997736	782.25
1379.5295	783.75
1380.061208	785.5
1380.592861	791.0
1381.124459	803.0
1381.656	807.5
1382.187487	817.25
1382.718918	831.0
1383.250294	842.25
1383.781614	870.25
1384.312879	899.5
1384.844088	950.25
1385.375242	1041.25
1385.90634	1203.5
1386.437383	1525.5
1386.968371	2234.25
1387.499303	4220.0
1388.03018	8892.25
1388.561001	10844.25
1389.091767	5900.75
1389.622478	2529.5
1390.153133	1493.5
1390.683733	1165.75
1391.214277	998.0
1391.744766	925.75
1392.2752	875.75
1392.805578	860.75
1393.335901	830.25
1393.866168	814.75
1394.396381	810.25
1394.926537	804.75
1395.456639	790.5
1395.986685	782.0
1396.516675	787.75
1397.046611	784.0
1397.576491	771.75
1398.106315	782.0
1398.636084	770.75
1399.165798	773.25
1399.695457	770.0
1400.22506	768.75
1400.754608	759.0
1401.284101	771.25
1401.813538	762.25
1402.34292	760.0
1402.872247	768.25
1403.401518	765.25
1403.930734	765.0
1404.459895	774.75
1404.989	780.75
1405.51805	781.75
1406.047045	793.5
1406.575984	807.5
1407.104869	818.5
1407.633697	853.75
1408.162471	913.25
1408.691189	1002.0
1409.219852	1186.75
1409.74846	1306.25
1410.277013	1253.25
1410.80551	1063.25
1411.333952	906.25
1411.862339	842.5
1412.39067	789.5
1412.918946	773.0
1413.447167	759.5
1413.975333	756.75
1414.503444	746.0
1415.031499	744.0
1415.559499	747.75
1416.087444	734.5
1416.615333	733.75
1417.143167	734.25
1417.670947	736.25
1418.19867	734.5
1418.726339	732.75
1419.253952	733.75
1419.781511	723.25
1420.309014	727.75
1420.836461	727.75
1421.363854	727.75
1421.891191	728.5
1422.418474	728.0
1422.945701	726.25
1423.472872	729.25
1423.999989	727.25
1424.52705	736.5
1425.054057	729.5
1425.581008	735.0
1426.107904	734.25
1426.634745	736.5
1427.16153	726.0
1427.688261	723.75
1428.214936	721.25
1428.741556	716.25
1429.268121	716.25
1429.794631	713.5
1430.321085	701.25
1430.847485	716.5
1431.373829	711.0
1431.900118	704.5
1432.426353	706.0
1432.952532	708.5
1433.478655	708.25
1434.004724	708.5
1434.530738	706.5
1435.056696	706.25
1435.5826	702.0
1436.108448	704.25
1436.634241	706.25
1437.159979	698.75
1437.685662	704.25
1438.21129	703.75
1438.736863	705.5
1439.262381	696.25
1439.787843	700.25
1440.313251	697.75
1440.838603	699.0
1441.3639	699.25
1441.889143	697.75
1442.41433	696.5
1442.939462	693.5
1443.464539	700.75
1443.989561	693.75
1444.514528	702.0
1445.03944	697.75
1445.564297	691.75
1446.089099	689.5
1446.613846	693.25
1447.138537	689.25
1447.663174	697.0
1448.187756	697.5
1448.712282	691.25
1449.236754	689.25
1449.761171	695.25
1450.285532	689.75
1450.809839	694.75
1451.33409	693.75
1451.858287	688.25
1452.382428	689.0
1452.906515	691.75
1453.430546	689.0
1453.954523	689.75
1454.478444	687.5
1455.002311	687.5
1455.526123	693.5
1456.049879	686.5
1456.573581	691.0
1457.097227	687.25
1457.620819	684.5
1458.144356	688.0
1458.667837	692.0
1459.191264	685.5
1459.714636	685.75
1460.237952	682.0
1460.761214	681.5
1461.284421	688.25
1461.807573	687.0
1462.33067	685.75
1462.853712	682.0
1463.376699	688.0
1463.899632	684.5
1464.422509	682.75
1464.945331	684.5
1465.468099	682.25
1465.990811	683.75
1466.513469	684.5
1467.036071	684.75
1467.558619	683.75
1468.081112	682.25
1468.60355	687.5
1469.125933	681.25
1469.648261	683.25
1470.170534	685.0
1470.692752	682.0
1471.214916	686.5
1471.737024	685.75
1472.259078	683.5
1472.781077	681.25
1473.303021	681.75
1473.82491	681.25
1474.346744	685.25
1474.868523	681.5
1475.390248	683.0
1475.911917	684.25
1476.433532	685.75
1476.955092	681.25
1477.476597	682.5
1477.998047	684.5
1478.519442	683.0
1479.040783	679.5
1479.562068	685.0
1480.083299	681.75
1480.604475	684.25
1481.125596	677.75
1481.646663	680.25
1482.167674	683.5
1482.688631	684.0
1483.209533	681.25
1483.73038	682.75
1484.251172	673.25
1484.771909	680.5
1485.292592	682.75
1485.81322	680.0
1486.333793	683.75
1486.854311	685.5
1487.374775	685.75
1487.895183	684.5
1488.415537	683.0
1488.935836	682.0
1489.456081	679.75
1489.97627	678.75
1490.496405	681.75
1491.016485	681.0
1491.536511	682.0
1492.056481	681.25
1492.576397	679.5
1493.096258	681.0
1493.616064	681.75
1494.135816	679.75
1494.655513	683.75
1495.175155	683.75
1495.694742	681.75
1496.214274	679.0
1496.733752	684.75
1497.253175	683.0
1497.772544	683.25
1498.291858	683.75
1498.811116	682.0
1499.330321	681.75
1499.84947	691.5
1500.368565	682.5
1500.887605	680.0
1501.406591	682.25
1501.925521	682.0
1502.444397	683.5
1502.963219	683.0
1503.481985	689.0
1504.000697	684.25
1504.519355	681.25
1505.037957	683.0
1505.556505	681.75
1506.074999	683.5
1506.593437	684.75
1507.111821	684.25
1507.63015	683.5
1508.148425	685.75
1508.666645	684.0
1509.18481	686.5
1509.702921	681.75
1510.220977	680.0
1510.738979	689.5
1511.256925	685.75
1511.774817	684.25
1512.292655	689.75
1513.328166	683.0
1513.84584	686.5
1514.363459	686.5
1514.881023	685.25
1515.398533	681.0
1515.915988	685.75
1516.433389	684.25
1516.950734	685.75
1517.468026	683.25
1517.985263	683.5
1518.502445	688.25
1519.019572	684.25
1519.536645	681.5
1520.053664	683.75
1520.570628	682.75
1521.087537	684.25
1521.604392	685.5
1522.121192	679.25
1522.637937	681.0
1523.154628	682.0
1523.671265	687.25
1524.187847	683.5
1524.704374	682.0
1525.220847	685.25
1525.737265	684.75
1526.253629	683.25
1526.769938	681.0
1527.286192	686.5
1527.802392	684.75
1528.318538	680.5
1528.834629	681.0
1529.350666	683.0
1529.866648	681.0
1530.382575	685.0
1530.898448	684.75
1531.414266	681.5
1531.93003	683.25
1532.44574	683.25
1532.961395	681.5
1533.476995	683.75
1533.992541	685.75
1534.508033	681.25
1535.02347	683.0
1535.538852	685.5
1536.05418	684.0
1536.569454	683.0
1537.084673	682.75
1537.599837	679.0
1538.114947	684.0
1538.630003	681.25
1539.145004	681.5
1539.659951	684.0
1540.174843	679.75
1540.689681	684.5
1541.204465	683.0
1541.719194	683.25
1542.233868	683.5
1542.748488	682.5
1543.263054	685.25
1543.777565	682.75
1544.292022	680.5
1544.806424	682.75
1545.320772	683.5
1545.835066	683.25
1546.349305	684.0
1546.863489	685.25
1547.37762	683.25
1547.891696	681.5
1548.405717	684.25
1548.919684	686.0
1549.433597	686.75
1549.947455	682.0
1550.461259	684.5
1550.975009	679.0
1551.488704	683.75
1552.002345	684.5
1552.515931	679.5
1553.029463	686.75
1553.542941	685.75
1554.056364	683.0
1554.569733	683.75
1555.083048	684.0
1555.596308	683.25
1556.109514	683.25
1556.622665	688.25
1557.135762	686.25
1557.648805	681.75
1558.161794	689.0
1558.674728	683.25
1559.187608	686.75
1559.700433	686.25
1560.213205	682.5
1560.725921	684.25
1561.238584	684.75
1561.751192	687.25
1562.263746	679.5
1562.776246	687.0
1563.288691	683.25
1563.801082	685.0
1564.313419	682.75
1564.825701	688.0
1565.337929	687.25
1565.850103	680.5
1566.362223	684.0
1566.874288	686.5
1567.386299	684.75
1567.898256	687.75
1568.410158	682.25
1568.922007	683.0
1569.4338	689.0
1569.94554	686.0
1570.457226	682.25
1570.968857	685.25
1571.480434	687.75
1571.991956	685.5
1572.503425	684.25
1573.014839	684.0
1573.526199	683.0
1574.037505	682.25
1574.548756	683.5
1575.059953	685.0
1575.571096	683.25
1576.082185	681.25
1576.59322	682.75
1577.1042	681.0
1577.615126	682.25
1578.125998	683.0
1578.636816	683.0
1579.14758	683.25
1579.658289	685.5
1580.168944	685.75
1580.679545	686.0
1581.190092	683.0
1581.700585	684.5
1582.211023	681.75
1582.721407	689.0
1583.231737	686.0
1583.742013	687.25
1584.252235	686.25
1584.762403	678.5
1585.272516	684.25
1585.782575	684.25
1586.292581	681.0
1586.802532	684.25
1587.312428	685.25
1587.822271	690.5
1588.33206	684.75
1588.841794	684.25
1589.351474	681.25
1589.8611	685.0
1590.370672	682.0
1590.88019	681.25
1591.389654	687.25
1591.899064	683.25
1592.408419	683.5
