1042.452273	698.0
1043.018714	694.25
1043.585098	692.25
1044.151424	694.25
1044.717692	693.25
1045.283903	696.0
1045.850056	698.0
1046.416151	688.5
1046.982188	691.25
1047.548167	691.25
1048.114089	687.5
1048.679953	692.5
1049.24576	690.25
1049.811509	687.25
1050.3772	682.25
1050.942833	688.0
1051.508408	689.0
1052.073926	690.0
1052.639387	685.25
1053.204789	687.5
1053.770134	688.0
1054.335421	685.0
1054.900651	692.25
1055.465823	685.25
1056.030937	688.75
1056.595993	683.75
1057.160992	686.25
1057.725934	684.5
1058.290817	684.25
1058.855643	685.25
1059.420411	688.25
1059.985122	688.25
1060.549775	685.0
1061.114371	685.75
1061.678908	686.75
1062.243389	686.0
1062.807811	682.75
1063.372176	685.0
1063.936483	684.0
1064.500733	686.0
1065.064925	685.5
1065.62906	687.25
1066.193137	686.75
1066.757156	685.25
1067.321118	685.5
1067.885022	684.25
1068.448869	682.25
1069.012658	688.0
1069.57639	685.25
1070.140063	689.25
1070.70368	683.25
1071.267239	688.5
1071.83074	683.75
1072.394184	682.75
1072.95757	683.5
1073.520899	684.0
1074.08417	685.75
1074.647383	684.5
1075.21054	683.5
1075.773638	685.75
1076.336679	682.25
1076.899663	682.0
1077.462589	681.75
1078.025457	685.5
1078.588268	682.0
1079.151022	685.0
1079.713718	685.0
1080.276356	681.75
1080.838937	687.5
1081.401461	686.5
1081.963927	682.0
1082.526336	681.75
1083.088687	683.25
1083.650981	687.25
1084.213217	679.5
1084.775396	684.5
1085.337517	682.75
1085.899581	682.5
1086.461587	684.25
1087.023536	683.5
1087.585428	680.5
1088.147262	681.0
1088.709039	687.0
1089.270758	682.0
1089.83242	682.0
1090.394024	683.5
1090.955571	682.25
1091.517061	684.75
1092.078493	685.5
1092.639868	683.5
1093.201185	682.0
1093.762445	685.25
1094.323648	681.0
1094.884793	682.5
1095.445881	681.75
1096.006911	680.25
1096.567884	680.5
1097.1288	685.25
1097.689659	680.75
1098.25046	679.25
1098.811203	681.25
1099.37189	680.75
1099.932518	677.5
1100.49309	681.5
1101.053604	681.25
1101.614061	683.0
1102.174461	682.0
1102.734803	680.5
1103.295088	679.5
1103.855316	681.5
1104.415486	681.75
1104.975599	683.5
1105.535655	676.75
1106.095653	682.25
1106.655594	681.0
1107.215478	682.25
1107.775305	680.5
1108.335074	681.75
1108.894786	684.0
1109.45444	680.0
1110.014038	681.5
1110.573578	681.75
1111.133061	681.75
1111.692486	683.0
1112.251854	679.0
1112.811165	685.5
1113.370419	682.75
1113.929616	679.0
1114.488755	679.25
1115.047837	680.0
1115.606862	683.75
1116.16583	678.25
1116.72474	681.25
1117.283593	680.5
1117.842389	683.0
1118.401128	684.75
1118.959809	680.25
1119.518433	677.5
1120.077	681.5
1120.63551	680.25
1121.193963	676.75
1121.752358	679.5
1122.310697	682.0
1122.868978	679.75
1123.427202	681.0
1123.985368	681.25
1124.543478	683.0
1125.10153	679.5
1125.659526	679.75
1126.217464	682.25
1126.775345	679.75
1127.333168	678.5
1127.890935	676.75
1128.448644	681.75
1129.006297	681.0
1129.563892	682.0
1130.12143	681.25
1130.678911	681.5
1131.236335	680.5
1131.793701	681.5
1132.351011	681.25
1132.908263	682.25
1133.465458	679.75
1134.022597	680.75
1134.579678	675.25
1135.136702	681.75
1135.693669	680.75
1136.250578	677.25
1136.807431	679.25
1137.364227	681.75
1137.920965	682.25
1138.477647	683.75
1139.034271	682.5
1139.590839	680.75
1140.147349	680.0
1140.703802	679.0
1141.260198	679.0
1141.816537	681.0
1142.37282	677.75
1142.929045	679.0
1143.485213	678.75
1144.041323	678.5
1144.597377	679.0
1145.153374	679.75
1145.709314	677.5
1146.265197	678.75
1146.821023	678.5
1147.376792	680.5
1147.932503	680.25
1148.488158	678.75
1149.043756	680.5
1149.599297	679.5
1150.154781	680.0
1150.710207	682.25
1151.265577	679.0
1151.82089	682.25
1152.376146	680.25
1152.931345	680.5
1153.486487	682.0
1154.041572	678.0
1154.5966	677.75
1155.151571	679.0
1155.706485	680.25
1156.261342	677.0
1156.816142	680.5
1157.370885	677.25
1157.925572	681.75
1158.480201	677.0
1159.034774	678.75
1159.589289	680.75
1160.143748	677.5
1160.698149	682.5
1161.252494	679.25
1161.806782	677.5
1162.361013	682.0
1162.915187	681.0
1163.469304	679.0
1164.023364	681.75
1164.577368	679.5
1165.131314	677.5
1165.685204	680.5
1166.239036	681.5
1166.792812	678.0
1167.346531	678.5
1167.900193	681.25
1168.453798	677.5
1169.007347	681.25
1169.560838	679.5
1170.114273	681.75
1170.66765	679.25
1171.220971	678.75
1171.774235	681.75
1172.327443	681.25
1172.880593	681.25
1173.433687	678.5
1173.986723	682.5
1174.539703	678.5
1175.092626	676.5
1175.645493	681.25
1176.198302	676.0
1176.751055	680.5
1177.303751	679.75
1177.85639	678.5
1178.408972	679.25
1178.961498	678.5
1179.513966	682.75
1180.066378	680.75
1180.618733	684.25
1181.171032	678.5
1181.723273	677.25
1182.275458	681.0
1182.827586	678.5
1183.379657	680.5
1183.931672	679.0
1184.48363	678.75
1185.035531	680.25
1185.587375	684.75
1186.139162	682.5
1186.690893	682.25
1187.242567	681.25
1187.794184	680.75
1188.345745	676.5
1188.897249	683.75
1189.448696	681.5
1190.000086	678.5
1190.55142	683.0
1191.102697	681.5
1191.653918	684.25
1192.205081	679.5
1192.756188	685.25
1193.307238	694.5
1193.858232	684.0
1194.409169	681.75
1194.960049	677.0
1195.510872	684.75
1196.061639	679.75
1196.612349	682.5
1197.163003	678.5
1197.713599	684.25
1198.264139	682.0
1198.814623	685.0
1199.36505	682.0
1199.91542	680.5
1200.465734	679.5
1201.01599	685.25
1201.566191	683.75
1202.116334	681.25
1202.666421	677.75
1203.216452	679.25
1203.766425	680.75
1204.316343	682.25
1204.866203	683.75
1205.416007	683.75
1205.965754	683.25
1206.515445	684.5
1207.065079	682.5
1207.614657	681.25
1208.164177	685.75
1208.713642	686.5
1209.26305	686.5
1209.812401	683.0
1210.361695	688.5
1210.910933	685.75
1211.460115	686.0
1212.00924	683.75
1212.558308	685.75
1213.10732	692.0
1213.656275	686.5
1214.205174	688.0
1214.754016	688.0
1215.302801	685.0
1215.85153	689.5
1216.400203	685.75
1216.948819	690.0
1217.497378	689.5
1218.045881	694.0
1218.594327	688.0
1219.142717	688.0
1219.691051	692.25
1220.239327	691.5
1220.787548	689.75
1221.335712	693.25
1221.883819	689.75
1222.43187	689.75
1222.979864	691.25
1223.527802	690.0
1224.075683	690.0
1224.623508	692.25
1225.171277	690.5
1225.718989	692.25
1226.266644	692.75
1226.814243	695.25
1227.361786	693.25
1227.909272	693.5
1228.456702	694.75
1229.004075	698.5
1229.551392	694.5
1230.098652	698.0
1230.645856	697.0
1231.193003	696.75
1231.740094	697.25
1232.287129	696.0
1232.834107	695.75
1233.381029	699.5
1233.927894	693.75
1234.474703	700.75
1235.021455	706.75
1235.568151	695.25
1236.114791	699.25
1236.661374	704.75
1237.207901	700.25
1237.754372	703.25
1238.300786	706.25
1238.847144	707.0
1239.393445	706.75
1239.93969	705.5
1240.485879	705.75
1241.032011	704.0
1241.578087	708.5
1242.124106	709.25
1242.67007	712.75
1243.215976	710.75
1243.761827	713.0
1244.307621	713.0
1244.853359	710.75
1245.39904	716.75
1245.944665	714.5
1246.490234	723.0
1247.035746	722.0
1247.581203	725.5
1248.126602	719.5
1248.671946	724.5
1249.217233	717.5
1249.762464	724.75
1250.307638	727.5
1250.852757	723.75
1251.397819	729.0
1251.942824	724.0
1252.487774	726.0
1253.032667	724.25
1253.577503	725.25
1254.122284	724.0
1254.667008	727.0
1255.211676	726.5
1255.756288	727.25
1256.300843	734.75
1256.845342	734.75
1257.389785	740.0
1257.934172	751.0
1258.478502	770.5
1259.566994	770.75
1260.111156	774.5
1260.655261	774.75
1261.199311	794.75
1261.743304	819.5
1262.28724	848.25
1262.831121	902.5
1263.374945	962.75
1263.918713	1030.75
1264.462425	1060.75
1265.006081	1021.0
1265.54968	928.0
1266.093223	866.25
1266.636711	821.0
1267.180141	794.0
1267.723516	779.75
1268.266835	776.75
1268.810097	773.0
1269.353303	760.5
1269.896453	770.25
1270.439547	764.0
1270.982584	767.25
1271.525566	776.5
1272.068491	762.5
1272.61136	773.75
1273.154173	761.0
1273.69693	764.0
1274.239631	759.25
1274.782275	766.75
1275.324864	766.5
1275.867396	769.75
1276.409872	778.25
1276.952292	784.5
1277.494656	787.25
1278.036964	801.75
1278.579215	801.25
1279.121411	818.0
1279.66355	843.75
1280.205634	868.75
1280.747661	926.25
1281.289632	1000.5
1281.831547	1187.25
1282.373406	1540.75
1282.915209	2244.5
1283.456955	3492.5
1283.998646	5274.0
1284.540281	6294.25
1285.081859	4992.5
1285.623381	2838.75
1286.164848	1684.5
1286.706258	1225.0
1287.247612	1031.0
1287.788911	938.25
1288.330153	882.5
1288.871339	862.0
1289.412469	825.0
1289.953543	815.75
1290.494561	811.0
1291.035523	796.75
1291.576428	784.75
1292.117278	790.25
1292.658072	775.5
1293.19881	782.5
1293.739492	775.0
1294.280118	775.75
1294.820687	767.75
1295.361201	761.75
1295.901659	768.25
1296.442061	763.25
1296.982406	756.5
1297.522696	750.0
1298.06293	756.5
1298.603108	758.75
1299.143229	756.0
1299.683295	758.0
1300.223305	749.0
1300.763259	747.75
1301.303157	749.75
1301.842999	752.25
1302.382785	754.25
1302.922515	745.0
1303.462189	740.5
1304.001807	743.25
1304.541369	745.5
1305.080875	746.25
1305.620326	743.75
1306.15972	743.0
1306.699058	744.0
1307.238341	744.0
1307.777567	743.0
1308.316738	748.75
1308.855853	744.0
1309.394912	746.0
1309.933915	747.0
1310.472862	746.0
1311.011753	739.0
1311.550588	742.5
1312.089367	741.0
1312.62809	747.75
1313.166758	738.5
1313.70537	740.0
1314.243925	743.25
1314.782425	735.0
1315.320869	735.5
1315.859257	737.75
1316.397589	739.25
1316.935866	733.0
1317.474086	739.5
1318.012251	741.25
1318.55036	738.5
1319.088413	736.0
1319.62641	734.75
1320.164351	736.75
1320.702236	734.0
1321.240066	738.5
1321.777839	734.75
1322.315557	735.5
1322.853219	737.75
1323.390826	732.25
1323.928376	737.5
1324.465871	729.5
1325.003309	736.5
1325.540692	733.0
1326.07802	734.75
1326.615291	734.75
1327.152506	733.75
1327.689666	735.25
1328.22677	729.75
1328.763818	733.0
1329.300811	740.5
1329.837747	731.5
1330.374628	736.5
1330.911453	739.5
1331.448222	737.25
1331.984936	738.75
1332.521594	736.75
1333.058196	734.75
1333.594742	731.25
1334.131232	736.25
1334.667667	731.75
1335.204046	742.0
1335.740369	738.75
1336.276637	736.25
1336.812848	741.75
1337.349004	736.0
1337.885105	739.75
1338.421149	742.75
1338.957138	737.5
1339.493071	738.25
1340.028949	743.75
1340.56477	743.25
1341.100536	741.25
1341.636246	741.0
1342.171901	742.75
1342.7075	737.0
1343.243043	740.0
1343.77853	742.25
1344.313962	740.5
1344.849338	738.0
1345.384659	743.0
1345.919923	744.75
1346.455133	743.75
1346.990286	753.25
1347.525384	741.5
1348.060426	743.25
1348.595412	747.25
1349.130343	752.25
1349.665218	743.75
1350.200037	749.5
1350.734801	748.75
1351.269509	744.25
1351.804162	752.75
1352.338758	750.0
1352.8733	756.0
1353.407785	754.5
1353.942215	747.25
1354.476589	750.5
1355.010908	752.25
1355.545171	755.25
1356.079379	750.75
1356.61353	750.5
1357.147627	757.75
1357.681667	746.0
1358.215652	745.0
1358.749582	755.25
1359.283456	754.75
1359.817274	752.75
1360.351037	759.25
1360.884744	757.5
1361.418395	758.0
1361.951991	754.5
1362.485531	763.25
1363.019016	762.0
1363.552445	760.75
1364.085819	767.0
1364.619137	769.75
1365.1524	781.75
1365.685607	786.0
1366.218758	781.0
1366.751854	774.0
1367.284894	764.5
1367.817879	771.0
1368.350808	766.5
1368.883682	773.0
1369.4165	816.25
1369.949263	946.0
1370.48197	957.25
1371.014622	823.25
1371.547218	784.75
1372.079758	775.0
1372.612244	773.75
1373.144673	775.5
1373.677047	773.5
1374.209366	778.0
1374.741629	787.75
1375.273836	787.25
1375.805989	788.5
1376.338085	786.5
1376.870126	787.25
1377.402112	791.75
1377.934042	788.0
1378.465917	800.5
1378.997736	798.5
1379.5295	810.5
1380.061208	814.5
1380.592861	816.75
1381.124459	831.5
1381.656	845.0
1382.187487	843.0
1382.718918	874.75
1383.250294	897.0
1383.781614	928.75
1384.312879	984.0
1384.844088	1053.25
1385.375242	1183.25
1385.90634	1431.5
1386.437383	1908.0
1386.968371	3132.5
1387.499303	6215.75
1388.03018	11461.5
1388.561001	11276.0
1389.091767	5664.5
1389.622478	2575.75
1390.153133	1581.5
1390.683733	1232.0
1391.214277	1071.25
1391.744766	979.0
1392.2752	928.75
1392.805578	891.0
1393.335901	870.25
1393.866168	849.25
1394.396381	843.25
1394.926537	831.75
1395.456639	821.75
1395.986685	818.75
1396.516675	806.25
1397.046611	799.75
1397.576491	797.5
1398.106315	799.5
1398.636084	793.0
1399.165798	791.5
1399.695457	793.75
1400.22506	781.0
1400.754608	790.0
1401.284101	784.5
1401.813538	781.0
1402.34292	788.5
1402.872247	787.75
1403.401518	785.75
1403.930734	792.75
1404.459895	800.0
1404.989	806.25
1405.51805	808.75
1406.047045	826.0
1406.575984	844.25
1407.104869	870.75
1407.633697	915.5
1408.162471	989.75
1408.691189	1114.5
1409.219852	1268.25
1409.74846	1396.5
1410.277013	1307.0
1410.80551	1095.0
1411.333952	935.75
1411.862339	866.75
1412.39067	816.75
1412.918946	790.0
1413.447167	781.0
1413.975333	763.25
1414.503444	764.0
1415.031499	754.5
1415.559499	754.75
1416.087444	746.75
1416.615333	748.25
1417.143167	740.25
1417.670947	741.75
1418.19867	737.0
1418.726339	737.5
1419.253952	733.5
1419.781511	733.75
1420.309014	730.25
1420.836461	735.5
1421.363854	731.75
1421.891191	731.75
1422.418474	729.5
1422.945701	734.25
1423.472872	735.5
1423.999989	737.0
1424.52705	736.0
1425.054057	735.0
1425.581008	735.25
1426.107904	735.0
1426.634745	736.0
1427.16153	737.25
1427.688261	728.75
1428.214936	724.25
1428.741556	722.5
1429.268121	717.25
1429.794631	718.5
1430.321085	723.5
1430.847485	715.5
1431.373829	716.5
1431.900118	714.75
1432.426353	713.0
1432.952532	712.0
1433.478655	711.25
1434.004724	714.25
1434.530738	707.25
1435.056696	711.0
1435.5826	711.0
1436.108448	712.25
1436.634241	705.75
1437.159979	705.75
1437.685662	705.0
1438.21129	706.75
1438.736863	702.0
1439.262381	700.25
1439.787843	703.25
1440.313251	706.5
1440.838603	698.5
1441.3639	706.75
1441.889143	703.0
1442.41433	702.25
1442.939462	703.0
1443.464539	701.25
1443.989561	698.0
1444.514528	700.0
1445.03944	698.25
1445.564297	699.5
1446.089099	697.75
1446.613846	696.75
1447.138537	697.75
1447.663174	696.75
1448.187756	697.5
1448.712282	696.25
1449.236754	692.5
1449.761171	697.25
1450.285532	690.75
1450.809839	694.75
1451.33409	692.0
1451.858287	692.0
1452.382428	695.75
1452.906515	691.0
1453.430546	692.25
1453.954523	691.5
1454.478444	689.25
1455.002311	688.5
1455.526123	690.5
1456.049879	687.75
1456.573581	685.75
1457.097227	688.75
1457.620819	690.0
1458.144356	688.25
1458.667837	690.5
1459.191264	683.5
1459.714636	686.75
1460.237952	687.0
1460.761214	686.75
1461.284421	690.75
1461.807573	691.25
1462.33067	686.75
1462.853712	689.5
1463.376699	689.0
1463.899632	690.0
1464.422509	685.0
1464.945331	682.0
1465.468099	683.0
1465.990811	683.0
1466.513469	686.25
1467.036071	683.5
1467.558619	685.25
1468.081112	690.25
1468.60355	685.75
1469.125933	686.0
1469.648261	682.0
1470.170534	685.5
1470.692752	684.0
1471.214916	681.75
1471.737024	686.5
1472.259078	683.0
1472.781077	684.5
1473.303021	679.5
1473.82491	686.5
1474.346744	681.5
1474.868523	682.0
1475.390248	682.75
1475.911917	684.5
1476.433532	682.0
1476.955092	679.0
1477.476597	685.5
1477.998047	683.0
1478.519442	680.5
1479.040783	681.25
1479.562068	685.25
1480.083299	684.75
1480.604475	680.25
1481.125596	678.0
1481.646663	681.25
1482.167674	681.25
1482.688631	680.75
1483.209533	683.0
1483.73038	687.0
1484.251172	680.5
1484.771909	681.75
1485.292592	681.0
1485.81322	680.0
1486.333793	686.75
1486.854311	686.25
1487.374775	684.25
1487.895183	683.25
1488.415537	681.5
1488.935836	678.75
1489.456081	684.25
1489.97627	686.75
1490.496405	684.0
1491.016485	688.5
1491.536511	685.75
1492.056481	682.5
1492.576397	679.75
1493.096258	684.75
1493.616064	683.5
1494.135816	681.75
1494.655513	679.5
1495.175155	682.75
1495.694742	675.75
1496.214274	686.5
1496.733752	683.0
1497.253175	686.5
1497.772544	681.5
1498.291858	679.5
1498.811116	689.0
1499.330321	684.75
1499.84947	685.5
1500.368565	681.25
1500.887605	682.0
1501.406591	687.0
1501.925521	683.25
1502.444397	678.5
1502.963219	681.5
1503.481985	686.25
1504.000697	685.25
1504.519355	686.0
1505.037957	683.5
1505.556505	684.75
1506.074999	682.75
1506.593437	685.75
1507.111821	687.25
1507.63015	681.0
1508.148425	683.5
1508.666645	683.5
1509.18481	682.75
1509.702921	685.5
1510.220977	684.25
1510.738979	691.5
1511.256925	682.25
1511.774817	683.75
1512.292655	684.25
1512.810438	684.25
1513.328166	682.75
1513.84584	683.5
1514.363459	686.25
1514.881023	684.75
1515.398533	679.75
1515.915988	685.0
1516.433389	683.75
1516.950734	677.0
1517.468026	681.75
1517.985263	686.25
1518.502445	678.5
1519.019572	685.0
1519.536645	681.0
1520.053664	682.0
1520.570628	685.5
1521.087537	685.0
1521.604392	685.5
1522.121192	682.25
1522.637937	681.0
1523.154628	682.75
1523.671265	685.0
1524.187847	681.0
1524.704374	684.75
1525.220847	682.25
1525.737265	682.5
1526.253629	685.75
1526.769938	681.75
1527.286192	681.75
1527.802392	683.75
1528.318538	682.75
1528.834629	681.25
1529.350666	686.0
1529.866648	682.5
1530.382575	685.5
1530.898448	683.25
1531.414266	686.75
1531.93003	683.5
1532.44574	683.25
1532.961395	681.75
1533.476995	681.75
1533.992541	685.25
1534.508033	680.25
1535.02347	683.5
1535.538852	683.25
1536.05418	682.5
1536.569454	684.5
1537.084673	683.5
1537.599837	682.75
1538.114947	680.75
1538.630003	683.5
1539.145004	683.0
1539.659951	681.75
1540.174843	683.0
1540.689681	682.75
1541.204465	678.5
1541.719194	682.25
1542.233868	681.0
1542.748488	685.75
1543.263054	680.25
1543.777565	683.5
1544.292022	682.0
1544.806424	682.75
1545.320772	683.0
1545.835066	683.75
1546.349305	684.0
1546.863489	680.75
1547.37762	685.0
1547.891696	680.25
1548.405717	686.5
1548.919684	680.75
1549.433597	681.75
1549.947455	683.0
1550.461259	682.25
1550.975009	681.75
1551.488704	683.75
1552.002345	681.75
1552.515931	685.5
1553.029463	684.5
1553.542941	685.5
1554.056364	680.5
1554.569733	682.5
1555.083048	681.5
1555.596308	683.25
1556.109514	687.0
1556.622665	682.5
1557.135762	687.75
1557.648805	681.5
1558.161794	683.5
1558.674728	685.25
1559.187608	686.25
1559.700433	683.5
1560.213205	677.25
1560.725921	683.75
1561.238584	679.75
1561.751192	684.25
1562.263746	684.5
1562.776246	689.25
1563.288691	682.5
1563.801082	685.25
1564.313419	682.5
1564.825701	683.5
1565.337929	683.0
1565.850103	687.25
1566.362223	684.5
1566.874288	685.0
1567.386299	684.75
1567.898256	686.75
1568.410158	683.5
1568.922007	683.5
1569.4338	684.25
1569.94554	680.75
1570.457226	683.75
1570.968857	684.25
1571.480434	686.25
1571.991956	683.5
1572.503425	683.5
1573.014839	683.75
1573.526199	685.75
1574.037505	678.25
1574.548756	687.0
1575.059953	681.0
1575.571096	683.75
1576.082185	682.0
1576.59322	682.75
1577.1042	687.25
1577.615126	681.25
1578.125998	685.5
1578.636816	685.5
1579.14758	686.25
1579.658289	686.25
1580.168944	680.75
1580.679545	684.75
1581.190092	682.0
1581.700585	685.0
1582.211023	683.75
1582.721407	680.75
1583.231737	686.0
1583.742013	681.75
1584.252235	684.75
1584.762403	686.25
1585.272516	684.0
1585.782575	686.75
1586.292581	683.25
1586.802532	687.5
1587.312428	687.0
1587.822271	684.5
1588.33206	686.0
1588.841794	682.0
1589.351474	684.5
1589.8611	686.5
1590.370672	684.25
1590.88019	685.0
1591.389654	684.5
1591.899064	681.5
1592.408419	682.5
