495.936	2030.0
497.494	1925.0
499.049	1877.5
500.603	1757.5
502.158	1687.5
503.712	1581.5
505.266	1533.0
506.819	1509.0
508.375	1467.0
509.928	1377.0
511.481	1307.5
513.034	1309.5
517.69	1204.0
519.241	1174.5
522.344	1170.0
523.894	1143.5
525.445	1123.5
526.995	1113.0
528.545	1069.5
530.095	1059.5
531.644	1021.0
533.193	1036.0
534.74	1016.5
536.289	1017.0
537.837	1028.5
539.385	989.5
540.933	985.0
542.481	955.0
544.028	945.5
550.213	889.5
551.759	877.0
553.303	870.5
554.848	882.0
556.393	821.5
557.938	825.5
559.481	810.5
561.025	807.0
562.57	815.5
564.111	814.5
565.655	798.5
567.199	782.5
570.283	779.0
571.823	770.5
573.366	771.5
574.908	755.0
576.447	748.5
577.989	742.0
581.069	735.0
582.608	750.0
584.149	773.5
585.687	754.0
587.227	745.0
588.765	789.5
590.304	827.5
591.841	814.5
593.38	785.5
594.917	756.5
597.992	737.0
599.528	742.5
604.136	735.0
605.673	734.5
607.207	736.5
608.742	728.5
610.278	718.0
611.812	702.0
613.345	713.0
614.879	699.0
616.414	702.5
617.946	696.5
619.479	703.0
621.011	691.0
622.543	702.0
624.077	704.0
625.609	684.0
627.14	693.5
628.671	678.0
630.202	684.5
631.732	673.0
633.262	682.0
636.322	679.0
640.912	681.0
642.44	679.0
643.969	690.5
645.497	674.5
647.025	672.0
648.552	690.0
650.08	669.0
651.605	656.0
653.132	670.5
654.659	688.0
656.185	693.5
657.711	670.5
659.237	639.0
660.762	640.0
662.288	655.0
663.811	637.0
665.336	619.0
666.86	634.0
668.385	645.0
669.909	662.5
671.43	668.5
672.954	674.5
674.477	669.5
676.0	665.0
677.521	660.5
679.044	685.5
680.566	687.0
682.086	711.0
683.608	721.5
685.129	723.5
686.648	764.0
688.169	792.0
689.688	854.5
691.209	930.5
692.729	1044.0
694.247	1276.0
695.766	1574.5
698.803	1676.0
700.32	1435.5
701.839	1164.5
703.355	1014.0
704.873	881.0
706.389	814.0
707.907	780.0
709.422	757.5
710.938	706.5
712.455	703.0
713.969	703.0
715.486	662.0
717.0	655.0
718.514	652.0
721.543	659.5
724.569	656.0
733.645	645.5
735.156	627.0
744.219	612.0
745.728	604.0
747.238	614.0
748.746	626.5
750.255	613.0
751.763	599.5
756.287	603.5
757.794	605.5
759.301	596.5
760.808	596.5
762.315	604.5
763.819	603.5
765.325	611.5
766.831	640.0
768.336	641.0
769.842	622.5
771.347	641.0
772.852	631.0
774.354	633.0
775.859	620.0
777.363	641.5
778.866	647.0
780.368	651.5
783.374	659.5
784.877	671.0
786.378	660.5
787.88	702.0
789.382	741.5
790.882	758.5
792.383	799.5
793.883	842.0
795.384	931.5
798.383	1021.0
799.883	983.5
801.382	900.5
802.881	798.5
804.379	770.0
805.878	738.5
807.375	710.0
808.874	703.5
810.371	691.5
811.867	692.5
813.365	685.5
814.861	693.0
816.358	681.5
817.854	665.0
819.349	677.5
820.846	649.5
822.34	640.0
825.331	640.0
826.824	646.5
828.318	638.0
829.811	622.5
832.799	632.0
834.292	640.5
835.784	653.0
837.276	656.5
838.768	643.0
846.226	639.0
847.716	638.5
849.206	634.5
850.696	634.0
852.186	645.0
853.675	658.5
855.164	657.0
856.653	631.0
859.63	635.0
861.118	624.0
862.606	612.0
864.094	626.5
865.579	640.0
867.066	642.5
868.553	605.5
870.04	595.0
871.526	602.0
873.013	629.0
874.497	620.5
875.982	587.0
877.468	589.5
878.953	620.0
880.436	637.5
881.921	635.0
883.405	629.0
884.887	612.0
886.371	615.5
889.336	616.5
890.82	628.5
892.301	616.5
893.783	622.0
895.264	624.0
896.746	631.0
898.226	639.0
899.708	622.0
901.187	617.0
902.669	615.5
904.148	610.0
905.629	603.0
907.107	593.5
910.065	604.5
913.023	622.5
914.5	617.5
918.933	617.5
920.409	630.0
921.885	613.0
923.363	618.5
924.839	595.0
926.314	602.5
929.264	609.5
930.741	600.5
932.215	603.0
933.689	608.5
936.637	595.0
938.11	591.5
939.584	587.5
944.002	573.0
945.474	565.0
946.946	592.0
948.418	583.5
949.889	583.5
951.36	586.0
952.831	586.0
954.302	571.0
955.773	578.5
958.711	579.5
960.181	577.5
961.651	555.0
963.12	568.5
964.589	571.0
966.056	566.0
970.459	554.0
971.927	559.0
973.395	568.5
974.86	565.5
977.794	546.5
980.725	540.0
982.189	548.0
983.655	545.5
985.119	551.0
986.585	540.0
988.048	550.5
989.513	557.5
990.976	550.5
992.44	541.5
995.366	555.0
996.828	541.0
998.29	551.5
1001.21	554.5
1002.68	563.0
1004.14	542.5
1005.6	554.5
1007.06	543.0
1008.52	540.0
1009.98	548.0
1011.44	537.0
1015.82	538.0
1021.65	559.0
1023.11	554.0
1024.57	560.0
1026.02	556.0
1027.48	552.0
1028.94	559.0
1030.39	546.0
1031.85	567.5
1034.76	568.5
1036.22	581.0
1037.67	573.5
1039.13	583.5
1040.58	579.5
1042.03	575.0
1043.49	574.5
1044.94	564.0
1049.3	581.5
1050.75	574.0
1052.2	577.0
1053.66	581.0
1055.11	589.5
1056.56	592.5
1058.01	596.5
1059.46	625.0
1060.91	652.0
1062.36	708.0
1063.81	788.5
1065.26	875.5
1068.16	848.0
1069.61	785.5
1071.06	690.0
1072.51	657.5
1073.95	643.0
1075.4	628.0
1078.3	642.5
1079.74	645.5
1081.19	663.0
1084.08	649.0
1085.53	618.5
1086.98	612.0
1088.42	569.5
1089.87	576.5
1091.31	578.0
1092.76	557.0
1094.2	558.0
1095.64	549.0
1099.97	546.5
1101.42	542.5
1102.86	545.0
1104.3	547.5
1105.75	557.5
1107.19	558.5
1108.63	551.0
1110.07	531.0
1111.51	538.0
1112.95	541.5
1114.39	530.5
1115.83	548.0
1117.27	553.5
1118.71	552.0
1120.15	526.5
1121.59	531.0
1123.03	532.5
1124.47	544.5
1125.91	545.0
1127.35	555.5
1128.78	557.0
1130.22	573.5
1131.66	564.5
1133.1	563.0
1135.97	589.5
1137.4	613.0
1138.84	617.0
1144.58	684.0
1146.02	696.0
1147.45	755.0
1148.88	792.5
1150.32	848.5
1151.75	918.0
1153.18	998.0
1154.62	1167.5
1156.05	1347.0
1157.48	1691.0
1158.92	2184.0
1160.35	2676.0
1163.21	2682.0
1164.64	2188.5
1166.07	1664.0
1167.5	1323.0
1168.93	1071.5
1170.36	915.5
1171.79	817.0
1173.22	763.0
1174.65	693.0
1176.08	673.0
1177.51	646.5
1178.94	629.5
1180.37	606.0
1181.79	580.0
1183.22	592.0
1184.65	577.5
1186.08	593.5
1187.5	578.5
1188.93	571.5
1193.21	567.5
1194.63	571.5
1196.06	576.5
1198.91	563.0
1200.33	568.0
1203.18	557.0
1204.6	551.5
1207.45	557.5
1208.87	559.5
1210.29	540.0
1211.72	551.5
1213.14	548.0
1214.56	559.5
1215.98	553.5
1221.66	563.0
1223.09	560.0
1224.5	572.0
1225.93	582.5
1227.34	573.5
1228.76	551.5
1230.18	564.5
1231.6	574.5
1233.02	570.5
1234.44	580.0
1235.85	598.0
1237.27	597.0
1238.69	602.5
1240.11	606.0
1241.52	594.5
1242.94	607.0
1244.35	602.0
1247.19	609.0
1248.6	624.0
1250.02	613.0
1251.43	601.0
1252.85	624.0
1254.26	613.5
1255.67	649.5
1257.09	655.0
1258.5	636.5
1259.92	655.0
1261.33	647.5
1262.74	689.0
1264.15	772.0
1265.56	966.5
1266.98	772.5
1268.39	664.5
1269.8	658.0
1272.62	691.0
1274.03	687.0
1275.44	663.5
1276.85	672.0
1278.26	677.5
1279.67	695.0
1281.08	717.0
1282.49	838.5
1283.9	1551.5
1285.31	4888.5
1286.71	3430.5
1288.12	891.5
1289.53	734.0
1290.94	695.5
1292.34	661.0
1293.75	641.0
1295.16	625.0
1296.56	617.5
1297.97	637.0
1299.38	632.0
1302.19	623.0
1303.59	609.0
1305.0	617.5
1306.4	628.5
1307.8	623.5
1309.21	612.0
1310.61	624.0
1312.01	631.0
1313.42	607.0
1314.82	597.0
1316.22	595.0
1317.63	602.5
1320.43	578.0
1321.83	572.0
1324.63	602.0
1326.03	592.5
1327.44	603.5
1328.84	588.5
1330.24	591.0
1331.63	583.5
1333.03	600.0
1334.43	613.5
1335.83	590.0
1337.23	573.0
1338.63	584.0
1340.03	586.5
1344.22	587.5
1345.62	600.5
1347.01	594.0
1348.41	587.5
1351.2	604.0
1352.6	600.0
1353.99	590.0
1355.39	609.0
1356.78	628.0
1358.18	621.0
1359.57	607.0
1363.75	619.0
1365.15	639.5
1369.33	682.5
1370.72	775.0
1372.11	677.5
1374.89	677.5
1376.28	699.5
1377.68	704.0
1379.07	725.5
1380.46	781.5
1381.85	815.0
1383.24	851.0
1384.63	913.5
1386.02	1110.0
1387.4	3361.0
1388.79	8884.5
1390.18	2503.5
1391.57	857.0
1392.96	776.5
1394.35	741.0
1395.73	680.5
1397.12	651.0
1398.51	634.0
1399.89	655.0
1401.28	649.5
1402.67	639.0
1404.05	639.0
1405.44	630.0
1406.83	654.5
1408.21	757.5
1409.59	1176.0
1410.98	978.0
1412.36	661.0
1413.75	636.0
1415.13	620.0
1417.9	622.0
1419.28	608.5
1420.67	593.0
1422.05	602.0
1423.43	605.5
1424.81	618.0
1426.19	628.5
1427.58	605.5
1428.96	606.0
1430.34	594.0
1431.72	596.5
1433.1	583.5
1440.0	569.5
1441.38	557.0
1442.76	560.5
1445.51	537.0
1446.89	544.0
1448.27	554.5
1449.64	550.5
1451.02	552.0
1453.78	548.0
1455.15	544.0
1456.53	537.5
1459.28	533.5
1460.65	523.5
1464.78	535.5
1466.15	534.0
1467.53	525.5
1468.9	527.5
1470.27	498.5
1471.65	507.0
1474.39	524.5
1475.76	522.5
1477.14	516.0
1478.51	513.0
1479.88	513.5
1481.25	503.5
1482.62	529.0
1483.99	526.0
1485.36	517.5
1486.73	517.5
1488.1	509.0
1489.47	511.5
1493.58	524.5
1497.69	528.0
1499.06	526.0
1500.42	518.0
1501.79	513.0
1503.16	511.0
1504.53	515.5
1505.89	517.0
1511.36	534.5
1516.82	521.5
1518.18	522.5
1519.55	530.0
1523.64	525.5
1526.36	535.5
1527.72	529.5
1529.09	546.5
1530.45	548.0
1531.81	529.5
1533.17	524.0
1534.53	519.0
1535.89	510.5
1537.25	508.5
1538.62	518.0
1539.98	524.5
1541.34	528.5
1545.41	530.5
1546.77	536.5
1548.13	529.0
1549.49	522.0
1550.85	538.0
1552.21	523.0
1553.56	519.5
1554.92	532.5
1556.28	533.0
1557.64	532.0
1558.99	533.0
1560.35	535.0
1561.7	525.5
1563.06	511.0
1564.42	529.5
1565.77	522.0
1568.48	531.0
1569.84	533.0
1571.19	547.0
1572.55	540.5
1573.9	532.5
1575.25	538.0
1576.6	540.5
1577.96	558.0
1579.31	553.5
1580.66	570.0
1582.02	565.5
1583.37	551.0
1584.72	556.5
1586.07	550.5
1587.42	543.0
1590.12	546.5
1591.47	553.0
1594.17	564.0
1595.53	572.5
1600.92	583.0
1602.27	595.0
1603.62	598.0
1604.96	590.5
1606.31	574.0
1607.66	565.0
1609.01	574.0
1610.35	578.0
1611.7	590.0
1613.05	568.5
1614.39	580.5
1615.74	575.0
1617.09	567.0
1618.43	579.0
1619.78	585.5
1621.12	574.5
1622.47	581.5
1623.81	548.5
1625.15	547.0
1626.5	574.0
1627.84	579.0
1629.18	586.5
1630.53	575.0
1631.87	570.5
1633.21	577.5
1634.55	571.0
1635.9	554.5
1637.24	560.5
1638.58	553.5
1639.92	573.0
1641.26	562.5
1642.6	577.0
1643.94	576.0
1645.28	563.5
1646.62	582.5
1647.96	568.5
1649.3	561.0
1650.64	556.0
1651.98	544.0
1653.32	554.5
1656.0	553.0
1657.34	551.0
1658.67	560.5
1660.01	552.5
1661.35	559.0
1662.68	566.0
1664.02	551.5
1665.36	537.0
1666.69	545.0
1668.03	555.5
1669.37	546.0
1673.37	549.5
1676.04	555.5
1680.04	554.0
1681.38	544.5
1682.71	540.0
1684.04	536.5
1689.37	538.5
1697.36	537.5
1698.69	530.0
1702.67	535.5
1704.01	547.0
1705.33	543.5
1706.66	544.0
1710.65	522.0
1711.97	513.0
1713.3	535.0
1714.63	529.5
1715.95	532.5
1717.28	535.5
1718.61	531.0
1719.93	528.5
1721.26	551.0
1722.59	548.5
1723.91	550.0
1725.24	542.0
1726.56	533.5
1727.89	547.0
1729.21	556.5
1730.53	537.5
1731.86	536.0
1734.5	540.0
1735.83	533.0
1737.15	543.5
1738.47	537.5
1745.08	512.5
1746.4	509.0
1747.72	515.0
1749.04	525.0
1750.36	530.0
1751.68	513.5
1753.0	527.0
1754.32	512.5
1755.64	508.0
1756.96	522.5
1758.28	513.0
1759.6	504.0
1760.92	495.0
1762.23	511.0
1763.55	512.0
1764.87	525.5
1766.19	511.0
1767.5	502.0
1768.82	501.0
1771.45	511.0
1772.77	512.5
1776.72	525.0
1778.03	516.0
1779.35	518.0
1780.66	504.0
1783.29	503.0
1784.6	516.0
1789.85	528.5
1791.17	533.0
1793.79	519.5
1795.1	514.5
1796.41	515.0
1800.35	522.0
1801.66	516.5
1802.97	511.0
1804.28	516.0
1805.59	520.5
1806.9	519.5
1808.21	502.5
1809.52	511.0
1813.44	518.0
1814.75	514.0
1816.06	511.0
1817.37	494.0
1818.67	507.0
1819.98	518.5
1821.29	516.5
1822.59	496.5
1823.9	497.0
1825.21	496.0
1829.12	504.0
1831.73	505.0
1833.04	500.0
1834.34	492.5
1838.25	497.0
1842.16	499.5
1843.46	506.0
1844.77	494.0
1846.07	485.5
1847.37	491.5
1848.67	513.0
1849.97	509.0
1851.27	503.0
1856.48	501.5
1859.07	498.0
1860.37	505.0
1861.67	503.5
1862.97	512.5
1864.27	514.5
1865.57	502.5
1868.16	506.5
1869.46	502.5
1873.35	507.5
1874.65	497.0
1877.24	478.0
1878.54	498.5
1879.83	504.0
1881.13	490.0
1883.72	492.0
1885.01	500.5
1887.6	493.0
1888.89	490.0
1890.19	509.0
1891.48	511.5
1894.07	508.5
1895.36	499.5
1899.24	494.5
1900.53	500.0
1903.11	487.0
1904.4	490.5
1905.69	489.0
1906.98	492.0
1908.27	506.5
1909.56	499.0
1910.85	503.0
1912.14	505.0
1913.43	495.5
1914.72	490.5
1916.01	514.5
1917.3	511.0
1918.59	512.5
1919.87	486.0
1921.16	482.5
1922.45	485.5
1923.74	494.5
1925.02	513.0
1926.31	503.5
1927.6	500.0
1928.88	501.5
1930.17	499.0
1931.45	489.5
1934.03	495.5
1935.31	502.5
1936.59	512.5
1937.88	503.5
1939.16	502.5
1940.45	501.0
