492.825	3224
494.381	2952.5
495.936	2755
497.494	2548
499.049	2442.5
500.603	2343
502.158	2221
503.712	2051.5
505.266	1965.5
506.819	1932.5
508.375	1827.5
509.928	1711
511.481	1707
513.034	1646.5
514.586	1591.5
516.138	1546
517.69	1501.5
519.241	1516
520.793	1480.5
522.344	1444.5
523.894	1393
525.445	1379
526.995	1325
528.545	1326
530.095	1270.5
531.644	1276.5
533.193	1233.5
534.74	1233.5
536.289	1209
537.837	1182
539.385	1174.5
540.933	1148.5
542.481	1157.5
544.028	1104
545.573	1120
547.12	1066.5
548.667	1088.5
550.213	1088.5
551.759	1091
553.303	1008.5
554.848	1019
556.393	990
557.938	965.5
559.481	960.5
561.025	893
562.57	927.5
564.111	900.5
565.655	881
567.199	903
568.74	894.5
570.283	901.5
571.823	866.5
573.366	884
574.908	856.5
576.447	866.5
577.989	884.5
579.528	863.5
581.069	860.5
582.608	852.5
584.149	854.5
585.687	845.5
587.227	861.5
588.765	901.5
590.304	944.5
591.841	905
593.38	869
594.917	898
596.453	845.5
597.992	841
599.528	849.5
601.065	841
602.601	830.5
604.136	823
605.673	808.5
607.207	814.5
608.742	795
610.278	764.5
611.812	804
613.345	780.5
614.879	789
616.414	782
617.946	754.5
619.479	781
621.011	772.5
622.543	781.5
624.077	737
625.609	770.5
627.14	793.5
628.671	771
630.202	744
631.732	762
633.262	744
634.792	740
636.322	739
637.854	761.5
639.383	745.5
640.912	747
642.44	740.5
643.969	785.5
645.497	744.5
647.025	729
648.552	719.5
650.08	737.5
651.605	758
653.132	751
654.659	740.5
656.185	734.5
657.711	738.5
659.237	726.5
660.762	712
662.288	713.5
663.811	672.5
665.336	718.5
666.86	711
668.385	735.5
669.909	704
671.43	708
672.954	724
674.477	714
676	747
677.521	721
679.044	763.5
680.566	773
682.086	780.5
683.608	788.5
685.129	811
686.648	859
688.169	916
689.688	1005
691.209	1127
692.729	1286
694.247	1662.5
695.766	2046.5
697.284	2273.5
698.803	2199.5
700.32	1782
701.839	1438
703.355	1192
704.873	1025.5
706.389	945.5
707.907	909.5
709.422	847.5
710.938	800.5
712.455	773
713.969	781.5
715.486	752
717	746.5
718.514	743
720.027	715.5
721.543	714.5
723.056	686
724.569	695.5
726.083	697.5
727.596	711.5
729.108	719
730.62	689.5
732.133	678.5
733.645	686.5
735.156	681.5
736.667	683.5
738.177	681.5
739.688	681
741.198	666.5
742.71	666
744.219	693
745.728	640
747.238	666.5
748.746	662
750.255	654
751.763	655
753.271	663
754.779	669
756.287	668.5
757.794	652.5
759.301	640.5
760.808	659.5
762.315	658.5
763.819	662.5
765.325	667.5
766.831	661
768.336	668.5
769.842	666.5
771.347	666.5
772.852	657.5
774.354	658
775.859	680.5
777.363	676
778.866	673.5
780.368	696
781.871	709
783.374	711
784.877	738.5
786.378	742.5
787.88	804.5
789.382	827
790.882	856
792.383	918.5
793.883	1003.5
795.384	1152
796.885	1273
798.383	1260
799.883	1195.5
801.382	1068
802.881	962.5
804.379	859
805.878	847
807.375	798
808.874	770.5
810.371	780.5
811.867	756
813.365	760.5
814.861	745.5
816.358	761.5
817.854	732
819.349	733
820.846	694.5
822.34	725.5
823.835	693.5
825.331	727
826.824	688
828.318	689.5
829.811	695.5
831.306	706
832.799	681
834.292	716
835.784	711
837.276	686.5
838.768	694.5
840.262	712
841.753	698.5
843.244	687.5
844.735	719
846.226	696
847.716	684.5
849.206	690
850.696	696.5
852.186	679.5
853.675	705
855.164	689.5
856.653	681
858.142	677
859.63	646
861.118	680.5
862.606	647.5
864.094	699.5
865.579	687.5
867.066	681.5
868.553	659.5
870.04	667
871.526	643
873.013	654
874.497	663.5
875.982	638.5
877.468	660
878.953	652
880.436	678.5
881.921	654
883.405	677
884.887	672.5
886.371	632.5
887.855	658
889.336	673
890.82	688
892.301	682
893.783	676.5
895.264	660
896.746	654.5
898.226	681.5
899.708	642
901.187	673
902.669	656.5
904.148	673.5
905.629	673.5
907.107	637.5
908.587	634
910.065	652.5
911.543	646
913.023	621
914.5	644.5
915.977	656.5
917.456	668
918.933	648
920.409	660.5
921.885	648.5
923.363	633.5
924.839	643
926.314	619.5
927.789	632
929.264	647
930.741	622.5
932.215	616.5
933.689	614
935.163	598.5
936.637	607
938.11	611
939.584	613.5
941.057	619
942.529	624
944.002	611
945.474	613.5
946.946	601.5
948.418	593
949.889	610
951.36	610
952.831	584.5
954.302	616
955.773	584
957.243	580
958.711	592
960.181	581
961.651	577.5
963.12	608
964.589	575
966.056	575.5
967.524	583
968.993	582
970.459	586.5
971.927	568.5
973.395	557
974.86	547.5
976.327	552
977.794	569
979.259	545.5
980.725	553.5
982.189	541.5
983.655	541.5
985.119	560
986.585	537
988.048	555
989.513	553.5
990.976	549.5
992.44	555.5
993.902	565.5
995.366	562
996.828	550
998.29	539
999.753	560
1001.21	550.5
1002.68	521
1004.14	539.5
1005.6	552
1007.06	525
1008.52	522
1009.98	539.5
1011.44	526
1012.9	530
1014.36	545
1015.82	531
1017.28	553.5
1018.73	534.5
1020.19	549.5
1021.65	574.5
1023.11	554
1024.57	572
1026.02	538
1027.48	563
1028.94	549.5
1030.39	550.5
1031.85	536.5
1033.3	563
1034.76	537.5
1036.22	583.5
1037.67	570.5
1039.13	578
1040.58	571.5
1042.03	551.5
1043.49	580
1044.94	590
1046.39	574.5
1047.85	571.5
1049.3	581
1050.75	567
1052.2	581.5
1053.66	587.5
1055.11	580
1056.56	609
1058.01	641.5
1059.46	683.5
1060.91	738.5
1062.36	794.5
1063.81	911.5
1065.26	1082.5
1066.71	1063
1068.16	983
1069.61	849
1071.06	765.5
1072.51	683.5
1073.95	661
1075.4	652.5
1076.85	669.5
1078.3	658
1079.74	703.5
1081.19	722
1082.64	729.5
1084.08	705
1085.53	652
1086.98	639
1088.42	589
1089.87	588.5
1091.31	558
1092.76	583.5
1094.2	554
1095.64	556.5
1097.09	540.5
1098.53	564.5
1099.97	553
1101.42	555
1102.86	579.5
1104.3	550.5
1105.75	548
1107.19	567
1108.63	542
1110.07	534
1111.51	552
1112.95	549
1114.39	545
1115.83	555.5
1117.27	545.5
1118.71	546
1120.15	538
1121.59	553.5
1123.03	558
1124.47	554
1125.91	572
1127.35	560.5
1128.78	573.5
1130.22	564.5
1131.66	591
1133.1	599
1134.53	602.5
1135.97	623.5
1137.4	619
1138.84	642
1140.28	679
1141.71	709.5
1143.15	728
1144.58	748.5
1146.02	788
1147.45	841.5
1148.88	872.5
1150.32	991.5
1151.75	1055
1153.18	1248
1154.62	1451.5
1156.05	1752
1157.48	2230
1158.92	2949.5
1160.35	3736.5
1161.78	4034
1163.21	3719.5
1164.64	3009
1166.07	2176.5
1167.5	1712.5
1168.93	1358.5
1170.36	1112.5
1171.79	969
1173.22	870
1174.65	795.5
1176.08	745.5
1177.51	710.5
1178.94	688.5
1180.37	658.5
1181.79	634.5
1183.22	666
1184.65	619.5
1186.08	604
1187.5	601
1188.93	608
1190.35	598
1191.78	619.5
1193.21	574
1194.63	575.5
1196.06	586.5
1197.48	575.5
1198.91	569.5
1200.33	573.5
1201.76	558.5
1203.18	583
1204.6	565
1206.03	561
1207.45	570
1208.87	558
1210.29	533.5
1211.72	561
1213.14	541
1214.56	566.5
1215.98	551
1217.4	540.5
1218.82	572.5
1220.25	558.5
1221.66	555
1223.09	568.5
1224.5	553
1225.93	567
1227.34	573.5
1228.76	601.5
1230.18	609
1231.6	605
1233.02	613
1234.44	606.5
1235.85	599
1237.27	620
1238.69	623
1240.11	623
1241.52	619
1242.94	602.5
1244.35	617.5
1245.77	620
1247.19	580
1248.6	613
1250.02	629.5
1251.43	616.5
1252.85	651.5
1254.26	613.5
1255.67	623
1257.09	631
1258.5	631.5
1259.92	659
1261.33	662.5
1262.74	716.5
1264.15	808
1265.56	1006
1266.98	776
1268.39	679
1269.8	648.5
1271.21	672
1272.62	699
1274.03	655.5
1275.44	676.5
1276.85	684.5
1278.26	709
1279.67	742
1281.08	766.5
1282.49	885.5
1283.9	1819
1285.31	5724.5
1286.71	3353.5
1288.12	913.5
1289.53	725.5
1290.94	727
1292.34	661
1293.75	664.5
1295.16	633
1296.56	612.5
1297.97	642.5
1299.38	619.5
1300.78	626.5
1302.19	616.5
1303.59	629
1305	628.5
1306.4	608.5
1307.8	570
1309.21	634.5
1310.61	602
1312.01	598.5
1313.42	611
1314.82	601
1316.22	593.5
1317.63	597.5
1319.03	608
1320.43	587.5
1321.83	591
1323.23	607
1324.63	579
1326.03	581.5
1327.44	587.5
1328.84	565
1330.24	581.5
1331.63	569
1333.03	587
1334.43	570.5
1335.83	588.5
1337.23	568.5
1338.63	595
1340.03	583.5
1341.42	569.5
1342.82	574
1344.22	577.5
1345.62	583
1347.01	556
1348.41	601.5
1349.81	582.5
1351.2	580.5
1352.6	591
1353.99	593.5
1355.39	579.5
1356.78	574.5
1358.18	583.5
1359.57	608.5
1360.97	612
1362.36	599
1363.75	623
1365.15	641.5
1366.54	651
1367.93	636.5
1369.33	696.5
1370.72	786.5
1372.11	682.5
1373.5	656
1374.89	680
1376.28	699
1377.68	724
1379.07	777.5
1380.46	818
1381.85	838.5
1383.24	907
1384.63	978
1386.02	1312
1387.4	4224
1388.79	9813
1390.18	2226.5
1391.57	842
1392.96	770
1394.35	730
1395.73	681
1397.12	663.5
1398.51	649
1399.89	657.5
1401.28	641
1402.67	649
1404.05	627
1405.44	627
1406.83	667.5
1408.21	789
1409.59	1270.5
1410.98	978.5
1412.36	659.5
1413.75	623
1415.13	603
1416.52	614
1417.9	595
1419.28	598
1420.67	600.5
1422.05	575.5
1423.43	605.5
1424.81	602.5
1426.19	606
1427.58	585
1428.96	589
1430.34	575.5
1431.72	587.5
1433.1	579.5
1434.48	581.5
1435.86	590.5
1437.24	558.5
1438.62	568
1440	576
1441.38	541
1442.76	532.5
1444.13	555
1445.51	546
1446.89	550.5
1448.27	516.5
1449.64	534
1451.02	550
1452.4	545.5
1453.78	533
1455.15	537.5
1456.53	546
1457.9	515
1459.28	509
1460.65	498
1462.03	528.5
1463.4	542
1464.78	520.5
1466.15	506.5
1467.53	499.5
1468.9	498.5
1470.27	510.5
1471.65	520
1473.02	512
1474.39	483.5
1475.76	496.5
1477.14	483.5
1478.51	498
1479.88	504.5
1481.25	501.5
1482.62	513.5
1483.99	511.5
1485.36	504.5
1486.73	513.5
1488.1	504
1489.47	483
1490.84	506.5
1492.21	491.5
1493.58	500
1494.95	503.5
1496.32	514
1497.69	512.5
1499.06	507
1500.42	512
1501.79	516
1503.16	493
1504.53	516
1505.89	475
1507.26	500
1508.63	485
1509.99	497
1511.36	494.5
1512.72	496.5
1514.09	492
1515.45	498
1516.82	513
1518.18	517
1519.55	505.5
1520.91	506.5
1522.27	504.5
1523.64	491.5
1525	484
1526.36	517
1527.72	513
1529.09	506.5
1530.45	503.5
1531.81	482
1533.17	496
1534.53	508.5
1535.89	500
1537.25	496
1538.62	524.5
1539.98	500.5
1541.34	514.5
1542.7	522
1544.05	511.5
1545.41	537
1546.77	501.5
1548.13	505.5
1549.49	511
1550.85	526.5
1552.21	527
1553.56	507
1554.92	477.5
1556.28	508
1557.64	542
1558.99	514.5
1560.35	510.5
1561.7	534
1563.06	517.5
1564.42	513
1565.77	520
1567.13	514
1568.48	543
1569.84	532.5
1571.19	521
1572.55	531.5
1573.9	506.5
1575.25	541.5
1576.6	546.5
1577.96	535
1579.31	547.5
1580.66	525.5
1582.02	539
1583.37	524
1584.72	533
1586.07	547
1587.42	550
1588.77	563
1590.12	519.5
1591.47	525.5
1592.83	538.5
1594.17	557
1595.53	553
1596.87	550
1598.22	551.5
1599.57	571
1600.92	573.5
1602.27	543.5
1603.62	573.5
1604.96	575
1606.31	549.5
1607.66	560.5
1609.01	550
1610.35	562
1611.7	566
1613.05	561.5
1614.39	565
1615.74	570
1617.09	559.5
1618.43	565
1619.78	550.5
1621.12	555.5
1622.47	572.5
1623.81	556
1625.15	578.5
1626.5	558.5
1627.84	554
1629.18	567
1630.53	585
1631.87	559.5
1633.21	560.5
1634.55	558.5
1635.9	556
1637.24	567
1638.58	558
1639.92	562
1641.26	523.5
1642.6	546
1643.94	554.5
1645.28	548.5
1646.62	547
1647.96	566
1649.3	549
1650.64	560.5
1651.98	536
1653.32	546
1654.66	538
1656	537
1657.34	543
1658.67	550
1660.01	528
1661.35	548
1662.68	537
1664.02	546.5
1665.36	555
1666.69	539.5
1668.03	525.5
1669.37	540
1670.7	541
1672.04	528
1673.37	529.5
1674.71	513.5
1676.04	501.5
1677.38	533
1678.71	524.5
1680.04	526.5
1681.38	526.5
1682.71	514.5
1684.04	527
1685.37	509
1686.71	510.5
1688.04	527.5
1689.37	522.5
1690.7	492
1692.03	501.5
1693.37	525
1694.69	513
1696.03	520
1697.36	483
1698.69	508.5
1700.02	528.5
1701.35	517
1702.67	504
1704.01	499
1705.33	493
1706.66	502.5
1707.99	496
1709.32	504
1710.65	504.5
1711.97	508.5
1713.3	495.5
1714.63	502
1715.95	485.5
1717.28	498
1718.61	512
1719.93	491
1721.26	506.5
1722.59	513
1723.91	483
1725.24	519.5
1726.56	501.5
1727.89	526
1729.21	501
1730.53	493.5
1731.86	496
1733.18	487.5
1734.5	500
1735.83	499
1737.15	485
1738.47	486
1739.79	483
1741.12	487.5
1742.44	478
1743.76	489
1745.08	491.5
1746.4	501
1747.72	480.5
1749.04	492.5
1750.36	487.5
1751.68	475
1753	484
1754.32	484.5
1755.64	476.5
1756.96	479
1758.28	483
1759.6	463
1760.92	474
1762.23	463
1763.55	489.5
1764.87	482
1766.19	483
1767.5	484.5
1768.82	482
1770.14	475.5
1771.45	491.5
1772.77	478
1774.09	486.5
1775.4	485
1776.72	452.5
1778.03	496
1779.35	469
1780.66	478.5
1781.98	473
1783.29	477.5
1784.6	476
1785.92	484.5
1787.23	482.5
1788.54	476
1789.85	472
1791.17	479.5
1792.48	476.5
1793.79	462
1795.1	498.5
1796.41	451
1797.73	491.5
1799.04	477.5
1800.35	462
1801.66	459
1802.97	477
1804.28	451
1805.59	485
1806.9	476.5
1808.21	472
1809.52	484
1810.83	465.5
1812.13	470.5
1813.44	483
1814.75	464.5
1816.06	469
1817.37	451
1818.67	475
1819.98	475.5
1821.29	462.5
1822.59	469.5
1823.9	485
1825.21	460.5
1826.51	464
1827.82	473.5
1829.12	464.5
1830.43	476
1831.73	488
1833.04	461.5
1834.34	481.5
1835.65	475.5
1836.95	474.5
1838.25	478.5
1839.56	471
1840.86	451
1842.16	463
1843.46	475
1844.77	457
1846.07	467.5
1847.37	473
1848.67	474.5
1849.97	469.5
1851.27	490
1852.57	470.5
1853.87	454
1855.18	457
1856.48	456
1857.77	469
1859.07	480.5
1860.37	484
1861.67	457.5
1862.97	460.5
1864.27	464.5
1865.57	464
1866.87	466
1868.16	446
1869.46	486
1870.76	470.5
1872.06	477.5
1873.35	477.5
1874.65	469
1875.95	443
1877.24	479
1878.54	468
1879.83	477
1881.13	450.5
1882.42	468
1883.72	466.5
1885.01	478.5
1886.31	479.5
1887.6	468
1888.89	463
1890.19	473
1891.48	480
1892.78	458
1894.07	462.5
1895.36	488
1896.65	460.5
1897.95	450.5
1899.24	466
1900.53	479.5
1901.82	491.5
1903.11	482.5
1904.4	476.5
1905.69	448.5
1906.98	462.5
1908.27	489.5
1909.56	472
1910.85	483.5
1912.14	460.5
1913.43	476.5
1914.72	470.5
1916.01	467
1917.3	493
1918.59	494.5
1919.87	465.5
1921.16	475
1922.45	440
1923.74	475
1925.02	472
1926.31	461
1927.6	494.5
1928.88	477
1930.17	454
1931.45	476.5
1932.74	456
1934.03	464.5
1935.31	452
1936.59	483.5
1937.88	487.5
1939.16	472.5
1940.45	479.5
1941.73	466
