495.936	5009.0
497.494	4827.0
499.049	4465.5
500.603	4244.5
502.158	4025.5
503.712	3840.0
505.266	3777.5
506.819	3686.0
508.375	3633.5
509.928	3756.5
511.481	4078.5
514.586	4173.5
516.138	3718.0
517.69	3313.5
519.241	3079.0
520.793	2919.0
522.344	2880.5
523.894	2756.0
525.445	2806.5
526.995	2664.5
528.545	2592.0
530.095	2551.5
531.644	2562.5
533.193	2452.0
534.74	2472.0
536.289	2454.0
537.837	2426.5
539.385	2403.5
540.933	2373.5
542.481	2324.5
544.028	2331.0
545.573	2311.0
547.12	2289.0
548.667	2275.5
550.213	2242.0
551.759	2224.0
553.303	2205.5
554.848	2144.0
556.393	2078.5
557.938	2099.5
559.481	2095.5
561.025	1995.0
562.57	2035.0
564.111	1996.5
565.655	1993.0
567.199	1953.5
568.74	1943.5
570.283	1915.5
571.823	1937.5
573.366	1900.0
574.908	1930.0
576.447	1880.0
577.989	1899.5
579.528	1889.0
581.069	1885.5
582.608	1870.5
584.149	1893.5
585.687	1922.0
587.227	1911.5
588.765	1894.0
591.841	1930.5
593.38	1886.5
594.917	1916.5
596.453	1904.5
597.992	1900.0
599.528	1887.0
601.065	1906.5
602.601	1875.5
604.136	1827.0
605.673	1812.0
607.207	1839.0
608.742	1838.5
610.278	1805.5
611.812	1763.5
613.345	1765.5
614.879	1793.5
616.414	1795.5
617.946	1788.5
619.479	1776.5
621.011	1801.0
622.543	1771.0
624.077	1774.0
625.609	1738.0
627.14	1763.5
628.671	1758.0
630.202	1778.5
631.732	1720.0
633.262	1722.0
634.792	1730.0
636.322	1718.5
637.854	1770.5
639.383	1730.5
640.912	1686.0
642.44	1733.0
643.969	1745.5
645.497	1715.5
647.025	1738.0
648.552	1722.0
650.08	1711.5
651.605	1686.0
653.132	1721.5
654.659	1725.5
656.185	1678.5
657.711	1664.0
659.237	1681.0
660.762	1645.5
662.288	1674.0
663.811	1622.0
665.336	1630.0
666.86	1629.5
668.385	1672.5
669.909	1651.0
671.43	1670.5
672.954	1653.5
674.477	1665.0
676.0	1691.0
677.521	1699.5
679.044	1697.5
680.566	1719.5
682.086	1758.0
683.608	1753.0
685.129	1813.5
686.648	1807.0
688.169	1884.0
689.688	1994.5
691.209	2145.0
692.729	2258.5
694.247	2617.0
695.766	2993.0
697.284	3369.0
698.803	3345.5
700.32	2932.0
701.839	2508.5
703.355	2216.5
704.873	2058.0
706.389	1907.0
707.907	1868.0
709.422	1815.5
710.938	1745.5
712.455	1753.0
713.969	1736.5
715.486	1691.5
717.0	1668.5
718.514	1634.0
720.027	1684.0
721.543	1645.5
723.056	1630.5
724.569	1662.0
726.083	1630.0
727.596	1635.0
729.108	1639.0
730.62	1622.0
732.133	1595.5
733.645	1593.5
735.156	1603.0
736.667	1590.5
738.177	1589.5
739.688	1611.0
741.198	1592.0
742.71	1580.5
744.219	1585.0
745.728	1604.5
747.238	1581.0
748.746	1545.0
750.255	1563.5
751.763	1590.5
753.271	1596.5
754.779	1564.5
756.287	1581.0
757.794	1591.5
759.301	1585.0
760.808	1550.0
762.315	1565.0
763.819	1569.0
765.325	1611.0
766.831	1630.0
768.336	1595.0
769.842	1603.0
771.347	1618.0
772.852	1628.0
774.354	1610.5
775.859	1653.0
777.363	1646.5
778.866	1655.0
780.368	1681.0
781.871	1662.0
783.374	1678.0
784.877	1709.5
786.378	1763.0
787.88	1810.0
789.382	1838.0
790.882	1858.0
792.383	1972.0
793.883	2135.0
795.384	2281.0
796.885	2442.0
798.383	2495.5
799.883	2482.0
802.881	2408.0
804.379	2555.5
805.878	2777.5
807.375	3058.0
808.874	3468.0
811.867	3277.0
813.365	2726.5
814.861	2379.5
816.358	2156.0
817.854	1977.5
819.349	1894.5
820.846	1841.0
822.34	1787.0
823.835	1756.0
825.331	1751.0
826.824	1712.0
831.306	1700.5
832.799	1693.0
834.292	1712.0
835.784	1733.0
837.276	1657.5
838.768	1660.0
840.262	1673.0
841.753	1650.0
843.244	1653.0
844.735	1671.0
846.226	1700.0
847.716	1656.0
849.206	1693.0
850.696	1696.0
852.186	1657.0
853.675	1643.0
855.164	1660.5
856.653	1630.0
858.142	1654.0
859.63	1612.5
861.118	1611.0
862.606	1600.0
864.094	1620.5
865.579	1605.0
867.066	1576.5
868.553	1592.0
870.04	1610.5
871.526	1594.5
873.013	1567.0
874.497	1578.5
875.982	1546.5
878.953	1565.5
880.436	1609.0
881.921	1585.0
883.405	1581.5
884.887	1591.5
886.371	1604.0
887.855	1609.5
889.336	1622.5
890.82	1648.5
892.301	1586.0
893.783	1618.5
895.264	1606.5
896.746	1653.0
898.226	1607.5
899.708	1590.5
901.187	1587.0
902.669	1552.0
904.148	1529.0
905.629	1562.5
907.107	1572.0
908.587	1539.5
910.065	1547.5
911.543	1558.0
913.023	1568.5
914.5	1556.0
915.977	1562.0
917.456	1590.0
918.933	1581.0
920.409	1563.5
921.885	1569.0
923.363	1570.0
924.839	1562.5
926.314	1514.0
927.789	1508.5
929.264	1528.5
930.741	1499.0
932.215	1552.5
933.689	1514.5
935.163	1482.5
936.637	1493.0
938.11	1504.5
939.584	1458.0
941.057	1469.0
942.529	1486.0
944.002	1459.0
945.474	1480.0
948.418	1484.0
949.889	1477.5
951.36	1468.0
952.831	1441.5
954.302	1442.5
955.773	1455.0
957.243	1453.5
958.711	1468.5
960.181	1436.5
961.651	1421.5
963.12	1413.0
964.589	1440.0
966.056	1438.0
967.524	1437.0
968.993	1401.0
970.459	1405.0
973.395	1400.5
974.86	1340.5
976.327	1366.0
977.794	1368.0
979.259	1365.5
980.725	1381.5
982.189	1421.5
983.655	1391.0
985.119	1395.0
986.585	1360.0
988.048	1361.5
989.513	1365.0
990.976	1396.0
992.44	1345.5
993.902	1375.5
995.366	1378.0
996.828	1363.0
998.29	1363.0
999.753	1355.5
1001.21	1373.0
1002.68	1360.0
1004.14	1358.5
1005.6	1339.0
1007.06	1341.5
1008.52	1359.0
1009.98	1361.5
1011.44	1346.0
1012.9	1379.0
1014.36	1381.5
1015.82	1360.0
1017.28	1336.0
1018.73	1357.5
1020.19	1359.0
1021.65	1384.0
1023.11	1378.0
1024.57	1343.0
1026.02	1374.0
1027.48	1401.0
1028.94	1355.5
1030.39	1372.0
1031.85	1387.0
1033.3	1376.5
1034.76	1369.0
1036.22	1386.5
1037.67	1376.5
1039.13	1379.0
1040.58	1384.5
1042.03	1395.5
1043.49	1401.0
1044.94	1426.5
1046.39	1406.0
1047.85	1392.0
1049.3	1420.0
1050.75	1463.0
1052.2	1432.0
1055.11	1430.0
1056.56	1422.0
1058.01	1466.5
1059.46	1491.5
1060.91	1539.0
1062.36	1593.5
1063.81	1771.0
1065.26	1895.0
1068.16	1880.0
1069.61	1747.0
1071.06	1709.0
1072.51	1644.5
1073.95	1649.5
1075.4	1681.0
1076.85	1752.0
1078.3	1907.0
1079.74	2147.5
1081.19	2463.5
1084.08	2500.0
1085.53	2100.0
1086.98	1833.5
1088.42	1690.5
1089.87	1575.5
1091.31	1526.0
1092.76	1466.0
1094.2	1447.0
1095.64	1445.0
1097.09	1443.5
1098.53	1410.5
1099.97	1385.5
1101.42	1360.5
1102.86	1359.5
1104.3	1381.0
1105.75	1377.0
1107.19	1376.5
1108.63	1381.5
1110.07	1379.5
1111.51	1348.5
1112.95	1359.5
1114.39	1353.5
1115.83	1368.5
1120.15	1355.0
1121.59	1334.0
1123.03	1316.5
1124.47	1344.0
1125.91	1346.0
1127.35	1318.0
1128.78	1360.0
1130.22	1342.0
1131.66	1378.0
1133.1	1385.0
1134.53	1408.0
1135.97	1399.0
1137.4	1422.0
1138.84	1433.5
1140.28	1487.5
1141.71	1510.5
1143.15	1525.0
1144.58	1525.0
1146.02	1580.5
1147.45	1621.5
1148.88	1739.0
1150.32	1783.5
1151.75	1898.0
1153.18	2091.0
1154.62	2309.0
1156.05	2709.0
1157.48	3151.0
1158.92	3871.5
1160.35	4588.5
1163.21	4496.0
1164.64	3704.5
1166.07	2981.0
1167.5	2425.5
1168.93	2127.0
1170.36	1867.0
1171.79	1752.5
1173.22	1661.0
1174.65	1606.0
1176.08	1519.5
1177.51	1501.0
1178.94	1471.0
1180.37	1412.0
1181.79	1446.5
1184.65	1436.0
1186.08	1400.5
1187.5	1385.0
1188.93	1372.0
1190.35	1393.0
1191.78	1373.5
1193.21	1373.5
1194.63	1373.0
1196.06	1363.0
1197.48	1354.0
1198.91	1379.0
1200.33	1328.5
1201.76	1332.0
1203.18	1320.5
1204.6	1344.0
1206.03	1342.0
1207.45	1314.0
1208.87	1324.0
1210.29	1336.5
1211.72	1337.5
1214.56	1360.5
1215.98	1342.0
1217.4	1341.0
1218.82	1350.0
1220.25	1347.0
1221.66	1360.0
1223.09	1387.5
1224.5	1421.0
1225.93	1398.0
1227.34	1421.0
1230.18	1432.5
1231.6	1458.0
1233.02	1451.5
1234.44	1473.5
1235.85	1442.0
1237.27	1434.0
1238.69	1451.5
1240.11	1416.0
1241.52	1407.0
1242.94	1407.5
1244.35	1376.0
1245.77	1372.0
1247.19	1382.5
1248.6	1385.0
1250.02	1395.0
1255.67	1359.5
1257.09	1331.0
1258.5	1389.5
1259.92	1395.5
1261.33	1372.5
1262.74	1424.5
1264.15	1493.0
1265.56	1605.5
1266.98	1438.5
1269.8	1358.0
1271.21	1351.0
1274.03	1363.0
1276.85	1354.5
1278.26	1360.0
1279.67	1386.5
1281.08	1417.0
1282.49	1530.5
1283.9	2194.5
1285.31	4666.5
1286.71	2900.0
1288.12	1537.5
1289.53	1419.5
1292.34	1391.5
1293.75	1367.5
1295.16	1329.0
1296.56	1354.0
1297.97	1346.5
1299.38	1318.5
1300.78	1310.0
1302.19	1316.0
1303.59	1339.0
1305.0	1323.0
1306.4	1341.0
1307.8	1314.0
1309.21	1283.5
1310.61	1311.0
1312.01	1329.0
1313.42	1310.0
1314.82	1275.0
1316.22	1265.5
1317.63	1335.0
1319.03	1318.0
1320.43	1311.5
1321.83	1256.5
1323.23	1270.5
1324.63	1260.5
1326.03	1293.0
1327.44	1266.5
1328.84	1292.0
1330.24	1283.5
1331.63	1268.5
1333.03	1294.0
1334.43	1283.0
1335.83	1297.5
1337.23	1312.5
1338.63	1259.5
1340.03	1270.0
1341.42	1294.0
1342.82	1286.0
1344.22	1283.5
1345.62	1310.0
1347.01	1316.5
1348.41	1317.0
1349.81	1314.0
1351.2	1311.0
1356.78	1292.5
1358.18	1302.5
1359.57	1315.5
1360.97	1275.0
1362.36	1304.0
1363.75	1280.0
1365.15	1342.5
1366.54	1336.5
1367.93	1351.0
1369.33	1303.5
1370.72	1429.5
1372.11	1323.5
1373.5	1330.5
1374.89	1346.0
1376.28	1349.0
1377.68	1357.0
1380.46	1381.5
1381.85	1403.0
1383.24	1448.0
1384.63	1465.0
1386.02	1761.0
1387.4	3779.5
1388.79	7067.0
1390.18	2185.5
1391.57	1452.0
1392.96	1387.0
1394.35	1381.0
1395.73	1365.0
1397.12	1331.5
1398.51	1339.0
1399.89	1338.0
1401.28	1344.5
1402.67	1343.0
1404.05	1307.5
1405.44	1319.0
1406.83	1336.5
1408.21	1436.0
1409.59	1735.0
1410.98	1561.5
1412.36	1366.0
1413.75	1343.5
1415.13	1298.5
1416.52	1335.0
1417.9	1316.0
1419.28	1304.0
1420.67	1299.0
1422.05	1327.5
1423.43	1316.0
1424.81	1326.0
1426.19	1331.5
1427.58	1298.0
1428.96	1280.0
1430.34	1297.0
1431.72	1317.0
1433.1	1294.0
1434.48	1292.5
1435.86	1304.0
1437.24	1311.0
1441.38	1276.0
1442.76	1265.0
1445.51	1289.0
1446.89	1309.0
1448.27	1313.5
1449.64	1298.0
1451.02	1318.0
1452.4	1271.0
1453.78	1253.5
1455.15	1285.5
1456.53	1259.5
1457.9	1271.0
1459.28	1270.5
1460.65	1274.0
1462.03	1248.0
1463.4	1277.5
1464.78	1303.0
1466.15	1284.0
1467.53	1263.5
1468.9	1241.0
1470.27	1243.0
1471.65	1232.0
1473.02	1192.5
1474.39	1230.0
1475.76	1219.0
1477.14	1235.0
1478.51	1248.5
1479.88	1246.5
1481.25	1230.0
1482.62	1255.0
1483.99	1239.0
1485.36	1234.0
1486.73	1240.0
1488.1	1231.0
1489.47	1243.0
1490.84	1229.5
1492.21	1233.5
1493.58	1230.0
1494.95	1263.0
1496.32	1260.5
1499.06	1259.5
1500.42	1266.0
1501.79	1256.5
1503.16	1254.0
1504.53	1274.5
1505.89	1232.0
1507.26	1264.0
1508.63	1245.0
1509.99	1273.0
1511.36	1247.0
1512.72	1251.5
1514.09	1259.0
1515.45	1248.5
1516.82	1244.0
1518.18	1232.5
1519.55	1258.5
1520.91	1256.5
1522.27	1239.0
1523.64	1240.0
1525.0	1227.5
1526.36	1264.5
1527.72	1267.0
1529.09	1290.5
1530.45	1256.0
1531.81	1247.5
1533.17	1268.0
1534.53	1275.5
1535.89	1250.5
1537.25	1236.0
1538.62	1243.0
1539.98	1270.0
1541.34	1259.0
1542.7	1239.5
1544.05	1264.5
1545.41	1255.0
1546.77	1270.0
1548.13	1283.0
1549.49	1251.5
1550.85	1267.0
1552.21	1287.0
1553.56	1303.5
1554.92	1258.0
1556.28	1266.0
1558.99	1252.0
1560.35	1278.5
1561.7	1307.0
1563.06	1272.0
1564.42	1259.5
1569.84	1255.0
1571.19	1286.5
1572.55	1275.5
1573.9	1309.5
1575.25	1299.0
1576.6	1276.0
1579.31	1282.0
1580.66	1293.5
1582.02	1323.5
1583.37	1294.5
1584.72	1295.5
1586.07	1316.0
1587.42	1321.0
1588.77	1327.0
1590.12	1333.0
1591.47	1297.0
1592.83	1309.0
1594.17	1361.0
1595.53	1329.0
1596.87	1305.0
1598.22	1324.0
1599.57	1333.0
1600.92	1316.5
1602.27	1311.0
1603.62	1362.0
1604.96	1337.5
1606.31	1311.0
1607.66	1333.5
1609.01	1321.0
1610.35	1343.0
1613.05	1342.0
1614.39	1341.5
1615.74	1314.5
1617.09	1311.5
1618.43	1304.0
1619.78	1326.0
1621.12	1314.5
1622.47	1314.5
1623.81	1323.5
1625.15	1316.0
1626.5	1312.0
1627.84	1327.5
1629.18	1301.0
1630.53	1326.5
1631.87	1301.5
1633.21	1294.0
1634.55	1320.5
1635.9	1277.0
1637.24	1296.0
1638.58	1269.5
1639.92	1294.0
1641.26	1301.0
1642.6	1295.0
1643.94	1290.0
1646.62	1279.5
1647.96	1297.0
1649.3	1310.5
1650.64	1286.0
1651.98	1282.5
1653.32	1312.5
1654.66	1271.0
1656.0	1288.0
1657.34	1285.5
1658.67	1283.0
1660.01	1283.0
1661.35	1292.0
1662.68	1273.0
1665.36	1284.0
1666.69	1268.0
1668.03	1296.0
1669.37	1250.0
1670.7	1265.0
1674.71	1275.5
1676.04	1297.5
1677.38	1287.5
1678.71	1290.5
1680.04	1264.0
1681.38	1262.5
1682.71	1252.0
1684.04	1282.0
1685.37	1260.0
1686.71	1266.5
1688.04	1247.0
1689.37	1282.0
1690.7	1270.5
1692.03	1241.0
1693.37	1251.5
1694.69	1265.0
1696.03	1235.0
1697.36	1221.5
1698.69	1256.0
1700.02	1247.0
1701.35	1257.5
1702.67	1254.0
1704.01	1273.5
1705.33	1260.0
1706.66	1269.0
1707.99	1252.0
1710.65	1245.0
1711.97	1274.5
1713.3	1275.5
1714.63	1247.5
1715.95	1261.0
1718.61	1269.0
1719.93	1286.0
1721.26	1249.0
1722.59	1286.5
1723.91	1299.5
1727.89	1281.5
1730.53	1283.0
1731.86	1278.0
1733.18	1268.5
1734.5	1271.0
1735.83	1271.0
1737.15	1280.0
1738.47	1268.0
1739.79	1252.0
1741.12	1261.5
1742.44	1248.5
1743.76	1256.5
1745.08	1236.0
1746.4	1232.0
1747.72	1223.5
1749.04	1261.5
1750.36	1247.5
1751.68	1255.0
1753.0	1221.0
1754.32	1250.0
1755.64	1221.5
1756.96	1201.5
1758.28	1225.5
1759.6	1268.0
1760.92	1243.5
1762.23	1245.5
1763.55	1249.0
1764.87	1244.0
1766.19	1254.5
1767.5	1239.5
1768.82	1255.5
1770.14	1237.5
1771.45	1242.0
1772.77	1262.0
1774.09	1269.5
1775.4	1238.5
1776.72	1251.0
1778.03	1246.0
1779.35	1224.0
1780.66	1245.0
1781.98	1254.0
1783.29	1272.5
1784.6	1231.0
1785.92	1232.5
1787.23	1238.0
1788.54	1245.0
1789.85	1256.5
1791.17	1255.5
1792.48	1256.0
1793.79	1231.5
1795.1	1215.0
1796.41	1218.0
1797.73	1219.0
1799.04	1256.5
1800.35	1231.0
1801.66	1245.5
1804.28	1246.5
1805.59	1254.0
1806.9	1273.0
1808.21	1214.0
1809.52	1231.0
1810.83	1229.0
1812.13	1205.0
1813.44	1223.0
1814.75	1261.5
1816.06	1232.0
1817.37	1236.0
1818.67	1258.0
1819.98	1232.0
1821.29	1224.0
1822.59	1220.5
1823.9	1256.5
1825.21	1227.0
1826.51	1242.5
1827.82	1210.0
1829.12	1223.0
1830.43	1252.0
1831.73	1207.0
1833.04	1226.5
1834.34	1217.0
1835.65	1201.5
1836.95	1232.5
1838.25	1242.5
1839.56	1231.5
1840.86	1220.5
1842.16	1209.0
1843.46	1207.5
1844.77	1228.0
1846.07	1212.5
1849.97	1222.0
1851.27	1209.5
1852.57	1199.5
1853.87	1219.0
1855.18	1231.0
1856.48	1210.5
1857.77	1234.0
1859.07	1211.5
1860.37	1216.0
1861.67	1198.0
1862.97	1249.5
1864.27	1242.5
1868.16	1247.0
1869.46	1244.5
1870.76	1249.5
1872.06	1225.0
1873.35	1236.0
1874.65	1216.5
1877.24	1225.0
1878.54	1210.0
1879.83	1224.0
1881.13	1210.5
1882.42	1239.0
1883.72	1203.5
1885.01	1207.5
1886.31	1220.5
1887.6	1228.0
1890.19	1230.0
1891.48	1223.5
1892.78	1224.5
1894.07	1217.0
1895.36	1201.5
1896.65	1207.5
1897.95	1237.5
1899.24	1206.5
1900.53	1236.5
1901.82	1241.5
1903.11	1233.5
1904.4	1220.5
1905.69	1230.5
1906.98	1242.5
1908.27	1224.5
1909.56	1233.0
1910.85	1236.5
1912.14	1233.0
1913.43	1201.0
1918.59	1197.0
1919.87	1211.0
1921.16	1185.0
1922.45	1210.0
1923.74	1202.0
1925.02	1223.0
1926.31	1195.5
1927.6	1209.0
1928.88	1195.5
1930.17	1240.5
1931.45	1212.0
1932.74	1232.5
1934.03	1215.5
1935.31	1225.0
1936.59	1245.5
1939.16	1238.5
1940.45	1209.0
1941.73	1252.0
