495.936	3552.0
497.494	3339.0
499.049	3202.0
500.603	3057.5
502.158	2934.0
503.712	2801.0
505.266	2753.5
506.819	2648.0
508.375	2538.5
509.928	2519.0
511.481	2591.0
513.034	2639.0
514.586	2593.5
516.138	2451.0
517.69	2290.5
519.241	2225.0
520.793	2116.0
522.344	2102.0
523.894	2067.0
525.445	1980.0
526.995	1945.0
528.545	1926.5
530.095	1914.5
531.644	1843.0
533.193	1858.0
534.74	1812.5
536.289	1838.0
537.837	1827.5
539.385	1769.0
540.933	1768.5
542.481	1754.5
544.028	1728.5
545.573	1702.5
547.12	1667.5
548.667	1667.5
550.213	1687.0
551.759	1638.5
553.303	1635.0
554.848	1593.0
556.393	1565.5
557.938	1547.0
559.481	1536.0
561.025	1533.5
562.57	1491.5
564.111	1496.5
565.655	1480.0
567.199	1447.5
568.74	1452.5
570.283	1449.5
571.823	1425.5
573.366	1435.0
574.908	1436.0
576.447	1420.5
577.989	1419.5
579.528	1412.5
581.069	1398.0
582.608	1440.0
584.149	1421.5
585.687	1446.5
587.227	1455.0
588.765	1491.0
590.304	1487.5
591.841	1498.5
593.38	1457.5
594.917	1429.5
596.453	1429.5
597.992	1450.0
599.528	1412.0
601.065	1421.0
602.601	1376.0
604.136	1410.5
605.673	1406.0
607.207	1425.0
608.742	1392.0
610.278	1362.5
611.812	1335.0
613.345	1326.5
614.879	1326.0
616.414	1337.0
617.946	1341.0
619.479	1374.5
621.011	1344.0
622.543	1362.5
624.077	1385.5
625.609	1359.0
627.14	1331.0
628.671	1351.5
630.202	1322.0
631.732	1336.0
633.262	1350.5
634.792	1324.5
636.322	1319.5
637.854	1329.0
639.383	1334.0
640.912	1306.5
642.44	1303.5
643.969	1297.0
645.497	1307.5
647.025	1310.0
648.552	1282.0
650.08	1308.5
651.605	1311.5
653.132	1337.0
654.659	1310.0
656.185	1289.5
657.711	1271.0
659.237	1256.0
660.762	1279.5
662.288	1248.0
663.811	1275.0
665.336	1264.0
666.86	1246.0
668.385	1286.5
669.909	1256.5
671.43	1269.5
672.954	1292.5
674.477	1298.0
676.0	1291.0
677.521	1297.0
679.044	1276.0
680.566	1318.5
682.086	1331.5
683.608	1371.5
685.129	1361.0
686.648	1428.5
688.169	1471.5
689.688	1552.0
691.209	1657.5
692.729	1856.5
694.247	2156.5
695.766	2504.0
700.32	2333.0
701.839	2000.0
703.355	1775.0
704.873	1621.5
706.389	1489.5
707.907	1405.5
709.422	1422.5
710.938	1369.5
712.455	1350.5
713.969	1332.5
715.486	1317.0
717.0	1267.0
718.514	1278.5
720.027	1261.5
721.543	1282.5
723.056	1264.0
724.569	1286.5
726.083	1263.5
727.596	1239.0
729.108	1247.5
730.62	1246.0
732.133	1255.0
733.645	1225.5
735.156	1228.0
736.667	1225.0
738.177	1239.5
739.688	1256.5
741.198	1224.5
742.71	1243.0
744.219	1210.0
745.728	1198.0
747.238	1184.0
748.746	1190.0
750.255	1177.0
751.763	1193.0
753.271	1194.0
754.779	1172.0
756.287	1203.0
757.794	1201.5
759.301	1205.0
760.808	1194.0
762.315	1219.0
763.819	1193.0
765.325	1217.5
766.831	1221.0
768.336	1216.5
769.842	1228.5
771.347	1251.5
772.852	1225.0
774.354	1210.0
775.859	1226.5
777.363	1233.5
778.866	1261.0
780.368	1277.0
781.871	1274.5
783.374	1308.0
784.877	1288.5
786.378	1333.5
787.88	1351.5
789.382	1399.0
790.882	1472.5
792.383	1504.0
793.883	1598.5
795.384	1736.0
796.885	1852.5
798.383	1854.0
799.883	1822.5
801.382	1762.0
802.881	1675.5
804.379	1644.0
805.878	1721.5
807.375	1777.0
808.874	1875.5
810.371	1884.5
811.867	1769.5
813.365	1586.5
814.861	1548.0
816.358	1425.5
817.854	1385.0
819.349	1325.5
820.846	1304.5
822.34	1274.0
823.835	1276.0
825.331	1305.5
826.824	1280.0
828.318	1262.0
829.811	1265.5
831.306	1265.5
832.799	1248.0
835.784	1257.0
837.276	1287.0
838.768	1280.0
840.262	1242.5
841.753	1282.0
843.244	1253.0
844.735	1244.5
846.226	1236.5
847.716	1245.0
849.206	1244.0
850.696	1232.0
852.186	1267.0
853.675	1252.0
855.164	1247.0
856.653	1219.0
858.142	1254.5
859.63	1246.5
861.118	1213.5
862.606	1230.5
864.094	1224.5
865.579	1239.0
867.066	1219.0
868.553	1195.0
870.04	1214.0
871.526	1211.5
873.013	1199.5
874.497	1204.5
875.982	1206.0
877.468	1209.0
878.953	1207.0
880.436	1187.5
881.921	1210.5
883.405	1194.5
884.887	1224.5
886.371	1206.0
887.855	1220.0
889.336	1198.0
890.82	1204.5
893.783	1228.5
895.264	1234.5
896.746	1246.5
898.226	1231.5
899.708	1203.0
901.187	1194.5
902.669	1192.0
904.148	1210.5
905.629	1201.0
907.107	1161.0
911.543	1186.5
913.023	1192.5
914.5	1174.5
915.977	1203.5
917.456	1197.0
918.933	1174.0
920.409	1175.0
921.885	1180.5
923.363	1179.5
924.839	1192.0
926.314	1187.5
927.789	1178.5
929.264	1167.5
930.741	1179.5
932.215	1156.5
933.689	1166.5
935.163	1130.5
936.637	1162.5
938.11	1129.0
939.584	1141.0
941.057	1149.0
942.529	1159.5
944.002	1147.0
948.418	1117.5
949.889	1149.5
951.36	1121.5
952.831	1093.5
954.302	1116.0
955.773	1110.0
957.243	1132.0
958.711	1103.0
960.181	1117.0
961.651	1128.0
963.12	1132.0
964.589	1095.5
966.056	1070.0
967.524	1061.5
968.993	1074.0
970.459	1077.0
971.927	1088.5
973.395	1062.5
974.86	1079.0
976.327	1047.5
977.794	1059.0
982.189	1069.0
983.655	1064.0
985.119	1062.5
986.585	1057.5
989.513	1058.0
990.976	1057.0
992.44	1051.0
993.902	1056.0
995.366	1024.0
996.828	1053.0
998.29	1050.5
999.753	1051.0
1001.21	1038.5
1002.68	1051.5
1004.14	1033.0
1007.06	1048.0
1008.52	1050.0
1009.98	1037.0
1011.44	1018.5
1012.9	1034.0
1014.36	1045.5
1015.82	1067.0
1017.28	1050.0
1018.73	1013.5
1020.19	1021.5
1021.65	1053.0
1023.11	1065.0
1024.57	1051.0
1026.02	1051.5
1027.48	1066.5
1028.94	1045.0
1030.39	1068.0
1031.85	1044.5
1033.3	1061.5
1034.76	1068.5
1036.22	1072.0
1037.67	1074.5
1039.13	1076.0
1040.58	1101.0
1043.49	1095.5
1044.94	1085.5
1046.39	1096.5
1047.85	1069.0
1049.3	1074.0
1050.75	1053.0
1052.2	1091.5
1053.66	1070.0
1055.11	1074.5
1056.56	1090.0
1058.01	1123.5
1059.46	1144.0
1060.91	1200.5
1062.36	1259.5
1063.81	1370.0
1068.16	1453.5
1069.61	1361.0
1071.06	1296.0
1072.51	1227.5
1073.95	1205.5
1075.4	1237.5
1078.3	1290.0
1079.74	1351.5
1081.19	1463.0
1084.08	1460.5
1085.53	1370.5
1086.98	1223.0
1088.42	1185.0
1089.87	1148.0
1091.31	1102.5
1094.2	1084.5
1095.64	1071.5
1097.09	1094.5
1098.53	1059.0
1099.97	1067.0
1101.42	1063.5
1102.86	1044.5
1104.3	1057.5
1105.75	1082.0
1107.19	1061.5
1108.63	1051.0
1110.07	1070.0
1111.51	1046.0
1112.95	1061.5
1114.39	1058.0
1115.83	1039.5
1117.27	1017.0
1118.71	1036.0
1120.15	1023.5
1121.59	1052.5
1123.03	1036.0
1124.47	1037.0
1125.91	1026.0
1127.35	1060.0
1128.78	1063.0
1130.22	1063.5
1131.66	1071.0
1133.1	1049.0
1134.53	1056.5
1135.97	1078.0
1137.4	1099.5
1138.84	1131.0
1140.28	1164.0
1141.71	1129.5
1143.15	1194.0
1144.58	1216.0
1146.02	1242.5
1147.45	1311.5
1148.88	1365.0
1150.32	1435.5
1151.75	1541.5
1153.18	1721.5
1154.62	1894.0
1156.05	2195.5
1157.48	2642.0
1158.92	3294.0
1160.35	3896.5
1161.78	4238.5
1163.21	3999.0
1164.64	3210.0
1166.07	2567.0
1167.5	2051.0
1168.93	1714.5
1170.36	1542.0
1171.79	1433.5
1173.22	1316.0
1174.65	1270.0
1176.08	1206.0
1177.51	1159.5
1178.94	1143.0
1180.37	1116.5
1181.79	1105.5
1183.22	1090.0
1184.65	1103.5
1186.08	1062.0
1187.5	1074.5
1188.93	1046.0
1190.35	1088.0
1191.78	1078.0
1193.21	1018.5
1194.63	1040.0
1196.06	1048.5
1197.48	1031.5
1198.91	1049.0
1200.33	1044.5
1201.76	1030.5
1203.18	1034.0
1204.6	1035.5
1206.03	1028.5
1207.45	1033.5
1208.87	1024.5
1210.29	1048.0
1211.72	1052.5
1213.14	1046.5
1214.56	1044.0
1215.98	1036.5
1217.4	1057.5
1218.82	1042.0
1220.25	1041.0
1221.66	1047.5
1223.09	1076.0
1224.5	1066.0
1225.93	1041.0
1227.34	1061.0
1228.76	1098.0
1230.18	1098.5
1231.6	1110.0
1234.44	1133.5
1235.85	1134.5
1237.27	1086.0
1238.69	1098.5
1240.11	1083.0
1241.52	1102.0
1242.94	1102.5
1244.35	1081.0
1245.77	1063.5
1247.19	1072.0
1248.6	1088.5
1250.02	1090.5
1251.43	1067.0
1252.85	1091.0
1254.26	1092.0
1255.67	1081.5
1257.09	1087.0
1258.5	1111.5
1259.92	1129.5
1261.33	1129.5
1262.74	1179.5
1264.15	1325.0
1265.56	1463.0
1266.98	1235.5
1269.8	1120.0
1271.21	1117.0
1272.62	1116.0
1274.03	1136.5
1275.44	1117.0
1276.85	1126.5
1278.26	1150.0
1279.67	1153.5
1281.08	1228.0
1282.49	1338.5
1283.9	2460.5
1285.31	6361.5
1286.71	3523.0
1288.12	1356.5
1289.53	1213.0
1290.94	1164.5
1292.34	1130.0
1293.75	1088.5
1295.16	1107.5
1296.56	1088.5
1297.97	1112.0
1299.38	1112.0
1300.78	1087.5
1302.19	1073.5
1305.0	1070.5
1306.4	1067.0
1307.8	1069.5
1309.21	1062.0
1313.42	1047.0
1314.82	1040.0
1316.22	1044.5
1317.63	1043.5
1319.03	1018.0
1320.43	1044.0
1323.23	1055.0
1324.63	1032.5
1326.03	1030.0
1327.44	1036.5
1328.84	1023.0
1330.24	1047.0
1331.63	1048.5
1333.03	1053.0
1334.43	1015.0
1335.83	1031.0
1337.23	1011.5
1340.03	1024.0
1341.42	1019.0
1342.82	1037.0
1344.22	1051.5
1345.62	1050.0
1347.01	1044.5
1348.41	1031.5
1349.81	1044.0
1351.2	1049.5
1352.6	1054.0
1353.99	1075.0
1358.18	1056.0
1359.57	1052.0
1360.97	1048.5
1362.36	1054.0
1365.15	1115.0
1366.54	1127.5
1369.33	1132.5
1370.72	1181.5
1372.11	1141.0
1373.5	1098.0
1374.89	1110.0
1376.28	1131.0
1377.68	1124.0
1379.07	1135.5
1380.46	1166.0
1381.85	1210.5
1383.24	1255.0
1384.63	1401.0
1386.02	1767.5
1387.4	5156.0
1388.79	10166.5
1390.18	2399.5
1391.57	1265.0
1392.96	1234.5
1394.35	1163.5
1395.73	1147.5
1397.12	1112.5
1398.51	1107.0
1399.89	1093.0
1401.28	1089.0
1402.67	1101.5
1404.05	1083.5
1405.44	1089.5
1406.83	1130.5
1408.21	1243.5
1409.59	1693.0
1410.98	1401.5
1412.36	1104.0
1413.75	1070.0
1415.13	1086.0
1416.52	1065.0
1417.9	1048.5
1419.28	1040.5
1420.67	1068.5
1422.05	1045.0
1423.43	1072.5
1424.81	1103.5
1426.19	1074.5
1427.58	1052.0
1428.96	1041.0
1430.34	1057.0
1431.72	1044.5
1433.1	1046.0
1434.48	1026.0
1435.86	1050.5
1437.24	1030.0
1438.62	1033.0
1440.0	1043.0
1441.38	1049.0
1442.76	997.5
1444.13	997.0
1449.64	1037.0
1451.02	1020.0
1452.4	1026.0
1453.78	1011.5
1455.15	989.5
1456.53	979.0
1457.9	1002.0
1459.28	995.0
1460.65	994.0
1463.4	999.5
1464.78	1003.0
1466.15	985.0
1467.53	984.5
1470.27	994.5
1471.65	973.0
1473.02	953.5
1474.39	973.0
1475.76	953.0
1477.14	952.0
1478.51	978.5
1479.88	945.0
1481.25	967.0
1483.99	977.0
1485.36	997.0
1486.73	963.5
1488.1	960.0
1489.47	975.0
1490.84	941.5
1492.21	939.0
1493.58	984.5
1494.95	974.0
1496.32	967.0
1497.69	977.5
1499.06	994.5
1500.42	975.0
1501.79	939.0
1503.16	944.0
1504.53	977.5
1505.89	954.5
1507.26	956.5
1508.63	937.5
1509.99	974.5
1511.36	965.0
1512.72	968.5
1514.09	950.0
1515.45	957.5
1516.82	944.0
1518.18	975.5
1519.55	986.0
1520.91	982.0
1522.27	982.0
1523.64	948.5
1525.0	952.5
1526.36	954.0
1527.72	979.5
1529.09	969.0
1530.45	952.5
1533.17	966.0
1534.53	973.5
1535.89	983.5
1537.25	965.0
1538.62	985.0
1539.98	978.0
1541.34	991.5
1542.7	970.5
1544.05	956.5
1545.41	986.0
1546.77	978.0
1548.13	970.0
1549.49	973.0
1550.85	974.5
1552.21	985.5
1553.56	973.5
1554.92	986.5
1556.28	970.5
1558.99	960.0
1560.35	978.5
1561.7	972.5
1563.06	993.0
1564.42	982.0
1565.77	978.0
1568.48	961.0
1569.84	980.5
1571.19	1001.5
1572.55	971.5
1573.9	993.5
1575.25	1008.0
1576.6	994.5
1577.96	1026.5
1579.31	1028.0
1580.66	1007.0
1582.02	1019.5
1583.37	1000.5
1588.77	994.0
1590.12	988.5
1591.47	986.5
1592.83	1007.5
1594.17	1034.5
1595.53	1028.5
1596.87	1013.5
1598.22	1007.0
1599.57	982.0
1600.92	997.5
1602.27	1050.5
1603.62	1040.5
1604.96	1033.0
1606.31	1023.5
1607.66	1037.0
1609.01	1023.5
1610.35	1045.0
1611.7	1010.0
1613.05	1018.0
1614.39	1011.5
1615.74	1018.5
1618.43	1024.0
1619.78	1022.5
1621.12	1012.0
1622.47	1005.0
1623.81	1027.0
1625.15	1023.5
1626.5	993.0
1627.84	1013.5
1629.18	1005.5
1630.53	1022.5
1631.87	1030.0
1633.21	1017.0
1634.55	1008.0
1635.9	995.5
1637.24	1018.5
1638.58	1022.5
1639.92	1018.5
1641.26	990.5
1642.6	1003.0
1643.94	1019.5
1646.62	1014.0
1647.96	1019.5
1649.3	1002.5
1650.64	999.5
1651.98	975.5
1653.32	1003.5
1654.66	997.0
1656.0	998.5
1657.34	1008.0
1660.01	1006.0
1661.35	983.0
1662.68	997.0
1664.02	985.5
1665.36	1002.5
1666.69	997.5
1668.03	994.5
1669.37	967.5
1670.7	992.0
1672.04	963.0
1673.37	973.5
1674.71	979.0
1676.04	964.5
1678.71	985.0
1680.04	988.5
1681.38	986.5
1682.71	975.5
1684.04	964.0
1685.37	978.5
1688.04	978.5
1689.37	965.0
1690.7	954.0
1692.03	958.0
1694.69	961.5
1696.03	946.0
1697.36	971.5
1698.69	987.0
1701.35	982.0
1702.67	976.5
1704.01	982.0
1705.33	955.5
1706.66	977.5
1707.99	984.5
1709.32	985.0
1710.65	962.5
1711.97	964.5
1713.3	969.5
1714.63	970.5
1715.95	947.0
1717.28	952.5
1718.61	956.5
1719.93	976.5
1721.26	982.5
1722.59	984.5
1723.91	972.5
1725.24	984.0
1726.56	976.0
1729.21	971.5
1730.53	989.5
1731.86	964.0
1733.18	950.0
1734.5	970.0
1735.83	987.5
1737.15	954.5
1738.47	952.5
1739.79	943.0
1741.12	974.0
1742.44	959.5
1743.76	945.5
1745.08	981.0
1746.4	960.0
1747.72	974.5
1750.36	976.0
1751.68	964.0
1753.0	959.5
1754.32	963.5
1755.64	944.0
1756.96	964.5
1758.28	959.5
1759.6	936.5
1760.92	966.0
1762.23	950.0
1763.55	956.0
1764.87	951.0
1766.19	960.5
1767.5	940.5
1768.82	960.5
1770.14	956.5
1771.45	935.0
1772.77	961.5
1774.09	943.0
1775.4	945.5
1776.72	957.5
1783.29	949.0
1784.6	954.0
1785.92	967.0
1787.23	951.0
1788.54	924.0
1789.85	952.5
1791.17	973.5
1792.48	957.5
1793.79	949.0
1795.1	954.0
1797.73	972.5
1799.04	961.0
1800.35	944.0
1801.66	940.0
1802.97	935.0
1804.28	953.0
1805.59	951.0
1806.9	955.0
1808.21	946.0
1809.52	942.0
1810.83	935.5
1812.13	967.5
1813.44	977.0
1814.75	951.5
1816.06	948.0
1817.37	934.0
1818.67	925.0
1819.98	935.5
1821.29	981.5
1822.59	964.5
1823.9	940.5
1825.21	943.5
1826.51	950.0
1827.82	951.5
1829.12	929.0
1830.43	952.5
1831.73	953.5
1833.04	962.0
1834.34	931.0
1835.65	950.0
1836.95	921.5
1838.25	940.0
1839.56	955.5
1840.86	937.0
1842.16	933.0
1843.46	965.0
1844.77	942.0
1846.07	936.5
1847.37	911.0
1848.67	928.0
1849.97	949.5
1851.27	941.5
1852.57	954.0
1853.87	933.5
1855.18	941.0
1860.37	959.0
1861.67	960.5
1862.97	947.0
1864.27	939.5
1865.57	950.5
1866.87	954.0
1869.46	960.0
1870.76	967.0
1872.06	963.5
1873.35	956.0
1874.65	934.5
1877.24	944.0
1878.54	947.0
1879.83	918.5
1881.13	909.0
1882.42	942.5
1883.72	944.0
1885.01	952.0
1886.31	936.5
1887.6	922.5
1888.89	930.0
1890.19	943.5
1891.48	943.0
1892.78	943.0
1894.07	920.0
1895.36	939.0
1896.65	931.5
1897.95	962.5
1899.24	940.0
1900.53	904.0
1901.82	910.0
1903.11	919.5
1905.69	931.0
1906.98	939.5
1908.27	926.5
1909.56	934.5
1910.85	918.5
1912.14	929.5
1913.43	919.0
1914.72	947.5
1916.01	965.5
1917.3	942.5
1918.59	940.5
1919.87	925.0
1921.16	941.5
1922.45	960.5
1925.02	948.5
1926.31	947.0
1927.6	945.5
1928.88	939.5
1930.17	945.0
1931.45	934.5
1932.74	940.0
1935.31	930.0
1936.59	949.0
1939.16	945.0
1940.45	946.0
