495.936	2755.0
497.494	2548.0
499.049	2442.5
500.603	2343.0
502.158	2221.0
503.712	2051.5
505.266	1965.5
506.819	1932.5
508.375	1827.5
509.928	1711.0
511.481	1707.0
513.034	1646.5
514.586	1591.5
516.138	1546.0
517.69	1501.5
519.241	1516.0
520.793	1480.5
522.344	1444.5
523.894	1393.0
525.445	1379.0
526.995	1325.0
528.545	1326.0
530.095	1270.5
531.644	1276.5
533.193	1233.5
534.74	1233.5
536.289	1209.0
537.837	1182.0
539.385	1174.5
540.933	1148.5
542.481	1157.5
544.028	1104.0
545.573	1120.0
547.12	1066.5
548.667	1088.5
550.213	1088.5
551.759	1091.0
553.303	1008.5
554.848	1019.0
556.393	990.0
557.938	965.5
559.481	960.5
564.111	900.5
565.655	881.0
567.199	903.0
568.74	894.5
570.283	901.5
571.823	866.5
573.366	884.0
574.908	856.5
576.447	866.5
577.989	884.5
579.528	863.5
581.069	860.5
582.608	852.5
584.149	854.5
585.687	845.5
587.227	861.5
588.765	901.5
591.841	905.0
596.453	845.5
597.992	841.0
599.528	849.5
601.065	841.0
602.601	830.5
604.136	823.0
605.673	808.5
607.207	814.5
608.742	795.0
613.345	780.5
614.879	789.0
616.414	782.0
619.479	781.0
621.011	772.5
622.543	781.5
625.609	770.5
627.14	793.5
628.671	771.0
630.202	744.0
631.732	762.0
633.262	744.0
634.792	740.0
636.322	739.0
637.854	761.5
639.383	745.5
640.912	747.0
642.44	740.5
645.497	744.5
647.025	729.0
648.552	719.5
650.08	737.5
651.605	758.0
653.132	751.0
654.659	740.5
656.185	734.5
657.711	738.5
659.237	726.5
660.762	712.0
662.288	713.5
665.336	718.5
666.86	711.0
669.909	704.0
671.43	708.0
672.954	724.0
674.477	714.0
679.044	763.5
680.566	773.0
682.086	780.5
683.608	788.5
685.129	811.0
686.648	859.0
688.169	916.0
689.688	1005.0
691.209	1127.0
692.729	1286.0
694.247	1662.5
695.766	2046.5
700.32	1782.0
701.839	1438.0
703.355	1192.0
704.873	1025.5
706.389	945.5
707.907	909.5
709.422	847.5
710.938	800.5
712.455	773.0
713.969	781.5
715.486	752.0
717.0	746.5
718.514	743.0
720.027	715.5
721.543	714.5
723.056	686.0
724.569	695.5
726.083	697.5
727.596	711.5
729.108	719.0
730.62	689.5
732.133	678.5
733.645	686.5
735.156	681.5
736.667	683.5
738.177	681.5
739.688	681.0
741.198	666.5
742.71	666.0
747.238	666.5
748.746	662.0
750.255	654.0
751.763	655.0
753.271	663.0
754.779	669.0
756.287	668.5
757.794	652.5
759.301	640.5
760.808	659.5
762.315	658.5
763.819	662.5
765.325	667.5
766.831	661.0
768.336	668.5
769.842	666.5
771.347	666.5
772.852	657.5
774.354	658.0
775.859	680.5
777.363	676.0
778.866	673.5
780.368	696.0
781.871	709.0
783.374	711.0
784.877	738.5
786.378	742.5
787.88	804.5
789.382	827.0
790.882	856.0
792.383	918.5
793.883	1003.5
795.384	1152.0
799.883	1195.5
801.382	1068.0
802.881	962.5
804.379	859.0
805.878	847.0
807.375	798.0
808.874	770.5
810.371	780.5
811.867	756.0
813.365	760.5
814.861	745.5
816.358	761.5
817.854	732.0
819.349	733.0
826.824	688.0
828.318	689.5
829.811	695.5
831.306	706.0
834.292	716.0
835.784	711.0
837.276	686.5
838.768	694.5
840.262	712.0
841.753	698.5
843.244	687.5
846.226	696.0
847.716	684.5
849.206	690.0
850.696	696.5
852.186	679.5
853.675	705.0
855.164	689.5
856.653	681.0
858.142	677.0
865.579	687.5
867.066	681.5
868.553	659.5
870.04	667.0
871.526	643.0
873.013	654.0
874.497	663.5
877.468	660.0
878.953	652.0
883.405	677.0
884.887	672.5
887.855	658.0
889.336	673.0
890.82	688.0
892.301	682.0
893.783	676.5
895.264	660.0
896.746	654.5
902.669	656.5
904.148	673.5
905.629	673.5
907.107	637.5
908.587	634.0
910.065	652.5
911.543	646.0
914.5	644.5
915.977	656.5
917.456	668.0
918.933	648.0
920.409	660.5
921.885	648.5
923.363	633.5
924.839	643.0
926.314	619.5
927.789	632.0
929.264	647.0
930.741	622.5
932.215	616.5
933.689	614.0
935.163	598.5
936.637	607.0
938.11	611.0
939.584	613.5
941.057	619.0
942.529	624.0
944.002	611.0
945.474	613.5
946.946	601.5
948.418	593.0
949.889	610.0
951.36	610.0
955.773	584.0
957.243	580.0
958.711	592.0
960.181	581.0
961.651	577.5
964.589	575.0
966.056	575.5
967.524	583.0
968.993	582.0
970.459	586.5
971.927	568.5
973.395	557.0
974.86	547.5
976.327	552.0
979.259	545.5
980.725	553.5
982.189	541.5
983.655	541.5
988.048	555.0
989.513	553.5
990.976	549.5
992.44	555.5
993.902	565.5
995.366	562.0
996.828	550.0
998.29	539.0
999.753	560.0
1001.21	550.5
1004.14	539.5
1007.06	525.0
1008.52	522.0
1009.98	539.5
1011.44	526.0
1012.9	530.0
1014.36	545.0
1018.73	534.5
1020.19	549.5
1028.94	549.5
1030.39	550.5
1037.67	570.5
1039.13	578.0
1040.58	571.5
1043.49	580.0
1044.94	590.0
1046.39	574.5
1047.85	571.5
1049.3	581.0
1050.75	567.0
1052.2	581.5
1053.66	587.5
1055.11	580.0
1056.56	609.0
1058.01	641.5
1059.46	683.5
1060.91	738.5
1062.36	794.5
1063.81	911.5
1068.16	983.0
1069.61	849.0
1071.06	765.5
1072.51	683.5
1073.95	661.0
1075.4	652.5
1076.85	669.5
1079.74	703.5
1081.19	722.0
1082.64	729.5
1084.08	705.0
1085.53	652.0
1086.98	639.0
1088.42	589.0
1089.87	588.5
1094.2	554.0
1095.64	556.5
1098.53	564.5
1099.97	553.0
1101.42	555.0
1102.86	579.5
1104.3	550.5
1105.75	548.0
1107.19	567.0
1108.63	542.0
1110.07	534.0
1111.51	552.0
1112.95	549.0
1114.39	545.0
1115.83	555.5
1117.27	545.5
1118.71	546.0
1120.15	538.0
1121.59	553.5
1123.03	558.0
1124.47	554.0
1125.91	572.0
1127.35	560.5
1128.78	573.5
1130.22	564.5
1131.66	591.0
1133.1	599.0
1134.53	602.5
1135.97	623.5
1137.4	619.0
1138.84	642.0
1140.28	679.0
1141.71	709.5
1143.15	728.0
1144.58	748.5
1146.02	788.0
1147.45	841.5
1148.88	872.5
1150.32	991.5
1151.75	1055.0
1153.18	1248.0
1154.62	1451.5
1156.05	1752.0
1157.48	2230.0
1158.92	2949.5
1160.35	3736.5
1161.78	4034.0
1163.21	3719.5
1164.64	3009.0
1166.07	2176.5
1167.5	1712.5
1168.93	1358.5
1170.36	1112.5
1171.79	969.0
1173.22	870.0
1174.65	795.5
1176.08	745.5
1177.51	710.5
1178.94	688.5
1180.37	658.5
1181.79	634.5
1183.22	666.0
1184.65	619.5
1186.08	604.0
1187.5	601.0
1188.93	608.0
1190.35	598.0
1191.78	619.5
1193.21	574.0
1194.63	575.5
1196.06	586.5
1197.48	575.5
1198.91	569.5
1200.33	573.5
1204.6	565.0
1206.03	561.0
1207.45	570.0
1208.87	558.0
1215.98	551.0
1220.25	558.5
1221.66	555.0
1223.09	568.5
1224.5	553.0
1225.93	567.0
1227.34	573.5
1228.76	601.5
1230.18	609.0
1231.6	605.0
1233.02	613.0
1234.44	606.5
1235.85	599.0
1237.27	620.0
1238.69	623.0
1240.11	623.0
1241.52	619.0
1242.94	602.5
1244.35	617.5
1245.77	620.0
1248.6	613.0
1250.02	629.5
1254.26	613.5
1255.67	623.0
1257.09	631.0
1258.5	631.5
1259.92	659.0
1261.33	662.5
1262.74	716.5
1264.15	808.0
1265.56	1006.0
1266.98	776.0
1268.39	679.0
1271.21	672.0
1275.44	676.5
1276.85	684.5
1278.26	709.0
1279.67	742.0
1281.08	766.5
1282.49	885.5
1283.9	1819.0
1285.31	5724.5
1286.71	3353.5
1288.12	913.5
1289.53	725.5
1290.94	727.0
1292.34	661.0
1293.75	664.5
1295.16	633.0
1299.38	619.5
1300.78	626.5
1302.19	616.5
1303.59	629.0
1305.0	628.5
1306.4	608.5
1310.61	602.0
1312.01	598.5
1313.42	611.0
1314.82	601.0
1316.22	593.5
1317.63	597.5
1319.03	608.0
1320.43	587.5
1321.83	591.0
1324.63	579.0
1326.03	581.5
1327.44	587.5
1330.24	581.5
1331.63	569.0
1333.03	587.0
1338.63	595.0
1340.03	583.5
1341.42	569.5
1342.82	574.0
1344.22	577.5
1345.62	583.0
1349.81	582.5
1351.2	580.5
1352.6	591.0
1353.99	593.5
1355.39	579.5
1356.78	574.5
1358.18	583.5
1359.57	608.5
1360.97	612.0
1362.36	599.0
1363.75	623.0
1365.15	641.5
1366.54	651.0
1369.33	696.5
1370.72	786.5
1372.11	682.5
1374.89	680.0
1376.28	699.0
1377.68	724.0
1379.07	777.5
1380.46	818.0
1381.85	838.5
1383.24	907.0
1384.63	978.0
1386.02	1312.0
1387.4	4224.0
1388.79	9813.0
1390.18	2226.5
1391.57	842.0
1392.96	770.0
1394.35	730.0
1395.73	681.0
1397.12	663.5
1398.51	649.0
1399.89	657.5
1401.28	641.0
1402.67	649.0
1404.05	627.0
1405.44	627.0
1406.83	667.5
1408.21	789.0
1409.59	1270.5
1410.98	978.5
1412.36	659.5
1413.75	623.0
1415.13	603.0
1416.52	614.0
1417.9	595.0
1419.28	598.0
1420.67	600.5
1423.43	605.5
1424.81	602.5
1426.19	606.0
1427.58	585.0
1428.96	589.0
1430.34	575.5
1431.72	587.5
1433.1	579.5
1434.48	581.5
1435.86	590.5
1437.24	558.5
1438.62	568.0
1440.0	576.0
1441.38	541.0
1442.76	532.5
1444.13	555.0
1445.51	546.0
1446.89	550.5
1449.64	534.0
1451.02	550.0
1452.4	545.5
1453.78	533.0
1455.15	537.5
1456.53	546.0
1457.9	515.0
1459.28	509.0
1462.03	528.5
1464.78	520.5
1466.15	506.5
1467.53	499.5
1468.9	498.5
1470.27	510.5
1471.65	520.0
1473.02	512.0
1475.76	496.5
1477.14	483.5
1478.51	498.0
1479.88	504.5
1481.25	501.5
1482.62	513.5
1483.99	511.5
1485.36	504.5
1486.73	513.5
1488.1	504.0
1492.21	491.5
1493.58	500.0
1494.95	503.5
1496.32	514.0
1497.69	512.5
1499.06	507.0
1500.42	512.0
1501.79	516.0
1509.99	497.0
1511.36	494.5
1512.72	496.5
1514.09	492.0
1515.45	498.0
1516.82	513.0
1518.18	517.0
1519.55	505.5
1520.91	506.5
1522.27	504.5
1523.64	491.5
1525.0	484.0
1526.36	517.0
1527.72	513.0
1529.09	506.5
1530.45	503.5
1533.17	496.0
1534.53	508.5
1535.89	500.0
1537.25	496.0
1541.34	514.5
1542.7	522.0
1544.05	511.5
1546.77	501.5
1548.13	505.5
1549.49	511.0
1550.85	526.5
1552.21	527.0
1553.56	507.0
1556.28	508.0
1558.99	514.5
1560.35	510.5
1563.06	517.5
1564.42	513.0
1565.77	520.0
1567.13	514.0
1569.84	532.5
1571.19	521.0
1572.55	531.5
1575.25	541.5
1576.6	546.5
1577.96	535.0
1579.31	547.5
1582.02	539.0
1583.37	524.0
1584.72	533.0
1586.07	547.0
1587.42	550.0
1590.12	519.5
1591.47	525.5
1592.83	538.5
1594.17	557.0
1595.53	553.0
1596.87	550.0
1598.22	551.5
1599.57	571.0
1600.92	573.5
1603.62	573.5
1604.96	575.0
1606.31	549.5
1607.66	560.5
1609.01	550.0
1610.35	562.0
1611.7	566.0
1613.05	561.5
1614.39	565.0
1615.74	570.0
1617.09	559.5
1618.43	565.0
1619.78	550.5
1621.12	555.5
1622.47	572.5
1626.5	558.5
1627.84	554.0
1629.18	567.0
1631.87	559.5
1633.21	560.5
1634.55	558.5
1635.9	556.0
1637.24	567.0
1638.58	558.0
1639.92	562.0
1642.6	546.0
1643.94	554.5
1645.28	548.5
1646.62	547.0
1649.3	549.0
1650.64	560.5
1651.98	536.0
1653.32	546.0
1654.66	538.0
1656.0	537.0
1657.34	543.0
1658.67	550.0
1661.35	548.0
1662.68	537.0
1664.02	546.5
1665.36	555.0
1666.69	539.5
1668.03	525.5
1669.37	540.0
1670.7	541.0
1672.04	528.0
1673.37	529.5
1674.71	513.5
1678.71	524.5
1680.04	526.5
1681.38	526.5
1682.71	514.5
1684.04	527.0
1685.37	509.0
1686.71	510.5
1688.04	527.5
1689.37	522.5
1692.03	501.5
1694.69	513.0
1698.69	508.5
1700.02	528.5
1701.35	517.0
1702.67	504.0
1704.01	499.0
1705.33	493.0
1706.66	502.5
1707.99	496.0
1709.32	504.0
1710.65	504.5
1711.97	508.5
1713.3	495.5
1714.63	502.0
1715.95	485.5
1717.28	498.0
1721.26	506.5
1722.59	513.0
1729.21	501.0
1730.53	493.5
1731.86	496.0
1733.18	487.5
1734.5	500.0
1735.83	499.0
1737.15	485.0
1738.47	486.0
1739.79	483.0
1741.12	487.5
1742.44	478.0
1743.76	489.0
1745.08	491.5
1746.4	501.0
1747.72	480.5
1749.04	492.5
1750.36	487.5
1751.68	475.0
1753.0	484.0
1754.32	484.5
1755.64	476.5
1756.96	479.0
1758.28	483.0
1759.6	463.0
1760.92	474.0
1763.55	489.5
1764.87	482.0
1766.19	483.0
1767.5	484.5
1768.82	482.0
1770.14	475.5
1771.45	491.5
1772.77	478.0
1774.09	486.5
1775.4	485.0
1780.66	478.5
1781.98	473.0
1783.29	477.5
1784.6	476.0
1785.92	484.5
1787.23	482.5
1788.54	476.0
1789.85	472.0
1791.17	479.5
1792.48	476.5
1799.04	477.5
1800.35	462.0
1801.66	459.0
1806.9	476.5
1808.21	472.0
1810.83	465.5
1812.13	470.5
1814.75	464.5
1816.06	469.0
1818.67	475.0
1819.98	475.5
1821.29	462.5
1822.59	469.5
1825.21	460.5
1826.51	464.0
1827.82	473.5
1829.12	464.5
1830.43	476.0
1834.34	481.5
1835.65	475.5
1836.95	474.5
1838.25	478.5
1839.56	471.0
1842.16	463.0
1844.77	457.0
1846.07	467.5
1847.37	473.0
1848.67	474.5
1849.97	469.5
1852.57	470.5
1853.87	454.0
1855.18	457.0
1856.48	456.0
1857.77	469.0
1859.07	480.5
1860.37	484.0
1861.67	457.5
1862.97	460.5
1864.27	464.5
1865.57	464.0
1866.87	466.0
1870.76	470.5
1872.06	477.5
1873.35	477.5
1874.65	469.0
1878.54	468.0
1882.42	468.0
1883.72	466.5
1885.01	478.5
1886.31	479.5
1887.6	468.0
1888.89	463.0
1890.19	473.0
1891.48	480.0
1892.78	458.0
1894.07	462.5
1896.65	460.5
1897.95	450.5
1899.24	466.0
1900.53	479.5
1901.82	491.5
1903.11	482.5
1904.4	476.5
1906.98	462.5
1909.56	472.0
1913.43	476.5
1914.72	470.5
1916.01	467.0
1917.3	493.0
1918.59	494.5
1923.74	475.0
1925.02	472.0
1928.88	477.0
1932.74	456.0
1934.03	464.5
1936.59	483.5
1937.88	487.5
1939.16	472.5
1940.45	479.5
