492.825	5833.5
494.381	5788.5
495.936	5748.5
497.494	5729
499.049	5725.5
500.603	5733
502.158	5827.5
503.712	5804
505.266	5817
506.819	5826.5
508.375	5727
509.928	5757
511.481	5706
513.034	5754
514.586	5753.5
516.138	5746.5
517.69	5681
519.241	5561
520.793	5690.5
522.344	5665
523.894	5679.5
525.445	5692
526.995	5629.5
528.545	5545.5
530.095	5581.5
531.644	5582
533.193	5529.5
534.74	5507.5
536.289	5504.5
537.837	5440
539.385	5479.5
540.933	5547
542.481	5538.5
544.028	5546
545.573	5533.5
547.12	5566.5
548.667	5453.5
550.213	5429.5
551.759	5359
553.303	5328.5
554.848	5262.5
556.393	5227.5
557.938	5260.5
559.481	5265
561.025	5251.5
562.57	5177
564.111	5196.5
565.655	5204
567.199	5301.5
568.74	5243
570.283	5221.5
571.823	5313
573.366	5301
574.908	5323
576.447	5392.5
577.989	5483
579.528	5613.5
581.069	5710.5
582.608	5797
584.149	5938.5
585.687	5992
587.227	6062.5
588.765	6112
590.304	6065
591.841	6002
593.38	5987.5
594.917	5984.5
596.453	5917
597.992	5968.5
599.528	6048
601.065	6211.5
602.601	6440.5
604.136	6680.5
605.673	6770
607.207	6830.5
608.742	6823.5
610.278	6682.5
611.812	6447
613.345	6103
614.879	5835
616.414	5660.5
617.946	5425
619.479	5353.5
621.011	5160
622.543	5098
624.077	4991
625.609	4927.5
627.14	4813
628.671	4845
630.202	4785
631.732	4712.5
633.262	4686
634.792	4641.5
636.322	4646.5
637.854	4527.5
639.383	4588.5
640.912	4532.5
642.44	4522
643.969	4532
645.497	4533
647.025	4421.5
648.552	4464
650.08	4448.5
651.605	4423
653.132	4464
654.659	4447.5
656.185	4397.5
657.711	4355
659.237	4414
660.762	4399
662.288	4357.5
663.811	4392.5
665.336	4380.5
666.86	4429
668.385	4401.5
669.909	4461
671.43	4390.5
672.954	4451
674.477	4399.5
676	4385
677.521	4436
679.044	4387.5
680.566	4318
682.086	4384.5
683.608	4427
685.129	4424
686.648	4449
688.169	4373.5
689.688	4347
691.209	4306
692.729	4394
694.247	4361
695.766	4347
697.284	4398.5
698.803	4370.5
700.32	4374
701.839	4339
703.355	4361.5
704.873	4335
706.389	4347.5
707.907	4339
709.422	4392.5
710.938	4324.5
712.455	4383
713.969	4367
715.486	4379
717	4373.5
718.514	4409.5
720.027	4383.5
721.543	4404
723.056	4373.5
724.569	4449.5
726.083	4365
727.596	4392.5
729.108	4435
730.62	4384
732.133	4397.5
733.645	4380
735.156	4379.5
736.667	4333
738.177	4383
739.688	4388
741.198	4357
742.71	4371
744.219	4439.5
745.728	4411.5
747.238	4432.5
748.746	4393.5
750.255	4428
751.763	4471
753.271	4485.5
754.779	4496
756.287	4498.5
757.794	4433.5
759.301	4535
760.808	4526.5
762.315	4589
763.819	4618.5
765.325	4616.5
766.831	4605
768.336	4633
769.842	4633
771.347	4670.5
772.852	4671
774.354	4747
775.859	4734.5
777.363	4762.5
778.866	4770.5
780.368	4868.5
781.871	4810
783.374	4855.5
784.877	4893.5
786.378	4899.5
787.88	4940.5
789.382	4969
790.882	5009
792.383	4992.5
793.883	5031.5
795.384	5159.5
796.885	5167
798.383	5234
799.883	5349.5
801.382	5369.5
802.881	5527
804.379	5670.5
805.878	5856.5
807.375	6095.5
808.874	6388.5
810.371	6825.5
811.867	7320.5
813.365	7877
814.861	8672
816.358	10045
817.854	11722.5
819.349	14280
820.846	17450
822.34	20976
823.835	23167
825.331	22578.5
826.824	19907.5
828.318	16664
829.811	14261.5
831.306	12355.5
832.799	11136
834.292	10343
835.784	9824.5
837.276	9559.5
838.768	9490.5
840.262	9566.5
841.753	9735
843.244	10248.5
844.735	10876.5
846.226	11900
847.716	13547.5
849.206	15651.5
850.696	18693
852.186	22495
853.675	26586.5
855.164	29707.5
856.653	30316.5
858.142	28092
859.63	24509.5
861.118	20299.5
862.606	16911
864.094	14245.5
865.579	12158
867.066	10763.5
868.553	9602
870.04	8801
871.526	8143.5
873.013	7721
874.497	7374
875.982	7191
877.468	7127.5
878.953	7255.5
880.436	7494
881.921	7690
883.405	7609.5
884.887	7161
886.371	6504.5
887.855	6139.5
889.336	5828.5
890.82	5471
892.301	5375.5
893.783	5240
895.264	5166.5
896.746	5089.5
898.226	5022.5
899.708	4991
901.187	4979.5
902.669	4912.5
904.148	4858.5
905.629	4818.5
907.107	4893.5
908.587	4954.5
910.065	4893.5
911.543	4972
913.023	5041
914.5	5170.5
915.977	5352.5
917.456	5643
918.933	5869.5
920.409	5854
921.885	5562.5
923.363	5330.5
924.839	5139.5
926.314	4981
927.789	4907
929.264	4909.5
930.741	4786
932.215	4853.5
933.689	4834
935.163	4909
936.637	4881
938.11	4905
939.584	4974.5
941.057	5079
942.529	5121
944.002	5158
945.474	5262
946.946	5312
948.418	5553.5
949.889	5689
951.36	5782
952.831	6032
954.302	6358.5
955.773	6714
957.243	6958.5
958.711	7191.5
960.181	7442.5
961.651	7367
963.12	7293.5
964.589	7055
966.056	6833
967.524	6542.5
968.993	6269.5
970.459	5918.5
971.927	5679.5
973.395	5462
974.86	5234.5
976.327	5147.5
977.794	5022
979.259	4867.5
980.725	4818
982.189	4789
983.655	4667.5
985.119	4649.5
986.585	4554
988.048	4577
989.513	4585.5
990.976	4496.5
992.44	4507
993.902	4490.5
995.366	4476
996.828	4453.5
998.29	4407
999.753	4364.5
1001.21	4354
1002.68	4334
1004.14	4294
1005.6	4366
1007.06	4315
1008.52	4249
1009.98	4294.5
1011.44	4246.5
1012.9	4249
1014.36	4270.5
1015.82	4235.5
1017.28	4298.5
1018.73	4199.5
1020.19	4223.5
1021.65	4224
1023.11	4089.5
1024.57	4121
1026.02	4080
1027.48	4101.5
1028.94	4053.5
1030.39	4028.5
1031.85	4039.5
1033.3	3938
1034.76	3977
1036.22	3982.5
1037.67	3948
1039.13	3933
1040.58	3866
1042.03	3908.5
1043.49	3860
1044.94	3877
1046.39	3779
1047.85	3817
1049.3	3754
1050.75	3763.5
1052.2	3730
1053.66	3641.5
1055.11	3682.5
1056.56	3659.5
1058.01	3584.5
1059.46	3640.5
1060.91	3587
1062.36	3496
1063.81	3530
1065.26	3438
1066.71	3447
1068.16	3446
1069.61	3409.5
1071.06	3341
1072.51	3407
1073.95	3323.5
1075.4	3320.5
1076.85	3282
1078.3	3334.5
1079.74	3336.5
1081.19	3312
1082.64	3278.5
1084.08	3257.5
1085.53	3206
1086.98	3194
1088.42	3182
1089.87	3198.5
1091.31	3221.5
1092.76	3173.5
1094.2	3149
1095.64	3133
1097.09	3141.5
1098.53	3129.5
1099.97	3111.5
1101.42	3054.5
1102.86	3075.5
1104.3	3025.5
1105.75	3064.5
1107.19	2990
1108.63	2978
1110.07	2959
1111.51	3003.5
1112.95	2952.5
1114.39	2934
1115.83	2959
1117.27	2902
1118.71	2913
1120.15	2901.5
1121.59	2913.5
1123.03	2893
1124.47	2880
1125.91	2878.5
1127.35	2852.5
1128.78	2861.5
1130.22	2831.5
1131.66	2815
1133.1	2767.5
1134.53	2764.5
1135.97	2775.5
1137.4	2796.5
1138.84	2786.5
1140.28	2731.5
1141.71	2734.5
1143.15	2734
1144.58	2739.5
1146.02	2684
1147.45	2693.5
1148.88	2714.5
1150.32	2683
1151.75	2681.5
1153.18	2658
1154.62	2652
1156.05	2653.5
1157.48	2628
1158.92	2686.5
1160.35	2631
1161.78	2675.5
1163.21	2620.5
1164.64	2602.5
1166.07	2553.5
1167.5	2604.5
1168.93	2592.5
1170.36	2562
1171.79	2552.5
1173.22	2563.5
1174.65	2555.5
1176.08	2554.5
1177.51	2500.5
1178.94	2475
1180.37	2552.5
1181.79	2508.5
1183.22	2511
1184.65	2531
1186.08	2534
1187.5	2431
1188.93	2479.5
1190.35	2442.5
1191.78	2508.5
1193.21	2474.5
1194.63	2424
1196.06	2423.5
1197.48	2424.5
1198.91	2395.5
1200.33	2398
1201.76	2421
1203.18	2421
1204.6	2389.5
1206.03	2360
1207.45	2408.5
1208.87	2392.5
1210.29	2341
1211.72	2357.5
1213.14	2377.5
1214.56	2363.5
1215.98	2364
1217.4	2394.5
1218.82	2388
1220.25	2361.5
1221.66	2329
1223.09	2316.5
1224.5	2357.5
1225.93	2367.5
1227.34	2334
1228.76	2334.5
1230.18	2340
1231.6	2319.5
1233.02	2321.5
1234.44	2339
1235.85	2339.5
1237.27	2343
1238.69	2319.5
1240.11	2329
1241.52	2308.5
1242.94	2316.5
1244.35	2296
1245.77	2337
1247.19	2296
1248.6	2270.5
1250.02	2267.5
1251.43	2289.5
1252.85	2296
1254.26	2280
1255.67	2255.5
1257.09	2277.5
1258.5	2218.5
1259.92	2237
1261.33	2261.5
1262.74	2258
1264.15	2282.5
1265.56	2443.5
1266.98	2383.5
1268.39	2227
1269.8	2213
1271.21	2207.5
1272.62	2195.5
1274.03	2192
1275.44	2146
1276.85	2228.5
1278.26	2227
1279.67	2231.5
1281.08	2208
1282.49	2174.5
1283.9	2284.5
1285.31	3169.5
1286.71	4677
1288.12	2552.5
1289.53	2199
1290.94	2222
1292.34	2238
1293.75	2185
1295.16	2153.5
1296.56	2167.5
1297.97	2172
1299.38	2186
1300.78	2195
1302.19	2177
1303.59	2144
1305	2149.5
1306.4	2145.5
1307.8	2193.5
1309.21	2140.5
1310.61	2190.5
1312.01	2174
1313.42	2160.5
1314.82	2155
1316.22	2136
1317.63	2148.5
1319.03	2132
1320.43	2114
1321.83	2103
1323.23	2166
1324.63	2126.5
1326.03	2180.5
1327.44	2145
1328.84	2131.5
1330.24	2098
1331.63	2105.5
1333.03	2111
1334.43	2130
1335.83	2180
1337.23	2121
1338.63	2139
1340.03	2125.5
1341.42	2098
1342.82	2135.5
1344.22	2166
1345.62	2145
1347.01	2134
1348.41	2095
1349.81	2170.5
1351.2	2092
1352.6	2167
1353.99	2133
1355.39	2137
1356.78	2139
1358.18	2153.5
1359.57	2129.5
1360.97	2137.5
1362.36	2204.5
1363.75	2130.5
1365.15	2129.5
1366.54	2126.5
1367.93	2113
1369.33	2126.5
1370.72	2160.5
1372.11	2133.5
1373.5	2125
1374.89	2100.5
1376.28	2114.5
1377.68	2100
1379.07	2076.5
1380.46	2104
1381.85	2114
1383.24	2091
1384.63	2129.5
1386.02	2241.5
1387.4	2580
1388.79	5717.5
1390.18	3855
1391.57	2163
1392.96	2124
1394.35	2105.5
1395.73	2082
1397.12	2100
1398.51	2096
1399.89	2142.5
1401.28	2087.5
1402.67	2100
1404.05	2152
1405.44	2091
1406.83	2148
1408.21	2115
1409.59	2462.5
1410.98	2499
1412.36	2134
1413.75	2138
1415.13	2055.5
1416.52	2119
1417.9	2157.5
1419.28	2100
1420.67	2097
1422.05	2122
1423.43	2091
1424.81	2101.5
1426.19	2155
1427.58	2069.5
1428.96	2087
1430.34	2108.5
1431.72	2068.5
1433.1	2089.5
1434.48	2112.5
1435.86	2101
1437.24	2073.5
1438.62	2076
1440	2086
1441.38	2056.5
1442.76	2104.5
1444.13	2058
1445.51	2084
1446.89	2082.5
1448.27	2073.5
1449.64	2074
1451.02	2051
1452.4	2085
1453.78	2042
1455.15	2087.5
1456.53	2065.5
1457.9	2059.5
1459.28	2081.5
1460.65	2050.5
1462.03	2053.5
1463.4	2093
1464.78	2055.5
1466.15	2041
1467.53	2012
1468.9	2026.5
1470.27	1996
1471.65	2009.5
1473.02	2029
1474.39	2017.5
1475.76	2023
1477.14	2018
1478.51	2005
1479.88	2003
1481.25	1994.5
1482.62	2019.5
1483.99	2043
1485.36	2008
1486.73	2016
1488.1	2009
1489.47	2021
1490.84	2020
1492.21	1983
1493.58	2016
1494.95	2061.5
1496.32	2014
1497.69	2021
1499.06	2055
1500.42	2019
1501.79	1991
1503.16	2034.5
1504.53	1997
1505.89	2018
1507.26	1990.5
1508.63	1995.5
1509.99	1978
1511.36	1970
1512.72	2054
1514.09	1966.5
1515.45	1978
1516.82	1994.5
1518.18	2031.5
1519.55	1969.5
1520.91	1980.5
1522.27	1988
1523.64	2012
1525	1998
1526.36	2015
1527.72	2039
1529.09	1976
1530.45	1987
1531.81	2002.5
1533.17	1992.5
1534.53	2043.5
1535.89	2006
1537.25	1977
1538.62	2040
1539.98	1990
1541.34	1967
1542.7	1970
1544.05	1986
1545.41	2022
1546.77	1993.5
1548.13	1972
1549.49	1994.5
1550.85	2005
1552.21	1990.5
1553.56	1991
1554.92	2014.5
1556.28	1994
1557.64	1968
1558.99	2004.5
1560.35	1995
1561.7	1976.5
1563.06	1972
1564.42	1972
1565.77	1991.5
1567.13	1993.5
1568.48	2003
1569.84	1995.5
1571.19	1957
1572.55	2025.5
1573.9	1987
1575.25	1925
1576.6	2006
1577.96	1951
1579.31	1965
1580.66	1985
1582.02	1971
1583.37	1982
1584.72	1935
1586.07	2000
1587.42	1954
1588.77	2043
1590.12	1934.5
1591.47	2007
1592.83	1973.5
1594.17	1990.5
1595.53	1954.5
1596.87	1977
1598.22	2005
1599.57	1988
1600.92	1974.5
1602.27	2009.5
1603.62	1974
1604.96	2014.5
1606.31	2002
1607.66	1974
1609.01	2022
1610.35	1988.5
1611.7	2001.5
1613.05	1948.5
1614.39	2022
1615.74	1955.5
1617.09	1946.5
1618.43	1961.5
1619.78	1975
1621.12	1942
1622.47	2004.5
1623.81	1968.5
1625.15	1982
1626.5	1985.5
1627.84	1954
1629.18	1963
1630.53	1932
1631.87	1973
1633.21	1969.5
1634.55	1931.5
1635.9	1965
1637.24	1962
1638.58	1906
1639.92	1935.5
1641.26	1939
1642.6	1965.5
1643.94	1957.5
1645.28	1929.5
1646.62	1958
1647.96	1923
1649.3	1950.5
1650.64	1917.5
1651.98	1945
1653.32	1930
1654.66	1918
1656	1926.5
1657.34	1963.5
1658.67	1914.5
1660.01	1902.5
1661.35	1941.5
1662.68	1898
1664.02	1900.5
1665.36	1920.5
1666.69	1965.5
1668.03	1903.5
1669.37	1908.5
1670.7	1935.5
1672.04	1919.5
1673.37	1939.5
1674.71	1911.5
1676.04	1906.5
1677.38	1906
1678.71	1920
1680.04	1931
1681.38	1912.5
1682.71	1891
1684.04	1930.5
1685.37	1911
1686.71	1925.5
1688.04	1903.5
1689.37	1916
1690.7	1947.5
1692.03	1910
1693.37	1958
1694.69	1910.5
1696.03	1909
1697.36	1928
1698.69	1953
1700.02	1951.5
1701.35	1988
1702.67	1935
1704.01	1949
1705.33	1972.5
1706.66	1922
1707.99	1915
1709.32	1929.5
1710.65	1957.5
1711.97	1908.5
1713.3	1907
1714.63	1896.5
1715.95	1915
1717.28	1960.5
1718.61	1943.5
1719.93	1941
1721.26	1937
1722.59	1942
1723.91	1927.5
1725.24	1950.5
1726.56	1927
1727.89	1923.5
1729.21	1892
1730.53	1938
1731.86	1955
1733.18	1888
1734.5	1893.5
1735.83	1966.5
1737.15	1935
1738.47	1899
1739.79	1914.5
1741.12	1880
1742.44	1905.5
1743.76	1913.5
1745.08	1902
1746.4	1935.5
1747.72	1913
1749.04	1897.5
1750.36	1894
1751.68	1892.5
1753	1899.5
1754.32	1871.5
1755.64	1845
1756.96	1881.5
1758.28	1864
1759.6	1875.5
1760.92	1882.5
1762.23	1910
1763.55	1897.5
1764.87	1916
1766.19	1891.5
1767.5	1904
1768.82	1905
1770.14	1895
1771.45	1898
1772.77	1892
1774.09	1910.5
1775.4	1856.5
1776.72	1889.5
1778.03	1903.5
1779.35	1887
1780.66	1846
1781.98	1900.5
1783.29	1918.5
1784.6	1885
1785.92	1910
1787.23	1886
1788.54	1876.5
1789.85	1929.5
1791.17	1912
1792.48	1907
1793.79	1901
1795.1	1874.5
1796.41	1898.5
1797.73	1945.5
1799.04	1873.5
1800.35	1875
1801.66	1909
1802.97	1849.5
1804.28	1850
1805.59	1914.5
1806.9	1867.5
1808.21	1858
1809.52	1890.5
1810.83	1888
1812.13	1885
1813.44	1888
1814.75	1920
1816.06	1908.5
1817.37	1903.5
1818.67	1859.5
1819.98	1856.5
1821.29	1877.5
1822.59	1866.5
1823.9	1901
1825.21	1907.5
1826.51	1892.5
1827.82	1889.5
1829.12	1867
1830.43	1853.5
1831.73	1893.5
1833.04	1909
1834.34	1913
1835.65	1857.5
1836.95	1881.5
1838.25	1878
1839.56	1885
1840.86	1841
1842.16	1872
1843.46	1866
1844.77	1874.5
1846.07	1849.5
1847.37	1867.5
1848.67	1843.5
1849.97	1843
1851.27	1870
1852.57	1882
1853.87	1894.5
1855.18	1881
1856.48	1846.5
1857.77	1846
1859.07	1839
1860.37	1882.5
1861.67	1864
1862.97	1892.5
1864.27	1887.5
1865.57	1854.5
1866.87	1843.5
1868.16	1898.5
1869.46	1832
1870.76	1872
1872.06	1862.5
1873.35	1884
1874.65	1870
1875.95	1838
1877.24	1842
1878.54	1856
1879.83	1827.5
1881.13	1839.5
1882.42	1876
1883.72	1847.5
1885.01	1877.5
1886.31	1836
1887.6	1824.5
1888.89	1877.5
1890.19	1882.5
1891.48	1853.5
1892.78	1811
1894.07	1849
1895.36	1868
1896.65	1878
1897.95	1857.5
1899.24	1894
1900.53	1888.5
1901.82	1922.5
1903.11	1879
1904.4	1870
1905.69	1859.5
1906.98	1912.5
1908.27	1874
1909.56	1849
1910.85	1864.5
1912.14	1871
1913.43	1906.5
1914.72	1885.5
1916.01	1868
1917.3	1878
1918.59	1873
1919.87	1862
1921.16	1869
1922.45	1870.5
1923.74	1876.5
1925.02	1891
1926.31	1828.5
1927.6	1876
1928.88	1895
1930.17	1863
1931.45	1833.5
1932.74	1834.5
1934.03	1870
1935.31	1888.5
1936.59	1902.5
1937.88	1882.5
1939.16	1886
1940.45	1849
1941.73	1867.5
