494.381	5264.5
495.936	5272.0
497.494	5315.5
499.049	5239.0
500.603	5277.5
502.158	5228.0
503.712	5278.5
505.266	5281.0
506.819	5301.0
508.375	5304.5
509.928	5228.0
511.481	5319.0
513.034	5233.0
514.586	5286.0
516.138	5308.5
517.69	5194.5
519.241	5192.0
520.793	5342.0
522.344	5236.0
523.894	5266.5
525.445	5251.5
526.995	5218.0
528.545	5238.5
530.095	5250.0
531.644	5259.5
533.193	5272.5
534.74	5248.0
536.289	5333.5
537.837	5370.5
539.385	5367.0
540.933	5457.5
542.481	5435.5
544.028	5475.0
545.573	5319.0
547.12	5244.0
548.667	5116.0
550.213	4956.5
551.759	4979.0
553.303	4948.0
554.848	4861.0
556.393	4863.5
557.938	4866.5
559.481	4836.5
561.025	4899.0
562.57	4867.5
564.111	4883.5
565.655	4975.5
567.199	4855.0
568.74	4998.0
570.283	5121.5
571.823	5197.5
573.366	5274.5
574.908	5402.0
576.447	5565.0
577.989	5689.5
579.528	5948.5
581.069	6110.5
582.608	6188.5
584.149	6308.0
585.687	6250.0
587.227	6162.0
588.765	6092.0
590.304	6133.5
591.841	6015.0
593.38	6083.5
594.917	6083.5
596.453	6287.0
597.992	6435.5
599.528	6649.0
601.065	6809.5
602.601	6868.5
604.136	6952.0
605.673	6922.0
607.207	6829.5
608.742	6517.5
610.278	6269.0
611.812	6067.5
613.345	5754.0
614.879	5549.5
616.414	5265.5
617.946	5112.0
619.479	4967.0
621.011	4809.0
622.543	4722.0
624.077	4649.0
625.609	4583.0
627.14	4465.0
628.671	4432.0
630.202	4367.5
631.732	4313.0
633.262	4245.0
634.792	4244.0
636.322	4251.0
637.854	4194.5
639.383	4261.5
640.912	4209.0
642.44	4188.0
643.969	4212.0
645.497	4185.0
647.025	4159.0
648.552	4197.5
650.08	4110.5
651.605	4187.5
653.132	4257.5
654.659	4300.5
656.185	4301.0
657.711	4300.0
659.237	4256.0
660.762	4337.0
662.288	4377.5
663.811	4337.0
665.336	4241.5
666.86	4303.5
668.385	4301.0
669.909	4290.0
671.43	4355.5
672.954	4273.5
674.477	4308.5
676.0	4183.0
677.521	4226.5
679.044	4218.0
680.566	4107.0
682.086	4096.0
683.608	4076.5
685.129	4167.0
686.648	4082.0
688.169	4071.0
689.688	4106.5
691.209	4069.0
692.729	4083.0
694.247	4026.0
695.766	4092.0
697.284	4042.0
698.803	4030.5
700.32	3990.5
701.839	4014.5
703.355	3971.5
704.873	4105.5
706.389	4052.0
707.907	4082.0
709.422	4114.5
710.938	4028.5
712.455	4039.0
713.969	3978.5
715.486	3988.0
717.0	4071.0
718.514	4042.0
720.027	4049.5
721.543	4029.5
723.056	4062.5
724.569	4052.0
726.083	4000.5
727.596	4067.5
729.108	4032.0
730.62	4117.5
732.133	4085.0
733.645	4018.0
735.156	4076.5
736.667	4172.5
738.177	4147.0
739.688	4126.5
741.198	4126.5
742.71	4102.5
744.219	4149.5
745.728	4198.0
747.238	4258.5
748.746	4161.5
750.255	4279.0
751.763	4235.5
753.271	4270.0
754.779	4327.0
756.287	4351.5
757.794	4365.0
759.301	4407.5
760.808	4425.0
762.315	4474.5
763.819	4505.5
765.325	4560.5
766.831	4549.5
768.336	4554.0
769.842	4692.5
771.347	4645.5
772.852	4700.5
774.354	4726.5
775.859	4813.0
777.363	4790.0
778.866	4854.0
780.368	4839.5
781.871	4914.0
783.374	5006.0
784.877	5048.0
786.378	5112.5
787.88	5137.5
789.382	5270.5
790.882	5353.0
792.383	5384.5
793.883	5521.0
795.384	5661.0
796.885	5770.5
798.383	5996.5
799.883	6182.0
801.382	6358.0
802.881	6664.0
804.379	7182.5
805.878	7580.5
807.375	8167.0
808.874	8849.5
810.371	9691.0
811.867	10935.0
813.365	12580.0
814.861	14684.5
816.358	17610.0
817.854	21626.0
819.349	26609.5
820.846	31021.5
822.34	33415.5
823.835	33357.0
825.331	30196.5
826.824	26311.0
828.318	22703.5
829.811	20025.0
831.306	18119.5
832.799	16724.0
834.292	16026.0
835.784	15601.0
837.276	15574.0
838.768	15852.0
840.262	16633.5
841.753	17650.5
843.244	19115.5
844.735	21279.0
846.226	24571.5
847.716	28682.5
849.206	33750.5
850.696	39580.5
852.186	44749.0
853.675	48320.5
855.164	48839.0
856.653	45815.0
858.142	40753.5
859.63	35217.0
861.118	29570.0
862.606	25151.5
864.094	21366.0
865.579	18290.0
867.066	15982.0
868.553	14128.5
870.04	12780.5
871.526	11693.0
873.013	10924.5
874.497	10356.5
875.982	10089.0
877.468	10016.0
878.953	10236.0
880.436	10350.5
881.921	10250.0
883.405	9691.0
884.887	8868.5
886.371	8032.0
887.855	7297.0
889.336	6893.0
890.82	6406.5
892.301	6178.0
893.783	6031.5
895.264	5796.5
896.746	5752.5
898.226	5564.0
899.708	5500.5
901.187	5387.5
902.669	5347.0
904.148	5338.0
905.629	5357.0
907.107	5256.0
908.587	5314.0
910.065	5363.5
911.543	5440.5
913.023	5516.5
914.5	5606.5
915.977	5709.0
917.456	5848.0
918.933	5770.0
920.409	5624.0
921.885	5540.0
923.363	5372.0
924.839	5301.5
926.314	5283.5
927.789	5300.0
929.264	5336.5
930.741	5307.5
932.215	5395.0
933.689	5407.0
935.163	5478.0
936.637	5635.0
938.11	5736.5
939.584	5843.5
941.057	5998.0
942.529	6265.0
944.002	6407.0
945.474	6738.5
946.946	7102.5
948.418	7246.0
949.889	7783.0
951.36	8258.5
952.831	8463.0
954.302	8789.0
955.773	8928.0
957.243	8785.5
958.711	8656.5
960.181	8364.5
961.651	8145.5
963.12	7726.0
964.589	7442.0
966.056	7146.0
967.524	6784.5
968.993	6414.0
970.459	6146.0
971.927	5939.5
973.395	5655.0
974.86	5432.0
976.327	5362.0
977.794	5139.0
979.259	5103.0
980.725	5032.0
982.189	4857.0
983.655	4861.5
985.119	4751.5
986.585	4691.0
988.048	4733.0
989.513	4627.5
990.976	4639.5
992.44	4621.5
993.902	4556.5
995.366	4487.0
996.828	4474.5
998.29	4449.5
999.753	4423.0
1001.21	4316.0
1002.68	4322.5
1004.14	4252.0
1005.6	4210.5
1007.06	4215.0
1008.52	4223.0
1009.98	4133.0
1011.44	4110.0
1012.9	4096.0
1014.36	4123.0
1015.82	4022.0
1017.28	4011.0
1018.73	3884.5
1020.19	3988.0
1021.65	3988.5
1023.11	3906.0
1024.57	4012.0
1026.02	3884.0
1027.48	3840.0
1028.94	3854.0
1030.39	3821.0
1031.85	3805.5
1033.3	3780.0
1034.76	3789.5
1036.22	3763.0
1037.67	3740.5
1039.13	3657.5
1040.58	3681.0
1042.03	3594.5
1043.49	3573.5
1044.94	3529.5
1046.39	3531.0
1047.85	3492.0
1049.3	3464.0
1050.75	3439.0
1052.2	3445.0
1053.66	3396.0
1055.11	3395.5
1056.56	3320.0
1058.01	3322.5
1059.46	3262.5
1060.91	3308.5
1062.36	3194.5
1063.81	3218.0
1065.26	3189.5
1066.71	3140.0
1068.16	3208.0
1069.61	3136.0
1071.06	3110.5
1072.51	3157.0
1073.95	3086.0
1075.4	3124.0
1076.85	3015.5
1078.3	3094.0
1079.74	3032.0
1081.19	3056.5
1082.64	3009.0
1084.08	3045.5
1085.53	3000.0
1086.98	2976.0
1088.42	2975.0
1089.87	2976.5
1091.31	2945.0
1092.76	2967.5
1094.2	2904.0
1095.64	2922.0
1097.09	2853.0
1098.53	2876.0
1099.97	2877.0
1101.42	2813.5
1102.86	2866.0
1104.3	2726.5
1105.75	2798.0
1107.19	2853.0
1108.63	2827.5
1110.07	2800.0
1111.51	2745.5
1112.95	2692.0
1114.39	2798.0
1115.83	2796.0
1117.27	2686.0
1118.71	2696.0
1120.15	2678.5
1121.59	2685.0
1123.03	2741.5
1124.47	2708.0
1125.91	2669.0
1127.35	2640.5
1128.78	2713.0
1130.22	2676.0
1131.66	2672.5
1133.1	2662.0
1134.53	2650.0
1135.97	2637.5
1137.4	2606.0
1138.84	2625.0
1140.28	2662.0
1141.71	2634.0
1143.15	2624.0
1144.58	2583.0
1146.02	2618.5
1147.45	2600.0
1148.88	2638.5
1150.32	2592.0
1151.75	2558.0
1153.18	2568.5
1154.62	2549.0
1156.05	2506.5
1157.48	2522.5
1158.92	2539.5
1160.35	2495.0
1161.78	2521.5
1163.21	2558.5
1164.64	2533.0
1166.07	2484.0
1167.5	2463.0
1168.93	2508.5
1170.36	2487.5
1171.79	2393.0
1173.22	2479.5
1174.65	2450.0
1176.08	2397.0
1177.51	2450.5
1178.94	2410.0
1180.37	2420.5
1181.79	2439.0
1183.22	2496.5
1184.65	2377.0
1186.08	2385.0
1187.5	2373.0
1188.93	2401.5
1190.35	2379.0
1191.78	2451.0
1193.21	2375.0
1194.63	2419.5
1196.06	2388.5
1197.48	2415.5
1198.91	2400.5
1200.33	2392.0
1201.76	2335.5
1203.18	2380.5
1204.6	2350.0
1206.03	2375.5
1207.45	2340.5
1208.87	2354.5
1210.29	2329.5
1211.72	2356.0
1213.14	2298.5
1214.56	2340.0
1215.98	2325.0
1217.4	2309.5
1218.82	2267.0
1220.25	2329.5
1221.66	2274.0
1223.09	2303.5
1224.5	2338.0
1225.93	2291.0
1228.76	2319.0
1230.18	2289.0
1231.6	2290.0
1233.02	2256.5
1234.44	2214.5
1235.85	2278.0
1237.27	2267.5
1238.69	2255.0
1240.11	2260.0
1241.52	2271.0
1242.94	2237.0
1244.35	2185.0
1245.77	2229.5
1247.19	2225.5
1248.6	2265.5
1250.02	2238.0
1251.43	2217.5
1252.85	2148.0
1254.26	2156.0
1255.67	2210.5
1257.09	2150.0
1258.5	2140.0
1259.92	2173.0
1261.33	2132.5
1262.74	2183.0
1265.56	2291.0
1266.98	2248.0
1268.39	2100.0
1269.8	2115.5
1271.21	2079.5
1272.62	2123.0
1274.03	2117.5
1275.44	2092.5
1276.85	2132.0
1278.26	2125.0
1279.67	2099.5
1281.08	2071.0
1282.49	2132.5
1283.9	2155.0
1285.31	2390.0
1286.71	3082.0
1288.12	2263.0
1292.34	2119.5
1293.75	2098.0
1295.16	2135.0
1296.56	2077.5
1297.97	2102.0
1299.38	2066.0
1300.78	2105.5
1302.19	2066.5
1303.59	2092.5
1305.0	2099.0
1306.4	2124.0
1307.8	2121.0
1309.21	2103.5
1310.61	2107.0
1312.01	2090.5
1313.42	2105.5
1314.82	2108.0
1316.22	2093.0
1317.63	2087.5
1319.03	2085.5
1320.43	2077.0
1321.83	2083.0
1323.23	2106.5
1324.63	2112.0
1326.03	2079.5
1327.44	2087.0
1328.84	2067.5
1330.24	2063.5
1331.63	2081.0
1333.03	2123.0
1334.43	2089.0
1335.83	2106.5
1337.23	2112.5
1338.63	2077.5
1340.03	2108.0
1341.42	2110.0
1342.82	2144.0
1344.22	2145.0
1345.62	2108.0
1347.01	2101.0
1348.41	2099.5
1349.81	2083.0
1351.2	2072.5
1352.6	2087.5
1353.99	2128.0
1355.39	2091.0
1356.78	2144.0
1358.18	2094.0
1359.57	2112.0
1360.97	2139.0
1362.36	2135.5
1363.75	2074.0
1365.15	2098.0
1366.54	2080.0
1367.93	2069.5
1369.33	2086.5
1370.72	2127.0
1372.11	2116.0
1373.5	2101.0
1374.89	2071.0
1376.28	2118.5
1377.68	2102.0
1379.07	2098.5
1380.46	2076.0
1381.85	2076.5
1383.24	2107.0
1384.63	2092.0
1386.02	2089.0
1387.4	2195.5
1388.79	3413.5
1390.18	2809.0
1392.96	2133.5
1394.35	2052.5
1395.73	2059.5
1397.12	2107.0
1398.51	2057.0
1399.89	2111.0
1401.28	2099.0
1402.67	2091.5
1405.44	2080.5
1408.21	2128.0
1409.59	2270.0
1410.98	2348.5
1412.36	2046.0
1413.75	2041.0
1415.13	2081.5
1416.52	2031.0
1417.9	2078.0
1419.28	2059.5
1420.67	2038.5
1422.05	2065.5
1423.43	2046.0
1424.81	2066.5
1426.19	2088.0
1427.58	2072.0
1428.96	2057.0
1430.34	2013.0
1431.72	2093.5
1433.1	2050.0
1434.48	2079.5
1435.86	2084.5
1437.24	2035.5
1438.62	2046.5
1440.0	2037.0
1441.38	2065.0
1442.76	2061.0
1444.13	2055.5
1445.51	2039.5
1446.89	2046.0
1448.27	2063.0
1449.64	2025.0
1451.02	2057.5
1452.4	2074.0
1453.78	2112.0
1455.15	2068.5
1456.53	2033.0
1457.9	2075.0
1459.28	2056.5
1460.65	2055.5
1464.78	2054.5
1466.15	2055.0
1467.53	1987.0
1468.9	2048.0
1470.27	2062.5
1471.65	2020.0
1473.02	2049.5
1474.39	2047.5
1475.76	2006.0
1477.14	2046.0
1478.51	2032.0
1479.88	2009.0
1481.25	2016.0
1482.62	2022.0
1483.99	2014.0
1485.36	2012.0
1486.73	1995.5
1488.1	2004.5
1489.47	1996.5
1490.84	1984.0
1492.21	2041.0
1493.58	2001.0
1494.95	2011.5
1496.32	2018.5
1497.69	2016.0
1499.06	2007.5
1500.42	2032.5
1501.79	2030.0
1503.16	2002.5
1504.53	2023.0
1505.89	2056.5
1507.26	2027.5
1508.63	1998.0
1509.99	2009.0
1511.36	2005.5
1512.72	2029.0
1514.09	2003.5
1515.45	2017.0
1516.82	2017.0
1518.18	2021.5
1519.55	1994.5
1520.91	2014.0
1522.27	1984.5
1523.64	2014.0
1525.0	2027.0
1526.36	2020.5
1527.72	2067.0
1529.09	2017.0
1530.45	1992.5
1531.81	1998.0
1533.17	2009.0
1534.53	2016.5
1535.89	1971.0
1537.25	1964.0
1538.62	1961.5
1539.98	1968.5
1541.34	2014.5
1542.7	1994.5
1544.05	1988.5
1545.41	2010.0
1546.77	1988.0
1548.13	1980.0
1549.49	2034.0
1550.85	1998.0
1552.21	1995.5
1553.56	1957.5
1554.92	2029.0
1556.28	2014.0
1557.64	1993.5
1560.35	2010.0
1561.7	1997.5
1563.06	1984.0
1564.42	1973.5
1565.77	1974.5
1567.13	2002.0
1568.48	2008.0
1569.84	1955.0
1571.19	1985.5
1572.55	1987.0
1573.9	1979.0
1575.25	2008.0
1576.6	1971.0
1577.96	1971.0
1579.31	2058.5
1580.66	2042.0
1582.02	1996.0
1583.37	2013.0
1584.72	2033.0
1587.42	2023.0
1588.77	2059.0
1591.47	2036.0
1592.83	2000.0
1594.17	2016.5
1595.53	1958.0
1596.87	2008.0
1598.22	1972.0
1599.57	1980.5
1600.92	2016.0
1602.27	2014.0
1603.62	2002.5
1604.96	2030.5
1606.31	2003.5
1607.66	1963.5
1609.01	1991.0
1610.35	2009.0
1611.7	2027.5
1613.05	2011.5
1614.39	1974.0
1615.74	1975.0
1617.09	2004.5
1618.43	2004.0
1619.78	1972.5
1621.12	2019.0
1622.47	1975.5
1623.81	1959.0
1625.15	1951.5
1626.5	1977.0
1627.84	1988.5
1629.18	1953.0
1630.53	1972.0
1631.87	1929.0
1633.21	1981.5
1634.55	1983.0
1635.9	1936.0
1637.24	1930.0
1638.58	1936.0
1639.92	1945.5
1641.26	1924.0
1642.6	1925.0
1643.94	1930.5
1645.28	1933.5
1646.62	1953.0
1647.96	1924.5
1649.3	1902.5
1650.64	1946.5
1651.98	1899.5
1653.32	1919.0
1654.66	1925.0
1656.0	1941.5
1657.34	1930.0
1658.67	1896.0
1660.01	1938.0
1661.35	1927.0
1662.68	1949.0
1664.02	1920.0
1665.36	1940.0
1666.69	1917.0
1668.03	1970.5
1669.37	1931.5
1670.7	1937.5
1672.04	1905.5
1673.37	1896.0
1674.71	1949.0
1676.04	1931.5
1677.38	1937.0
1678.71	1920.0
1680.04	1931.0
1681.38	1946.0
1682.71	1951.5
1684.04	1875.0
1685.37	1901.5
1686.71	1901.0
1689.37	1944.5
1690.7	1904.5
1692.03	1863.5
1693.37	1885.0
1694.69	1949.0
1696.03	1914.0
1697.36	1950.5
1698.69	1950.5
1700.02	1920.5
1701.35	1949.0
1702.67	1912.0
1704.01	1931.0
1705.33	1926.0
1706.66	1943.5
1707.99	1915.5
1709.32	1900.5
1710.65	1915.0
1711.97	1896.5
1713.3	1915.5
1714.63	1917.0
1715.95	1913.0
1717.28	1920.0
1718.61	1957.0
1719.93	1884.5
1721.26	1846.0
1722.59	1922.0
1723.91	1884.0
1725.24	1925.0
1726.56	1886.5
1727.89	1876.0
1729.21	1874.0
1730.53	1876.0
1731.86	1884.0
1733.18	1871.5
1734.5	1871.5
1735.83	1885.5
1737.15	1898.5
1739.79	1859.0
1741.12	1882.0
1742.44	1908.5
1743.76	1889.5
1745.08	1867.0
1746.4	1880.0
1747.72	1887.0
1749.04	1885.5
1750.36	1890.0
1751.68	1889.0
1753.0	1872.0
1754.32	1836.0
1755.64	1904.0
1756.96	1923.5
1758.28	1889.0
1759.6	1919.5
1760.92	1884.0
1762.23	1855.5
1763.55	1905.5
1764.87	1900.5
1766.19	1905.0
1767.5	1894.5
1768.82	1868.5
1770.14	1879.0
1771.45	1857.0
1772.77	1908.0
1774.09	1887.5
1775.4	1838.5
1776.72	1883.5
1778.03	1913.0
1779.35	1891.0
1780.66	1875.5
1781.98	1884.5
1783.29	1905.5
1784.6	1896.5
1785.92	1874.5
1787.23	1880.0
1788.54	1829.0
1789.85	1898.5
1791.17	1884.0
1792.48	1864.0
1793.79	1909.0
1795.1	1872.0
1796.41	1866.5
1797.73	1868.0
1799.04	1847.5
1800.35	1883.5
1801.66	1857.5
1802.97	1879.0
1804.28	1848.5
1805.59	1844.0
1806.9	1862.5
1808.21	1823.5
1809.52	1867.0
1810.83	1885.5
1812.13	1856.5
1813.44	1853.5
1814.75	1864.5
1818.67	1894.0
1819.98	1898.0
1821.29	1846.0
1822.59	1863.0
1823.9	1851.5
1825.21	1841.0
1826.51	1858.0
1827.82	1905.5
1829.12	1861.0
1830.43	1821.5
1831.73	1873.0
1833.04	1895.0
1834.34	1886.5
1835.65	1821.5
1836.95	1862.0
1838.25	1859.0
1839.56	1804.0
1840.86	1837.0
1842.16	1837.5
1843.46	1861.5
1844.77	1866.0
1846.07	1837.0
1847.37	1848.5
1848.67	1880.0
1849.97	1851.5
1851.27	1849.5
1852.57	1834.0
1853.87	1864.0
1855.18	1859.5
1856.48	1802.0
1857.77	1859.0
1859.07	1859.0
1860.37	1802.5
1861.67	1825.0
1862.97	1823.0
1864.27	1838.5
1865.57	1824.5
1866.87	1773.0
1868.16	1833.0
1869.46	1791.0
1870.76	1821.0
1872.06	1847.5
1873.35	1854.5
1874.65	1789.0
1875.95	1757.5
1877.24	1814.0
1878.54	1830.5
1879.83	1839.0
1881.13	1827.0
1882.42	1818.5
1883.72	1817.5
1885.01	1842.0
1886.31	1821.0
1887.6	1815.0
1888.89	1841.5
1890.19	1827.5
1891.48	1824.5
1892.78	1853.0
1894.07	1815.5
1895.36	1807.0
1896.65	1809.0
1897.95	1813.0
1901.82	1827.0
1903.11	1812.5
1904.4	1831.0
1905.69	1801.5
1906.98	1820.0
1908.27	1774.0
1909.56	1817.5
1910.85	1850.5
1912.14	1838.0
1913.43	1798.0
1914.72	1830.5
1916.01	1822.0
1917.3	1824.5
1919.87	1806.0
1921.16	1782.5
1922.45	1816.0
1923.74	1771.5
1925.02	1793.0
1926.31	1807.0
1927.6	1827.0
1928.88	1818.0
1930.17	1810.5
1931.45	1816.0
1932.74	1791.5
1934.03	1835.0
1935.31	1800.0
1936.59	1854.0
1937.88	1808.0
1939.16	1801.5
1940.45	1825.0
