492.825	5275.5
494.381	5193
495.936	5199.5
497.494	5259.5
499.049	5216
500.603	5243.5
502.158	5196
503.712	5189.5
505.266	5238
506.819	5207.5
508.375	5224.5
509.928	5187
511.481	5237
513.034	5145
514.586	5177
516.138	5164
517.69	5143
519.241	5162
520.793	5105.5
522.344	5125
523.894	5171
525.445	5143.5
526.995	5047
528.545	5094.5
530.095	5119.5
531.644	5036
533.193	5090
534.74	5059
536.289	5070
537.837	5075.5
539.385	5098.5
540.933	5095
542.481	5003
544.028	4983
545.573	4991
547.12	4923.5
548.667	4888
550.213	4872
551.759	4843.5
553.303	4835
554.848	4753
556.393	4802
557.938	4776
559.481	4757.5
561.025	4754.5
562.57	4754
564.111	4730
565.655	4753.5
567.199	4709.5
568.74	4760.5
570.283	4743
571.823	4778.5
573.366	4742
574.908	4695.5
576.447	4886.5
577.989	4875
579.528	4873.5
581.069	4891.5
582.608	4888
584.149	4896
585.687	4841
587.227	4896.5
588.765	4843
590.304	4882.5
591.841	4863
593.38	4826
594.917	4820.5
596.453	4941
597.992	4887.5
599.528	4954
601.065	5021.5
602.601	4919
604.136	4961.5
605.673	4973
607.207	4881
608.742	4728
610.278	4767
611.812	4682.5
613.345	4636
614.879	4516
616.414	4446
617.946	4474.5
619.479	4388
621.011	4245
622.543	4312.5
624.077	4276
625.609	4230.5
627.14	4273
628.671	4251
630.202	4221.5
631.732	4163.5
633.262	4161.5
634.792	4169
636.322	4215
637.854	4239.5
639.383	4210.5
640.912	4209.5
642.44	4227
643.969	4285.5
645.497	4275
647.025	4275.5
648.552	4230
650.08	4259
651.605	4282
653.132	4374
654.659	4350
656.185	4365
657.711	4332
659.237	4355.5
660.762	4346
662.288	4341.5
663.811	4370
665.336	4319
666.86	4366.5
668.385	4323
669.909	4323.5
671.43	4354.5
672.954	4282
674.477	4259.5
676	4268
677.521	4215
679.044	4191
680.566	4135
682.086	4212
683.608	4113.5
685.129	4134
686.648	4069
688.169	4072.5
689.688	4061
691.209	4102.5
692.729	4103.5
694.247	4022.5
695.766	4070.5
697.284	4002
698.803	4029.5
700.32	3990.5
701.839	3982
703.355	3943
704.873	3985.5
706.389	3923
707.907	3985
709.422	3943
710.938	3941
712.455	3960.5
713.969	3875.5
715.486	3930
717	3921
718.514	3945
720.027	3903.5
721.543	3905.5
723.056	3933
724.569	3853.5
726.083	3923
727.596	3921
729.108	3913.5
730.62	3891
732.133	3848
733.645	3884
735.156	3877.5
736.667	3924
738.177	3866
739.688	3875
741.198	3880
742.71	3871.5
744.219	3891.5
745.728	3897
747.238	3872.5
748.746	3915
750.255	3836
751.763	3949.5
753.271	4004
754.779	3992
756.287	3973
757.794	3970.5
759.301	3960.5
760.808	3943
762.315	4072
763.819	3987
765.325	4022.5
766.831	4043.5
768.336	4028.5
769.842	4066
771.347	4102
772.852	4118
774.354	4090
775.859	4117
777.363	4102.5
778.866	4131.5
780.368	4168
781.871	4187.5
783.374	4151
784.877	4172.5
786.378	4150.5
787.88	4240
789.382	4204.5
790.882	4264
792.383	4322
793.883	4229.5
795.384	4313
796.885	4343.5
798.383	4383
799.883	4539
801.382	4569
802.881	4604
804.379	4785
805.878	4939
807.375	5046
808.874	5315.5
810.371	5499
811.867	5845
813.365	6324.5
814.861	6979.5
816.358	7838.5
817.854	8937.5
819.349	10155.5
820.846	11064.5
822.34	11507.5
823.835	11140.5
825.331	10370
826.824	9394.5
828.318	8530.5
829.811	7868
831.306	7430
832.799	7087.5
834.292	6989
835.784	6907.5
837.276	6925
838.768	7003.5
840.262	7193.5
841.753	7580
843.244	7954.5
844.735	8533
846.226	9534.5
847.716	10661
849.206	12085.5
850.696	13638
852.186	14787.5
853.675	15620.5
855.164	15585.5
856.653	14494
858.142	13126.5
859.63	11773
861.118	10355
862.606	9137.5
864.094	8313
865.579	7532.5
867.066	6909.5
868.553	6434
870.04	6074.5
871.526	5859.5
873.013	5664
874.497	5432.5
875.982	5410.5
877.468	5390
878.953	5438
880.436	5450.5
881.921	5316
883.405	5145.5
884.887	5020.5
886.371	4772
887.855	4643.5
889.336	4552
890.82	4474
892.301	4401
893.783	4336
895.264	4336
896.746	4312.5
898.226	4300
899.708	4230
901.187	4145
902.669	4277
904.148	4254
905.629	4268.5
907.107	4259
908.587	4296.5
910.065	4245
911.543	4298.5
913.023	4350
914.5	4332.5
915.977	4379.5
917.456	4452.5
918.933	4429.5
920.409	4359.5
921.885	4333
923.363	4295
924.839	4290.5
926.314	4278
927.789	4267
929.264	4217
930.741	4242
932.215	4306
933.689	4306.5
935.163	4339.5
936.637	4418
938.11	4352
939.584	4475
941.057	4534
942.529	4592.5
944.002	4634.5
945.474	4650
946.946	4758.5
948.418	4887.5
949.889	4940
951.36	5050
952.831	5144.5
954.302	5234.5
955.773	5234
957.243	5168
958.711	5157.5
960.181	5058
961.651	4966.5
963.12	4856
964.589	4715
966.056	4683.5
967.524	4665.5
968.993	4554
970.459	4423
971.927	4415
973.395	4308
974.86	4311
976.327	4331.5
977.794	4210.5
979.259	4223
980.725	4162
982.189	4174.5
983.655	4171
985.119	4134
986.585	4191.5
988.048	4098.5
989.513	4119
990.976	4070
992.44	4044
993.902	4100.5
995.366	4055
996.828	3991
998.29	3997.5
999.753	3982.5
1001.21	3972
1002.68	3878.5
1004.14	3941
1005.6	3902.5
1007.06	3917
1008.52	3882.5
1009.98	3764.5
1011.44	3796.5
1012.9	3764.5
1014.36	3809
1015.82	3753
1017.28	3773
1018.73	3708.5
1020.19	3717.5
1021.65	3684
1023.11	3699
1024.57	3674
1026.02	3652.5
1027.48	3652.5
1028.94	3604
1030.39	3568.5
1031.85	3611
1033.3	3547.5
1034.76	3534.5
1036.22	3539
1037.67	3471
1039.13	3489.5
1040.58	3484
1042.03	3457.5
1043.49	3423
1044.94	3426
1046.39	3361.5
1047.85	3357
1049.3	3341
1050.75	3322
1052.2	3305
1053.66	3239.5
1055.11	3255
1056.56	3237
1058.01	3242
1059.46	3192
1060.91	3202
1062.36	3114.5
1063.81	3118.5
1065.26	3118
1066.71	3071
1068.16	3062.5
1069.61	3061.5
1071.06	3092
1072.51	3060
1073.95	3027
1075.4	3009.5
1076.85	3011.5
1078.3	3040.5
1079.74	2991.5
1081.19	2997
1082.64	2932
1084.08	2952
1085.53	2930.5
1086.98	2902
1088.42	2928
1089.87	2859.5
1091.31	2873
1092.76	2838
1094.2	2788
1095.64	2818.5
1097.09	2822.5
1098.53	2776.5
1099.97	2826
1101.42	2795
1102.86	2795
1104.3	2772
1105.75	2703
1107.19	2716.5
1108.63	2762
1110.07	2723
1111.51	2706.5
1112.95	2656.5
1114.39	2718
1115.83	2638
1117.27	2704
1118.71	2629.5
1120.15	2658
1121.59	2666.5
1123.03	2622
1124.47	2690
1125.91	2605
1127.35	2634
1128.78	2611
1130.22	2606
1131.66	2573
1133.1	2571.5
1134.53	2547
1135.97	2523.5
1137.4	2549.5
1138.84	2554.5
1140.28	2546.5
1141.71	2533
1143.15	2565
1144.58	2557
1146.02	2512.5
1147.45	2497
1148.88	2479
1150.32	2472.5
1151.75	2406
1153.18	2463.5
1154.62	2462.5
1156.05	2448.5
1157.48	2454.5
1158.92	2490
1160.35	2474.5
1161.78	2435.5
1163.21	2473
1164.64	2448
1166.07	2435.5
1167.5	2458
1168.93	2389.5
1170.36	2418
1171.79	2383.5
1173.22	2438
1174.65	2393
1176.08	2367
1177.51	2346.5
1178.94	2321.5
1180.37	2382.5
1181.79	2368.5
1183.22	2407
1184.65	2361.5
1186.08	2374.5
1187.5	2360
1188.93	2444
1190.35	2362.5
1191.78	2446
1193.21	2375.5
1194.63	2349.5
1196.06	2331
1197.48	2369.5
1198.91	2338
1200.33	2297
1201.76	2333
1203.18	2363
1204.6	2349.5
1206.03	2331.5
1207.45	2315.5
1208.87	2287.5
1210.29	2300.5
1211.72	2306
1213.14	2235.5
1214.56	2300.5
1215.98	2286
1217.4	2297.5
1218.82	2308
1220.25	2224.5
1221.66	2268.5
1223.09	2314.5
1224.5	2285.5
1225.93	2215
1227.34	2301
1228.76	2273
1230.18	2259.5
1231.6	2301
1233.02	2284.5
1234.44	2282.5
1235.85	2272
1237.27	2300.5
1238.69	2270.5
1240.11	2258
1241.52	2287
1242.94	2264
1244.35	2254.5
1245.77	2267
1247.19	2260
1248.6	2267
1250.02	2212
1251.43	2233.5
1252.85	2254.5
1254.26	2224.5
1255.67	2241.5
1257.09	2229.5
1258.5	2223
1259.92	2187
1261.33	2225
1262.74	2223
1264.15	2225
1265.56	2285
1266.98	2272.5
1268.39	2230
1269.8	2202
1271.21	2170
1272.62	2216
1274.03	2221.5
1275.44	2253.5
1276.85	2243
1278.26	2220.5
1279.67	2208.5
1281.08	2190
1282.49	2201.5
1283.9	2230
1285.31	2311.5
1286.71	2542.5
1288.12	2238
1289.53	2180.5
1290.94	2192
1292.34	2228.5
1293.75	2204
1295.16	2218
1296.56	2213.5
1297.97	2195.5
1299.38	2189
1300.78	2232
1302.19	2217.5
1303.59	2194.5
1305	2211
1306.4	2192
1307.8	2202
1309.21	2162
1310.61	2229
1312.01	2200.5
1313.42	2213
1314.82	2195.5
1316.22	2202
1317.63	2221.5
1319.03	2208.5
1320.43	2186
1321.83	2177.5
1323.23	2223
1324.63	2172
1326.03	2189
1327.44	2155
1328.84	2148
1330.24	2221.5
1331.63	2212
1333.03	2214
1334.43	2204
1335.83	2190
1337.23	2176
1338.63	2177.5
1340.03	2161
1341.42	2218
1342.82	2201
1344.22	2235
1345.62	2235
1347.01	2197.5
1348.41	2230
1349.81	2219
1351.2	2178.5
1352.6	2184
1353.99	2199
1355.39	2214.5
1356.78	2203.5
1358.18	2232
1359.57	2186.5
1360.97	2234.5
1362.36	2216.5
1363.75	2202.5
1365.15	2183
1366.54	2182
1367.93	2191
1369.33	2207
1370.72	2207
1372.11	2205
1373.5	2189.5
1374.89	2209
1376.28	2226
1377.68	2227
1379.07	2207
1380.46	2193
1381.85	2241
1383.24	2214.5
1384.63	2225
1386.02	2227
1387.4	2238
1388.79	2709
1390.18	2485
1391.57	2236
1392.96	2219
1394.35	2197
1395.73	2214
1397.12	2229.5
1398.51	2205.5
1399.89	2202
1401.28	2205.5
1402.67	2222
1404.05	2240.5
1405.44	2197
1406.83	2206.5
1408.21	2242.5
1409.59	2309.5
1410.98	2304.5
1412.36	2197.5
1413.75	2215.5
1415.13	2237.5
1416.52	2219
1417.9	2239.5
1419.28	2207.5
1420.67	2177
1422.05	2220.5
1423.43	2192
1424.81	2217.5
1426.19	2207
1427.58	2244.5
1428.96	2207
1430.34	2245
1431.72	2243.5
1433.1	2195.5
1434.48	2177
1435.86	2219.5
1437.24	2235
1438.62	2212
1440	2210
1441.38	2247.5
1442.76	2251.5
1444.13	2204.5
1445.51	2217
1446.89	2165
1448.27	2200
1449.64	2239
1451.02	2247.5
1452.4	2198
1453.78	2210.5
1455.15	2264.5
1456.53	2222
1457.9	2244
1459.28	2217.5
1460.65	2208.5
1462.03	2232
1463.4	2255
1464.78	2201.5
1466.15	2232
1467.53	2239
1468.9	2211
1470.27	2209.5
1471.65	2167
1473.02	2150.5
1474.39	2195
1475.76	2168.5
1477.14	2148.5
1478.51	2165
1479.88	2160
1481.25	2149
1482.62	2141
1483.99	2161.5
1485.36	2146.5
1486.73	2132.5
1488.1	2114
1489.47	2159
1490.84	2166
1492.21	2208.5
1493.58	2216.5
1494.95	2219.5
1496.32	2185.5
1497.69	2225.5
1499.06	2225
1500.42	2187
1501.79	2173
1503.16	2191
1504.53	2200.5
1505.89	2141.5
1507.26	2218.5
1508.63	2213
1509.99	2199.5
1511.36	2185.5
1512.72	2246
1514.09	2209
1515.45	2208
1516.82	2190
1518.18	2182.5
1519.55	2182.5
1520.91	2219.5
1522.27	2198.5
1523.64	2187.5
1525	2198.5
1526.36	2170
1527.72	2242.5
1529.09	2180
1530.45	2242.5
1531.81	2244.5
1533.17	2181
1534.53	2168
1535.89	2177.5
1537.25	2125
1538.62	2175
1539.98	2187
1541.34	2216
1542.7	2220.5
1544.05	2213
1545.41	2186
1546.77	2204
1548.13	2166.5
1549.49	2199
1550.85	2227
1552.21	2185.5
1553.56	2210
1554.92	2187.5
1556.28	2242.5
1557.64	2237.5
1558.99	2190
1560.35	2198
1561.7	2233.5
1563.06	2183
1564.42	2174.5
1565.77	2238.5
1567.13	2222
1568.48	2250.5
1569.84	2226.5
1571.19	2208.5
1572.55	2255.5
1573.9	2245
1575.25	2211
1576.6	2235.5
1577.96	2251.5
1579.31	2237.5
1580.66	2258
1582.02	2204
1583.37	2232.5
1584.72	2237.5
1586.07	2216
1587.42	2249.5
1588.77	2287
1590.12	2250
1591.47	2259
1592.83	2229.5
1594.17	2234.5
1595.53	2299.5
1596.87	2262
1598.22	2212.5
1599.57	2292
1600.92	2288.5
1602.27	2275.5
1603.62	2270
1604.96	2245.5
1606.31	2252.5
1607.66	2265
1609.01	2263.5
1610.35	2300.5
1611.7	2260
1613.05	2260
1614.39	2270
1615.74	2261
1617.09	2236
1618.43	2256
1619.78	2237
1621.12	2243
1622.47	2251
1623.81	2233
1625.15	2235
1626.5	2255.5
1627.84	2264.5
1629.18	2219.5
1630.53	2224.5
1631.87	2258.5
1633.21	2274.5
1634.55	2220.5
1635.9	2247
1637.24	2226
1638.58	2234
1639.92	2242.5
1641.26	2215.5
1642.6	2263
1643.94	2211
1645.28	2221
1646.62	2203.5
1647.96	2210
1649.3	2248.5
1650.64	2245.5
1651.98	2229.5
1653.32	2213.5
1654.66	2250
1656	2216
1657.34	2208.5
1658.67	2256
1660.01	2240
1661.35	2195.5
1662.68	2247
1664.02	2238
1665.36	2249
1666.69	2253.5
1668.03	2207
1669.37	2198.5
1670.7	2273.5
1672.04	2194.5
1673.37	2213.5
1674.71	2196.5
1676.04	2225.5
1677.38	2224
1678.71	2210.5
1680.04	2211
1681.38	2235.5
1682.71	2242.5
1684.04	2205.5
1685.37	2234.5
1686.71	2158.5
1688.04	2230.5
1689.37	2211
1690.7	2209.5
1692.03	2229.5
1693.37	2271.5
1694.69	2214
1696.03	2223.5
1697.36	2240
1698.69	2237
1700.02	2243
1701.35	2231.5
1702.67	2252.5
1704.01	2259
1705.33	2265
1706.66	2248.5
1707.99	2269.5
1709.32	2284
1710.65	2263
1711.97	2278.5
1713.3	2286.5
1714.63	2289
1715.95	2243
1717.28	2262
1718.61	2245.5
1719.93	2263.5
1721.26	2245.5
1722.59	2271
1723.91	2259.5
1725.24	2315
1726.56	2237
1727.89	2291.5
1729.21	2280.5
1730.53	2233.5
1731.86	2267
1733.18	2263
1734.5	2252
1735.83	2247.5
1737.15	2228
1738.47	2252.5
1739.79	2247
1741.12	2223.5
1742.44	2243.5
1743.76	2266.5
1745.08	2293.5
1746.4	2291.5
1747.72	2248
1749.04	2254
1750.36	2314
1751.68	2231.5
1753	2250
1754.32	2246
1755.64	2261.5
1756.96	2199
1758.28	2242.5
1759.6	2209.5
1760.92	2268.5
1762.23	2271.5
1763.55	2245.5
1764.87	2279.5
1766.19	2233.5
1767.5	2221.5
1768.82	2260.5
1770.14	2220
1771.45	2243
1772.77	2256
1774.09	2245.5
1775.4	2253
1776.72	2238.5
1778.03	2258.5
1779.35	2275
1780.66	2299.5
1781.98	2276
1783.29	2281
1784.6	2239.5
1785.92	2228.5
1787.23	2278
1788.54	2226.5
1789.85	2244
1791.17	2314.5
1792.48	2253
1793.79	2297.5
1795.1	2240.5
1796.41	2222.5
1797.73	2276
1799.04	2261
1800.35	2224.5
1801.66	2244
1802.97	2273.5
1804.28	2262
1805.59	2313
1806.9	2293
1808.21	2223.5
1809.52	2234.5
1810.83	2257
1812.13	2250.5
1813.44	2231
1814.75	2318
1816.06	2310
1817.37	2209
1818.67	2265.5
1819.98	2256
1821.29	2245.5
1822.59	2271
1823.9	2265.5
1825.21	2226
1826.51	2232.5
1827.82	2295
1829.12	2243.5
1830.43	2238
1831.73	2263.5
1833.04	2261.5
1834.34	2214
1835.65	2256
1836.95	2234.5
1838.25	2236.5
1839.56	2268.5
1840.86	2242.5
1842.16	2236.5
1843.46	2248.5
1844.77	2260.5
1846.07	2261.5
1847.37	2234.5
1848.67	2257
1849.97	2271
1851.27	2241.5
1852.57	2278.5
1853.87	2262.5
1855.18	2272.5
1856.48	2256.5
1857.77	2229
1859.07	2249
1860.37	2267.5
1861.67	2250
1862.97	2245
1864.27	2273.5
1865.57	2244.5
1866.87	2242
1868.16	2243.5
1869.46	2227.5
1870.76	2263.5
1872.06	2279
1873.35	2251
1874.65	2255
1875.95	2221.5
1877.24	2261.5
1878.54	2207.5
1879.83	2274
1881.13	2257
1882.42	2294
1883.72	2279.5
1885.01	2251.5
1886.31	2277.5
1887.6	2265
1888.89	2275
1890.19	2257.5
1891.48	2253
1892.78	2254
1894.07	2299
1895.36	2269
1896.65	2308
1897.95	2281
1899.24	2259
1900.53	2236
1901.82	2262
1903.11	2241.5
1904.4	2264.5
1905.69	2239.5
1906.98	2224
1908.27	2258.5
1909.56	2266.5
1910.85	2299
1912.14	2251.5
1913.43	2269
1914.72	2308.5
1916.01	2285
1917.3	2289
1918.59	2274.5
1919.87	2260.5
1921.16	2287.5
1922.45	2237
1923.74	2270.5
1925.02	2282
1926.31	2310.5
1927.6	2300
1928.88	2283.5
1930.17	2278
1931.45	2297.5
1932.74	2271.5
1934.03	2260.5
1935.31	2263.5
1936.59	2291.5
1937.88	2249
1939.16	2305.5
1940.45	2347
1941.73	2275
