492.825	3339.5
494.381	3303.5
495.936	3265.5
497.494	3313.5
499.049	3324.5
500.603	3339.5
502.158	3317
503.712	3337.5
505.266	3305.5
506.819	3364
508.375	3301
509.928	3280.5
511.481	3340.5
513.034	3282
514.586	3272.5
516.138	3357.5
517.69	3315.5
519.241	3280
520.793	3323
522.344	3281.5
523.894	3278.5
525.445	3266.5
526.995	3273.5
528.545	3239.5
530.095	3270.5
531.644	3266
533.193	3254
534.74	3259.5
536.289	3282
537.837	3266
539.385	3326.5
540.933	3296
542.481	3260.5
544.028	3275.5
545.573	3206.5
547.12	3175
548.667	3241.5
550.213	3219.5
551.759	3169
553.303	3082
554.848	3116.5
556.393	3130.5
557.938	3084.5
559.481	3155
561.025	3116.5
562.57	3135
564.111	3135
565.655	3117.5
567.199	3099.5
568.74	3124.5
570.283	3080
571.823	3173
573.366	3162
574.908	3106
576.447	3171
577.989	3173
579.528	3238.5
581.069	3264
582.608	3266
584.149	3188
585.687	3247.5
587.227	3274.5
588.765	3231.5
590.304	3244
591.841	3172
593.38	3232.5
594.917	3230
596.453	3277.5
597.992	3242
599.528	3269.5
601.065	3313.5
602.601	3290.5
604.136	3321
605.673	3332
607.207	3357.5
608.742	3244
610.278	3163.5
611.812	3159
613.345	3117
614.879	3076.5
616.414	2961.5
617.946	3020.5
619.479	2990
621.011	2979
622.543	2957.5
624.077	2881.5
625.609	2891.5
627.14	2842
628.671	2800.5
630.202	2870
631.732	2880
633.262	2834.5
634.792	2808
636.322	2810.5
637.854	2827.5
639.383	2869
640.912	2853.5
642.44	2890
643.969	2805
645.497	2821
647.025	2830
648.552	2819.5
650.08	2866
651.605	2863.5
653.132	2884
654.659	2890
656.185	2838.5
657.711	2839.5
659.237	2882.5
660.762	2904
662.288	2873
663.811	2876.5
665.336	2885.5
666.86	2866.5
668.385	2893
669.909	2910.5
671.43	2913.5
672.954	2882
674.477	2838
676	2852.5
677.521	2841.5
679.044	2834
680.566	2819.5
682.086	2837
683.608	2863.5
685.129	2847
686.648	2840
688.169	2790
689.688	2786
691.209	2813
692.729	2824.5
694.247	2822.5
695.766	2783.5
697.284	2809
698.803	2808
700.32	2838
701.839	2792.5
703.355	2849.5
704.873	2790
706.389	2862.5
707.907	2813
709.422	2817
710.938	2794.5
712.455	2819
713.969	2796.5
715.486	2825
717	2779.5
718.514	2842.5
720.027	2783.5
721.543	2795.5
723.056	2792
724.569	2800.5
726.083	2775.5
727.596	2807
729.108	2809
730.62	2765
732.133	2759.5
733.645	2789
735.156	2847
736.667	2757
738.177	2743.5
739.688	2763.5
741.198	2804.5
742.71	2755
744.219	2814
745.728	2812
747.238	2765.5
748.746	2782
750.255	2831.5
751.763	2802.5
753.271	2770.5
754.779	2805
756.287	2809.5
757.794	2842.5
759.301	2824.5
760.808	2845
762.315	2866.5
763.819	2847.5
765.325	2879.5
766.831	2900
768.336	2876
769.842	2863
771.347	2912
772.852	2917.5
774.354	2945
775.859	2940.5
777.363	2938
778.866	2874
780.368	2961.5
781.871	2942.5
783.374	2915.5
784.877	2935.5
786.378	2953.5
787.88	2947.5
789.382	3003.5
790.882	3030
792.383	3048
793.883	2982
795.384	3066
796.885	3067
798.383	3075.5
799.883	3179
801.382	3244.5
802.881	3252.5
804.379	3286.5
805.878	3335
807.375	3478.5
808.874	3578.5
810.371	3738.5
811.867	3919.5
813.365	4178.5
814.861	4558
816.358	5029.5
817.854	5606.5
819.349	6372
820.846	6920.5
822.34	7222
823.835	7079.5
825.331	6539
826.824	6033.5
828.318	5484
829.811	5130.5
831.306	4873.5
832.799	4670
834.292	4596
835.784	4553.5
837.276	4528.5
838.768	4511
840.262	4707.5
841.753	4919
843.244	5189
844.735	5513.5
846.226	6112.5
847.716	6710.5
849.206	7566
850.696	8360.5
852.186	9180.5
853.675	9570
855.164	9520
856.653	8983.5
858.142	8116
859.63	7228.5
861.118	6564.5
862.606	5885
864.094	5328
865.579	4898
867.066	4624.5
868.553	4321.5
870.04	4087
871.526	3917.5
873.013	3841
874.497	3708.5
875.982	3688
877.468	3707
878.953	3711.5
880.436	3747.5
881.921	3629.5
883.405	3560
884.887	3474
886.371	3367.5
887.855	3227
889.336	3144
890.82	3151.5
892.301	3110
893.783	3045.5
895.264	3070.5
896.746	3047
898.226	3044.5
899.708	3025.5
901.187	3005
902.669	3048
904.148	3025
905.629	2963.5
907.107	3027.5
908.587	3038
910.065	3013
911.543	3088
913.023	3084.5
914.5	3100
915.977	3165.5
917.456	3133.5
918.933	3113
920.409	3085.5
921.885	3034
923.363	3021.5
924.839	3043.5
926.314	3077.5
927.789	3026
929.264	3005.5
930.741	3075.5
932.215	3057
933.689	3063.5
935.163	3054
936.637	3053
938.11	3111.5
939.584	3116
941.057	3222.5
942.529	3205.5
944.002	3203.5
945.474	3289.5
946.946	3368
948.418	3403.5
949.889	3419.5
951.36	3532
952.831	3547
954.302	3558
955.773	3600.5
957.243	3554.5
958.711	3608.5
960.181	3473
961.651	3460.5
963.12	3431
964.589	3341
966.056	3319
967.524	3219
968.993	3189.5
970.459	3139
971.927	3107.5
973.395	3128.5
974.86	3051
976.327	3013
977.794	3028
979.259	2996
980.725	2978
982.189	3009
983.655	2960.5
985.119	2963
986.585	2936.5
988.048	2938.5
989.513	2897.5
990.976	2915.5
992.44	2888.5
993.902	2917
995.366	2931.5
996.828	2885
998.29	2879.5
999.753	2852.5
1001.21	2931.5
1002.68	2885.5
1004.14	2816.5
1005.6	2806
1007.06	2825.5
1008.52	2807
1009.98	2756.5
1011.44	2811.5
1012.9	2795.5
1014.36	2822.5
1015.82	2808
1017.28	2806.5
1018.73	2812
1020.19	2795
1021.65	2772
1023.11	2755
1024.57	2719.5
1026.02	2667.5
1027.48	2764
1028.94	2743.5
1030.39	2717.5
1031.85	2671
1033.3	2664
1034.76	2693.5
1036.22	2674.5
1037.67	2674.5
1039.13	2656.5
1040.58	2669
1042.03	2719
1043.49	2658
1044.94	2667
1046.39	2609
1047.85	2668
1049.3	2586
1050.75	2581.5
1052.2	2562.5
1053.66	2533
1055.11	2516
1056.56	2494
1058.01	2530.5
1059.46	2464
1060.91	2506.5
1062.36	2473
1063.81	2442.5
1065.26	2488.5
1066.71	2435.5
1068.16	2425.5
1069.61	2444.5
1071.06	2432
1072.51	2417.5
1073.95	2404.5
1075.4	2420.5
1076.85	2402.5
1078.3	2440
1079.74	2404
1081.19	2397.5
1082.64	2389
1084.08	2379
1085.53	2370.5
1086.98	2395
1088.42	2300.5
1089.87	2382
1091.31	2357.5
1092.76	2363.5
1094.2	2329.5
1095.64	2327.5
1097.09	2324.5
1098.53	2331
1099.97	2305
1101.42	2315.5
1102.86	2300
1104.3	2305.5
1105.75	2303.5
1107.19	2291.5
1108.63	2263.5
1110.07	2257.5
1111.51	2244
1112.95	2249.5
1114.39	2229
1115.83	2228
1117.27	2214.5
1118.71	2228
1120.15	2230
1121.59	2244
1123.03	2236
1124.47	2193.5
1125.91	2207.5
1127.35	2217
1128.78	2219
1130.22	2217
1131.66	2185
1133.1	2200.5
1134.53	2219.5
1135.97	2191.5
1137.4	2205.5
1138.84	2199.5
1140.28	2166
1141.71	2172.5
1143.15	2216.5
1144.58	2176
1146.02	2170
1147.45	2153.5
1148.88	2199.5
1150.32	2133
1151.75	2147.5
1153.18	2137
1154.62	2163.5
1156.05	2158
1157.48	2138
1158.92	2149.5
1160.35	2112.5
1161.78	2150.5
1163.21	2103
1164.64	2135
1166.07	2093
1167.5	2132
1168.93	2113
1170.36	2100
1171.79	2076.5
1173.22	2104.5
1174.65	2128
1176.08	2080
1177.51	2150
1178.94	2109
1180.37	2042.5
1181.79	2095.5
1183.22	2108.5
1184.65	2047
1186.08	2112
1187.5	2109
1188.93	2080.5
1190.35	2084.5
1191.78	2135.5
1193.21	2057.5
1194.63	2073.5
1196.06	2087.5
1197.48	2076.5
1198.91	2027.5
1200.33	2042.5
1201.76	2064.5
1203.18	2093
1204.6	2067
1206.03	2061.5
1207.45	2036
1208.87	2071
1210.29	2040
1211.72	2062
1213.14	2040.5
1214.56	2075.5
1215.98	2073.5
1217.4	2055.5
1218.82	2028
1220.25	2063
1221.66	2007.5
1223.09	2077
1224.5	2069
1225.93	2044.5
1227.34	2047.5
1228.76	2044.5
1230.18	2054
1231.6	2075.5
1233.02	2021.5
1234.44	2050.5
1235.85	2057
1237.27	2061.5
1238.69	2004
1240.11	2058
1241.52	2041.5
1242.94	2044.5
1244.35	2037.5
1245.77	1975.5
1247.19	2051
1248.6	2041.5
1250.02	2016
1251.43	2048
1252.85	2068.5
1254.26	2043
1255.67	2001
1257.09	2032
1258.5	1990.5
1259.92	2011
1261.33	2013
1262.74	2067
1264.15	2037
1265.56	2113
1266.98	2088
1268.39	1987.5
1269.8	2045.5
1271.21	2040.5
1272.62	2026
1274.03	2024.5
1275.44	2020
1276.85	2041.5
1278.26	1989.5
1279.67	2026
1281.08	2028.5
1282.49	2017.5
1283.9	2050
1285.31	2155
1286.71	2453.5
1288.12	2127.5
1289.53	2071.5
1290.94	2058.5
1292.34	2058.5
1293.75	2065
1295.16	2042.5
1296.56	1985
1297.97	2053.5
1299.38	2025.5
1300.78	1984.5
1302.19	2029.5
1303.59	2029.5
1305	2046
1306.4	2047.5
1307.8	2029
1309.21	2065
1310.61	2007.5
1312.01	2011.5
1313.42	2055.5
1314.82	2048
1316.22	2037
1317.63	2032.5
1319.03	2033
1320.43	2045
1321.83	2021.5
1323.23	2036
1324.63	2027
1326.03	2057
1327.44	2057
1328.84	2020
1330.24	2011
1331.63	2019.5
1333.03	2040
1334.43	2053.5
1335.83	2025
1337.23	2020
1338.63	2043
1340.03	2042.5
1341.42	2069.5
1342.82	2058.5
1344.22	2021.5
1345.62	2068.5
1347.01	2073
1348.41	2102.5
1349.81	2030.5
1351.2	2015
1352.6	2030.5
1353.99	2028
1355.39	2069.5
1356.78	2096
1358.18	2075
1359.57	2070.5
1360.97	2009.5
1362.36	2022
1363.75	2063.5
1365.15	2046.5
1366.54	2047.5
1367.93	2061.5
1369.33	2029.5
1370.72	2062.5
1372.11	2059
1373.5	2074.5
1374.89	2033
1376.28	2080.5
1377.68	2031
1379.07	2033.5
1380.46	2116
1381.85	2043
1383.24	2106
1384.63	2094
1386.02	2098
1387.4	2095
1388.79	2596.5
1390.18	2481
1391.57	2091.5
1392.96	2086
1394.35	2117.5
1395.73	2064
1397.12	2058.5
1398.51	2074
1399.89	2114.5
1401.28	2095
1402.67	2089
1404.05	2085
1405.44	2050
1406.83	2064
1408.21	2093
1409.59	2160.5
1410.98	2180.5
1412.36	2104.5
1413.75	2123.5
1415.13	2102
1416.52	2074
1417.9	2118.5
1419.28	2085.5
1420.67	2081
1422.05	2089
1423.43	2082.5
1424.81	2066
1426.19	2090.5
1427.58	2088.5
1428.96	2068.5
1430.34	2096.5
1431.72	2061
1433.1	2104
1434.48	2098.5
1435.86	2113.5
1437.24	2111
1438.62	2073.5
1440	2066.5
1441.38	2089.5
1442.76	2056.5
1444.13	2109.5
1445.51	2080
1446.89	2091
1448.27	2091
1449.64	2101.5
1451.02	2100
1452.4	2103.5
1453.78	2125.5
1455.15	2115.5
1456.53	2046.5
1457.9	2089
1459.28	2114.5
1460.65	2077
1462.03	2067
1463.4	2126.5
1464.78	2074
1466.15	2074.5
1467.53	2111.5
1468.9	2038
1470.27	2058
1471.65	2083.5
1473.02	2073.5
1474.39	2091.5
1475.76	2111.5
1477.14	2065
1478.51	2047
1479.88	2046.5
1481.25	2049.5
1482.62	2072.5
1483.99	2081.5
1485.36	2026.5
1486.73	2028
1488.1	2067.5
1489.47	2014
1490.84	2070.5
1492.21	2069
1493.58	2082.5
1494.95	2066
1496.32	2125.5
1497.69	2087
1499.06	2112.5
1500.42	2093.5
1501.79	2078
1503.16	2100
1504.53	2112.5
1505.89	2039.5
1507.26	2104
1508.63	2093.5
1509.99	2071.5
1511.36	2075.5
1512.72	2110.5
1514.09	2071
1515.45	2118
1516.82	2100.5
1518.18	2077.5
1519.55	2063
1520.91	2088.5
1522.27	2118.5
1523.64	2097.5
1525	2109.5
1526.36	2141.5
1527.72	2092.5
1529.09	2081
1530.45	2064.5
1531.81	2097.5
1533.17	2129
1534.53	2143
1535.89	2104
1537.25	2091
1538.62	2068
1539.98	2091.5
1541.34	2083
1542.7	2099
1544.05	2075
1545.41	2128.5
1546.77	2090
1548.13	2107.5
1549.49	2092.5
1550.85	2133
1552.21	2117
1553.56	2146.5
1554.92	2153
1556.28	2122.5
1557.64	2125.5
1558.99	2130
1560.35	2087.5
1561.7	2100.5
1563.06	2095
1564.42	2102.5
1565.77	2184
1567.13	2146.5
1568.48	2116
1569.84	2108.5
1571.19	2137
1572.55	2130.5
1573.9	2158.5
1575.25	2113
1576.6	2131.5
1577.96	2168.5
1579.31	2187
1580.66	2175
1582.02	2153
1583.37	2149
1584.72	2148.5
1586.07	2126.5
1587.42	2127
1588.77	2190
1590.12	2149
1591.47	2179
1592.83	2167
1594.17	2126.5
1595.53	2182
1596.87	2172
1598.22	2163
1599.57	2192
1600.92	2148
1602.27	2175.5
1603.62	2173.5
1604.96	2155.5
1606.31	2160.5
1607.66	2185.5
1609.01	2164.5
1610.35	2172
1611.7	2198
1613.05	2148.5
1614.39	2118
1615.74	2196
1617.09	2170
1618.43	2162.5
1619.78	2143
1621.12	2137.5
1622.47	2134.5
1623.81	2141
1625.15	2135
1626.5	2162
1627.84	2138.5
1629.18	2164.5
1630.53	2117.5
1631.87	2139.5
1633.21	2176.5
1634.55	2111.5
1635.9	2128.5
1637.24	2145
1638.58	2173.5
1639.92	2131.5
1641.26	2146
1642.6	2129
1643.94	2132.5
1645.28	2150.5
1646.62	2159.5
1647.96	2173.5
1649.3	2158.5
1650.64	2118
1651.98	2165
1653.32	2103.5
1654.66	2185
1656	2134
1657.34	2161
1658.67	2125.5
1660.01	2135.5
1661.35	2141.5
1662.68	2138.5
1664.02	2117.5
1665.36	2138
1666.69	2180.5
1668.03	2153.5
1669.37	2142
1670.7	2217
1672.04	2152.5
1673.37	2113
1674.71	2164
1676.04	2155.5
1677.38	2158
1678.71	2177.5
1680.04	2133.5
1681.38	2161
1682.71	2104.5
1684.04	2128.5
1685.37	2159
1686.71	2128
1688.04	2130.5
1689.37	2160
1690.7	2138.5
1692.03	2163
1693.37	2154.5
1694.69	2146
1696.03	2131.5
1697.36	2160
1698.69	2196.5
1700.02	2132.5
1701.35	2182
1702.67	2147.5
1704.01	2185.5
1705.33	2176
1706.66	2202
1707.99	2173.5
1709.32	2225
1710.65	2190.5
1711.97	2163.5
1713.3	2172.5
1714.63	2189
1715.95	2215
1717.28	2186.5
1718.61	2200.5
1719.93	2158
1721.26	2190.5
1722.59	2211
1723.91	2210
1725.24	2183.5
1726.56	2184
1727.89	2211.5
1729.21	2216.5
1730.53	2173
1731.86	2191.5
1733.18	2166.5
1734.5	2211.5
1735.83	2218
1737.15	2221
1738.47	2179
1739.79	2163
1741.12	2201
1742.44	2147
1743.76	2156
1745.08	2219
1746.4	2166.5
1747.72	2152.5
1749.04	2178.5
1750.36	2171
1751.68	2155.5
1753	2192
1754.32	2202.5
1755.64	2215.5
1756.96	2148.5
1758.28	2158
1759.6	2202.5
1760.92	2193.5
1762.23	2165.5
1763.55	2174.5
1764.87	2200
1766.19	2175
1767.5	2191.5
1768.82	2175.5
1770.14	2168
1771.45	2184.5
1772.77	2177.5
1774.09	2195
1775.4	2174
1776.72	2180.5
1778.03	2155
1779.35	2155
1780.66	2179.5
1781.98	2173.5
1783.29	2205.5
1784.6	2176.5
1785.92	2203.5
1787.23	2165
1788.54	2145.5
1789.85	2146
1791.17	2193
1792.48	2207
1793.79	2134
1795.1	2205.5
1796.41	2201
1797.73	2209.5
1799.04	2192
1800.35	2160
1801.66	2192.5
1802.97	2198
1804.28	2163
1805.59	2173
1806.9	2206.5
1808.21	2205.5
1809.52	2168.5
1810.83	2176
1812.13	2207
1813.44	2208
1814.75	2183.5
1816.06	2208
1817.37	2189
1818.67	2186
1819.98	2216
1821.29	2206.5
1822.59	2144
1823.9	2199.5
1825.21	2183.5
1826.51	2192.5
1827.82	2207.5
1829.12	2150
1830.43	2194
1831.73	2191
1833.04	2228.5
1834.34	2206.5
1835.65	2162
1836.95	2174
1838.25	2152.5
1839.56	2178
1840.86	2168
1842.16	2148.5
1843.46	2200
1844.77	2163
1846.07	2180
1847.37	2178
1848.67	2233
1849.97	2164.5
1851.27	2183.5
1852.57	2144.5
1853.87	2201.5
1855.18	2212
1856.48	2183.5
1857.77	2213.5
1859.07	2184
1860.37	2162
1861.67	2175.5
1862.97	2210.5
1864.27	2211.5
1865.57	2183
1866.87	2193
1868.16	2167
1869.46	2250.5
1870.76	2184
1872.06	2200.5
1873.35	2176
1874.65	2212.5
1875.95	2184
1877.24	2192.5
1878.54	2224.5
1879.83	2177
1881.13	2137
1882.42	2193
1883.72	2213
1885.01	2118.5
1886.31	2175.5
1887.6	2184.5
1888.89	2168.5
1890.19	2227
1891.48	2202.5
1892.78	2195.5
1894.07	2180.5
1895.36	2217.5
1896.65	2204.5
1897.95	2194.5
1899.24	2162
1900.53	2181
1901.82	2192.5
1903.11	2212.5
1904.4	2199
1905.69	2209
1906.98	2234
1908.27	2195.5
1909.56	2244
1910.85	2205.5
1912.14	2177
1913.43	2233.5
1914.72	2208
1916.01	2226.5
1917.3	2175.5
1918.59	2203.5
1919.87	2223.5
1921.16	2188
1922.45	2213
1923.74	2245
1925.02	2240
1926.31	2255.5
1927.6	2199
1928.88	2205
1930.17	2200.5
1931.45	2229.5
1932.74	2197
1934.03	2223
1935.31	2230
1936.59	2217
1937.88	2196
1939.16	2254
1940.45	2195
1941.73	2209
