492.846	126
494.401	108
495.957	118
497.512	118
499.067	107
500.622	138
502.178	136
503.732	118
505.286	136
506.84	118
508.393	135
509.946	116
511.499	129
513.052	104
514.604	128
516.156	115
517.71	126
519.262	130
520.813	110
522.364	114
523.915	108
525.463	108
527.013	112
528.563	102
530.113	120
531.662	128
533.212	109
534.76	129
536.309	108
537.858	108
539.406	115
540.953	113
542.499	122
544.046	114
545.593	106
547.14	115
548.687	125
550.231	116
551.777	130
553.323	124
554.868	108
556.412	117
557.956	114
559.501	120
561.046	114
562.588	132
564.132	114
565.675	125
567.217	108
568.76	115
570.301	129
571.843	118
573.386	126
574.926	111
576.468	100
578.007	126
579.549	125
581.088	127
582.628	123
584.167	128
585.707	120
587.245	114
588.785	109
590.322	127
591.862	123
593.399	126
594.937	184
596.474	350
598.01	640
599.548	284
601.083	131
602.621	129
604.156	119
605.691	124
607.228	128
608.762	103
610.296	116
611.83	117
613.365	126
614.899	110
616.432	109
617.965	122
619.499	124
621.031	126
622.564	126
624.095	126
625.627	120
627.158	118
628.691	143
630.222	126
631.752	116
633.283	128
634.813	118
636.342	124
637.872	136
639.401	170
640.93	175
642.458	130
643.987	131
645.515	124
647.043	127
648.571	117
650.098	118
651.625	132
653.152	145
654.679	159
656.205	118
657.731	123
659.257	106
660.781	116
662.306	121
663.831	120
665.356	120
666.88	124
668.403	117
669.927	121
671.451	133
672.974	129
674.495	111
676.018	118
677.541	122
679.064	141
680.584	108
682.106	120
683.628	112
685.147	125
686.668	127
688.187	132
689.708	133
691.229	132
692.747	130
694.267	125
695.784	125
697.304	116
698.821	136
700.34	129
701.857	114
703.375	114
704.891	114
706.409	135
707.925	133
709.442	129
710.958	120
712.472	138
713.989	123
715.504	136
717.018	134
718.534	135
720.047	132
721.561	126
723.076	137
724.589	211
726.101	437
727.614	236
729.128	102
730.64	139
732.151	132
733.663	124
735.174	134
736.687	122
738.197	140
739.708	126
741.218	283
742.727	485
744.237	171
745.746	124
747.255	131
748.764	145
750.273	144
751.781	136
753.289	128
754.797	139
756.305	133
757.812	125
759.319	132
760.826	145
762.333	146
763.839	139
765.345	139
766.851	122
768.356	118
769.862	142
771.365	150
772.869	146
774.374	130
775.878	141
777.382	134
778.884	145
780.388	122
781.891	123
783.392	148
784.895	122
786.397	148
787.898	123
789.4	139
790.902	146
792.401	146
793.903	148
795.404	152
796.902	139
798.403	149
799.901	156
801.401	138
802.899	137
804.399	146
805.896	150
807.395	189
808.892	298
810.39	171
811.887	151
813.383	165
814.881	164
816.376	172
817.873	438
819.369	4027
820.863	7470
822.36	759
823.854	190
825.348	180
826.842	158
828.338	162
829.831	159
831.324	147
832.817	168
834.312	163
835.804	140
837.296	143
838.788	138
840.28	168
841.771	157
843.262	141
844.753	147
846.245	124
847.736	150
849.226	158
850.716	153
852.205	148
853.695	157
855.184	140
856.673	158
858.161	141
859.648	154
861.136	161
862.624	230
864.112	182
865.599	150
867.086	143
868.573	166
870.06	156
871.544	164
873.03	163
874.516	147
876.002	143
877.485	142
878.971	166
880.455	157
881.938	152
883.423	157
884.907	146
886.389	155
887.872	149
889.356	156
890.837	157
892.32	140
893.801	156
895.283	176
896.766	154
898.246	160
899.727	174
901.207	145
902.686	152
904.167	190
905.646	304
907.127	164
908.605	164
910.085	160
911.563	160
913.04	150
914.52	156
915.997	164
917.474	176
918.952	166
920.429	152
921.905	162
923.381	155
924.856	156
926.334	168
927.809	148
929.284	160
930.758	155
932.233	159
933.707	168
935.183	168
936.656	174
938.13	174
939.603	162
941.076	166
942.549	166
944.021	158
945.493	175
946.965	146
948.437	162
949.909	164
951.38	160
952.849	163
954.32	183
955.79	168
957.261	167
958.731	166
960.2	164
961.67	157
963.137	166
964.606	182
966.075	181
967.544	176
969.01	162
970.478	177
971.946	160
973.412	168
974.879	176
976.346	177
977.811	160
979.278	186
980.743	167
982.209	172
983.675	176
985.138	170
986.604	171
988.067	175
989.532	162
990.995	184
992.458	172
993.922	170
995.384	190
996.848	184
998.309	188
999.771	168
1001.23	172
1002.69	186
1004.16	173
1005.62	176
1007.08	164
1008.54	164
1010	164
1011.46	181
1012.92	180
1014.38	174
1015.84	160
1017.29	167
1018.75	180
1020.21	185
1021.67	194
1023.13	166
1024.58	183
1026.04	189
1027.5	196
1028.96	172
1030.41	180
1031.87	193
1033.32	179
1034.78	186
1036.23	189
1037.69	172
1039.14	186
1040.6	211
1042.05	172
1043.51	197
1044.96	192
1046.41	164
1047.86	190
1049.32	178
1050.77	186
1052.22	200
1053.67	184
1055.13	186
1056.58	204
1058.03	196
1059.48	198
1060.93	200
1062.38	210
1063.83	204
1065.28	198
1066.73	205
1068.18	215
1069.63	210
1071.08	204
1072.53	188
1073.97	202
1075.42	210
1076.87	193
1078.32	222
1079.76	216
1081.21	205
1082.66	205
1084.1	219
1085.55	196
1086.99	235
1088.44	212
1089.89	212
1091.33	217
1092.77	207
1094.22	217
1095.66	210
1097.11	221
1098.55	242
1099.99	223
1101.44	237
1102.88	270
1104.32	1082
1105.76	2485
1107.2	294
1108.65	246
1110.09	246
1111.53	236
1112.97	290
1114.41	425
1115.85	2486
1117.29	9231
1118.73	12890
1120.17	492
1121.61	322
1123.05	285
1124.49	279
1125.93	273
1127.36	244
1128.8	256
1130.24	240
1131.68	268
1133.11	286
1134.55	448
1135.99	4088
1137.42	2130
1138.86	282
1140.29	266
1141.73	226
1143.17	258
1144.6	256
1146.03	262
1147.47	234
1148.9	252
1150.34	252
1151.77	264
1153.2	263
1154.64	224
1156.07	254
1157.5	220
1158.93	250
1160.37	245
1161.8	254
1163.23	258
1164.66	261
1166.09	263
1167.52	256
1168.95	254
1170.38	262
1171.81	228
1173.24	265
1174.67	260
1176.1	252
1177.53	252
1178.96	231
1180.38	255
1181.81	261
1183.24	269
1184.67	276
1186.09	265
1187.52	278
1188.95	258
1190.37	264
1191.8	295
1193.23	273
1194.65	258
1196.08	256
1197.5	266
1198.93	296
1200.35	268
1201.77	279
1203.2	279
1204.62	322
1206.05	305
1207.47	280
1208.89	270
1210.31	286
1211.73	319
1213.16	301
1214.58	343
1216	342
1217.42	364
1218.84	637
1220.26	6290
1221.68	7306
1223.1	433
1224.52	340
1225.94	314
1227.36	310
1228.78	316
1230.2	314
1231.62	302
1233.04	310
1234.45	320
1235.87	316
1237.29	315
1238.71	296
1240.12	310
1241.54	318
1242.96	307
1244.37	304
1245.79	305
1247.2	320
1248.62	332
1250.03	312
1251.45	324
1252.86	315
1254.28	326
1255.69	310
1257.11	312
1258.52	292
1259.93	330
1261.35	320
1262.76	321
1264.17	322
1265.58	332
1267	341
1268.41	346
1269.82	335
1271.23	330
1272.64	348
1274.05	344
1275.46	330
1276.87	342
1278.28	332
1279.69	352
1281.1	332
1282.51	335
1283.92	350
1285.32	358
1286.73	334
1288.14	332
1289.55	352
1290.95	366
1292.36	364
1293.77	342
1295.18	356
1296.58	372
1297.99	376
1299.39	566
1300.8	409
1302.2	370
1303.61	390
1305.01	374
1306.42	418
1307.82	428
1309.23	951
1310.63	6029
1312.03	7100
1313.44	806
1314.84	420
1316.24	406
1317.64	406
1319.05	400
1320.45	415
1321.85	423
1323.25	397
1324.65	427
1326.05	406
1327.45	427
1328.85	408
1330.25	417
1331.65	434
1333.05	415
1334.45	443
1335.85	437
1337.25	409
1338.65	417
1340.05	448
1341.44	414
1342.84	430
1344.24	450
1345.63	446
1347.03	434
1348.43	439
1349.82	430
1351.22	448
1352.61	462
1354.01	455
1355.41	468
1356.8	463
1358.19	514
1359.59	473
1360.98	426
1362.38	452
1363.77	457
1365.16	491
1366.56	494
1367.95	482
1369.34	474
1370.73	545
1372.13	558
1373.52	507
1374.91	522
1376.3	527
1377.69	512
1379.08	593
1380.47	533
1381.86	510
1383.25	514
1384.64	494
1386.03	555
1387.42	598
1388.81	590
1390.2	576
1391.59	568
1392.98	584
1394.36	652
1395.75	779
1397.14	1043
1398.53	6956
1399.91	48384
1401.3	6546
1402.68	898
1404.07	732
1405.46	710
1406.84	653
1408.23	651
1409.61	658
1411	652
1412.38	666
1413.77	620
1415.15	652
1416.53	672
1417.92	648
1419.3	682
1420.68	652
1422.06	652
1423.45	680
1424.83	718
1426.21	740
1427.59	682
1428.97	738
1430.36	737
1431.74	772
1433.12	776
1434.5	826
1435.88	2494
1437.26	6171
1438.64	1022
1440.01	890
1441.39	1004
1442.77	1074
1444.15	1437
1445.53	2736
1446.91	21836
1448.29	64525
1449.66	39479
1451.04	2145
1452.41	1533
1453.79	1271
1455.17	1121
1456.54	1056
1457.92	984
1459.3	960
1460.67	957
1462.05	884
1463.42	910
1464.8	956
1466.17	1054
1467.54	915
1468.92	872
1470.29	892
1471.66	924
1473.04	906
1474.41	916
1475.78	910
1477.16	899
1478.53	923
1479.9	895
1481.27	917
1482.64	926
1484.01	886
1485.38	918
1486.75	930
1488.12	951
1489.49	975
1490.86	920
1492.23	973
1493.6	962
1494.97	966
1496.34	1000
1497.71	1014
1499.07	1000
1500.44	962
1501.81	1001
1503.18	1068
1504.54	1028
1505.91	1078
1507.28	1050
1508.64	1056
1510.01	1054
1511.37	1100
1512.74	1036
1514.1	1063
1515.47	1133
1516.83	1082
1518.2	1122
1519.56	1167
1520.93	1092
1522.29	1144
1523.65	1164
1525.02	1200
1526.38	1162
1527.74	1194
1529.1	1255
1530.47	1223
1531.83	1222
1533.19	1260
1534.55	1301
1535.91	1354
1537.27	1294
1538.63	1381
1539.99	1386
1541.35	1379
1542.71	1411
1544.07	1386
1545.43	1369
1546.79	1396
1548.15	1430
1549.51	1442
1550.87	1432
1552.22	1534
1553.58	1530
1554.94	1592
1556.3	1584
1557.65	1516
1559.01	1643
1560.37	1717
1561.72	1739
1563.08	1835
1564.43	1890
1565.79	2789
1567.14	17366
1568.5	33291
1569.85	2802
1571.21	2076
1572.56	2080
1573.92	2127
1575.27	2041
1576.62	2096
1577.97	2187
1579.33	2314
1580.68	2254
1582.03	2381
1583.38	2437
1584.74	2416
1586.09	2468
1587.44	3336
1588.79	7557
1590.14	2893
1591.49	2537
1592.84	2602
1594.19	2574
1595.54	2759
1596.89	2773
1598.24	2689
1599.59	2786
1600.94	2760
1602.29	3069
1603.63	4364
1604.98	3842
1606.33	3132
1607.68	3162
1609.02	3318
1610.37	3629
1611.72	4366
1613.06	14969
1614.41	64525
1615.76	25472
1617.1	4462
1618.45	4062
1619.79	3715
1621.14	3930
1622.48	3889
1623.83	3821
1625.17	3982
1626.51	3928
1627.86	4048
1629.2	4098
1630.54	4106
1631.89	4160
1633.23	4335
1634.57	4572
1635.91	4652
1637.26	4616
1638.6	4749
1639.94	6765
1641.28	5788
1642.62	4980
1643.96	5070
1645.3	5306
1646.64	5406
1647.98	5396
1649.32	5319
1650.66	5482
1652	5542
1653.34	5630
1654.68	5956
1656.01	6021
1657.35	6020
1658.69	6322
1660.03	6477
1661.36	6726
1662.7	6672
1664.04	6922
1665.38	7077
1666.71	7212
1668.05	7415
1669.38	7536
1670.72	7848
1672.05	8011
1673.39	8397
1674.72	8422
1676.06	8640
1677.39	8937
1678.73	9265
1680.06	9482
1681.39	10030
1682.73	10488
1684.06	10534
1685.39	10988
1686.72	11821
1688.06	12778
1689.39	13029
1690.72	13771
1692.05	14807
1693.38	15951
1694.71	17972
1696.04	20030
1697.37	22746
1698.7	26342
1700.03	31376
1701.36	39946
1702.69	52711
1704.02	64525
1705.35	64525
1706.68	64525
1708.01	64525
1709.34	64525
1710.66	64525
1711.99	64525
1713.32	64525
1714.65	64525
1715.97	64525
1717.3	59324
1718.62	48020
1719.95	40973
1721.28	34911
1722.6	29960
1723.93	26940
1725.25	26070
1726.58	23982
1727.9	21492
1729.23	19706
1730.55	18997
1731.87	17962
1733.2	16754
1734.52	17168
1735.84	15989
1737.17	15456
1738.49	15150
1739.81	14617
1741.13	14573
1742.46	14062
1743.78	14291
1745.1	14219
1746.42	14096
1747.74	13464
1749.06	13720
1750.38	14006
1751.7	13570
1753.02	13798
1754.34	14128
1755.66	16394
1756.98	14308
1758.3	13395
1759.62	12726
1760.93	12956
1762.25	12442
1763.57	11797
1764.89	11577
1766.2	15246
1767.52	24861
1768.84	42814
1770.16	12942
1771.47	10392
1772.79	10199
1774.1	10033
1775.42	9495
1776.73	9362
1778.05	9287
1779.36	8884
1780.68	8336
1781.99	8147
1783.31	8163
1784.62	8048
1785.93	8324
1787.25	8891
1788.56	9790
1789.87	11830
1791.19	25200
1792.5	64525
1793.81	64525
1795.12	64525
1796.43	64525
1797.74	46059
1799.05	13984
1800.36	11026
1801.68	9364
1802.99	8657
1804.3	7758
1805.61	7134
1806.91	6825
1808.22	6659
1809.53	6344
1810.84	6066
1812.15	5773
1813.46	5837
1814.77	5717
1816.07	5433
1817.38	5380
1818.69	5264
1820	5165
1821.3	5182
1822.61	4949
1823.92	4904
1825.22	4741
1826.53	4740
1827.83	4473
1829.14	4368
1830.44	4452
1831.75	4440
1833.05	4178
1834.36	4269
1835.66	4348
1836.97	4209
1838.27	4109
1839.57	4158
1840.87	4228
1842.18	4508
1843.48	4018
1844.78	3951
1846.08	3900
1847.39	3802
1848.69	3830
1849.99	4122
1851.29	7456
1852.59	24821
1853.89	64525
1855.19	29105
1856.49	5289
1857.79	3678
1859.09	3559
1860.39	3402
1861.69	3844
1862.99	6582
1864.29	19696
1865.59	37374
1866.88	9756
1868.18	3456
1869.48	3166
1870.78	2955
1872.07	2938
1873.37	2831
1874.67	2775
1875.96	2507
1877.26	2708
1878.55	2778
1879.85	2772
1881.15	2830
1882.44	2969
1883.73	4723
1885.03	11501
1886.32	16704
1887.62	4861
1888.91	2724
1890.2	2608
1891.5	2470
1892.79	2549
1894.08	2432
1895.38	2574
1896.67	2601
1897.96	3063
1899.25	4840
1900.55	10978
1901.84	10241
1903.13	3434
1904.42	2616
1905.71	2612
1907	2571
1908.29	2545
1909.58	2547
1910.87	2592
1912.16	2580
1913.45	2562
1914.74	2524
1916.03	2501
1917.31	2504
1918.6	2523
1919.89	2593
1921.18	2586
1922.46	2664
1923.75	2707
1925.04	2688
1926.33	2725
1927.61	2689
1928.9	2765
1930.18	2769
1931.47	2784
1932.76	2753
1934.04	2834
1935.33	2920
1936.61	2870
1937.9	3002
1939.18	3047
1940.46	3056
1941.75	3145
