1040.88	1002.67
1041.35	1004
1041.81	1005.33
1042.27	1002.33
1042.73	1003.33
1043.2	1004
1043.66	998.333
1044.12	1002
1044.59	1004.33
1045.05	1003
1045.51	1001.67
1045.97	1002.67
1046.43	1004.67
1046.9	1003
1047.36	1005
1047.82	1003.67
1048.29	1002.33
1048.75	1001.67
1049.21	1003
1049.67	1002.67
1050.14	1003.67
1050.6	1002.33
1051.06	1006
1051.52	1002.33
1051.98	1006.67
1052.45	1005
1052.91	1004
1053.37	1008
1053.83	1004.33
1054.29	1005.33
1054.76	1005
1055.22	1004.33
1055.68	1005.67
1056.14	1002
1056.6	1005.67
1057.06	1008.33
1057.53	1010.67
1057.99	1012.33
1058.45	1008.67
1058.91	1008.67
1059.37	1012
1059.83	1008.33
1060.3	1012.67
1060.76	1018
1061.22	1020.67
1061.68	1019.67
1062.14	1021.67
1062.6	1028.33
1063.06	1030
1063.52	1024.33
1063.99	1032
1064.45	1039
1064.91	1035.67
1065.37	1035
1065.83	1040.33
1066.29	1036.67
1066.75	1031.67
1067.21	1031
1067.67	1033
1068.14	1026.33
1068.6	1020.33
1069.06	1019
1069.52	1021
1069.98	1013.67
1070.44	1014
1070.9	1010
1071.36	1010.67
1071.82	1008
1072.28	1012.33
1072.74	1013.33
1073.2	1007.67
1073.66	1010.33
1074.12	1006.67
1074.58	1006.33
1075.05	1007.33
1075.51	1005.67
1075.97	1008.67
1076.43	1006
1076.89	1007
1077.35	1009.67
1077.81	1006.33
1078.27	1006
1078.73	1008.33
1079.19	1005.67
1079.65	1007.33
1080.11	1006
1080.57	1005.67
1081.03	1005.67
1081.49	1005.67
1081.95	1007.67
1082.41	1008.67
1082.87	1004.33
1083.33	1007.67
1083.79	1006.67
1084.25	1004.33
1084.71	1003.67
1085.16	1002.67
1085.62	1003.33
1086.08	1006
1086.54	1001
1087	999.667
1087.46	1005.33
1087.92	1003.67
1088.38	1003
1088.84	1002
1089.3	1003.33
1089.76	1002.33
1090.22	998.333
1090.68	1005
1091.14	1003.33
1091.6	1002.33
1092.06	1005
1092.51	1003.67
1092.97	1004.67
1093.43	997.667
1093.89	1003.67
1094.35	1001
1094.81	1000.67
1095.27	1001
1095.73	1003
1096.19	1003
1096.64	1001.33
1097.1	1001
1097.56	1001.33
1098.02	1003.33
1098.48	999.333
1098.94	999.667
1099.4	1001
1099.85	1001
1100.31	1001.33
1100.77	1001.67
1101.23	999.333
1101.69	1000.33
1102.15	1002.33
1102.61	1000.67
1103.06	999.667
1103.52	1001.33
1103.98	1000
1104.44	1000.33
1104.9	1000
1105.35	1001.67
1105.81	1001
1106.27	1001.67
1106.73	1000.33
1107.19	998.667
1107.64	1001.67
1108.1	1001.33
1108.56	1001.67
1109.02	1002
1109.48	1000
1109.93	998.667
1110.39	1003.67
1110.85	1002.33
1111.31	1001.33
1111.77	999.667
1112.22	1001.33
1112.68	1002
1113.14	1000.67
1113.6	997.667
1114.05	1000
1114.51	1002.33
1114.97	997.333
1115.43	999.667
1115.88	1001.33
1116.34	999
1116.8	1005
1117.25	1001.67
1117.71	1003.67
1118.17	995
1118.63	1001.67
1119.08	1000.33
1119.54	999.333
1120	1000.33
1120.45	1000
1120.91	1000.33
1121.37	1001
1121.82	1003.67
1122.28	997.333
1122.74	1004
1123.19	1001
1123.65	999.667
1124.11	998.333
1124.56	1002
1125.02	1001.33
1125.48	999.333
1125.93	1002.67
1126.39	997.333
1126.85	996.333
1127.3	1001.67
1127.76	1000.33
1128.22	999.667
1128.67	1002.33
1129.13	999
1129.59	998.333
1130.04	1000
1130.5	1000
1130.95	1001
1131.41	999
1131.87	998.667
1132.32	1000
1132.78	998.667
1133.24	999.667
1133.69	997.333
1134.15	999
1134.6	1003
1135.06	1002
1135.51	1002.67
1135.97	1003
1136.43	1005.33
1136.88	1005
1137.34	997.667
1137.79	1001.67
1138.25	1002
1138.71	1002
1139.16	1002.33
1139.62	1003.67
1140.07	1006
1140.53	1002.67
1140.98	1001.67
1141.44	1001.67
1141.89	1005.33
1142.35	1006.33
1142.8	1005.33
1143.26	1005.67
1143.71	1003.67
1144.17	999.333
1144.62	1000.33
1145.08	1000.67
1145.54	1004
1145.99	1002.67
1146.45	1005
1146.9	1008.33
1147.35	1006.67
1147.81	1008
1148.27	1007.33
1148.72	1008
1149.18	1007.67
1149.63	1008
1150.08	1009
1150.54	1009
1150.99	1010
1151.45	1010.67
1151.9	1009
1152.36	1016
1152.81	1016
1153.27	1012.67
1153.72	1014
1154.18	1016.33
1154.63	1017.67
1155.08	1019
1155.54	1023
1155.99	1020.67
1156.45	1025
1156.9	1032
1157.35	1028.33
1157.81	1034
1158.26	1042
1158.72	1042
1159.17	1046.67
1159.63	1049
1160.08	1053.67
1160.53	1052.33
1160.99	1057.33
1161.44	1058
1161.9	1049.67
1162.35	1047.33
1162.8	1050.67
1163.26	1042.67
1163.71	1043.67
1164.16	1026.33
1164.62	1032.33
1165.07	1026.33
1165.53	1023.67
1165.98	1024.33
1166.43	1020.67
1166.89	1015.33
1167.34	1016
1167.79	1014.67
1168.25	1016
1168.7	1010.33
1169.15	1012
1169.61	1007.33
1170.06	1008
1170.51	1005.67
1170.97	1008.33
1171.42	1005.67
1171.87	1004.33
1172.33	1005.33
1172.78	1003
1173.23	1006
1173.69	1007.33
1174.14	1002.33
1174.59	1002.67
1175.04	1001.67
1175.5	1004.33
1175.95	1004
1176.4	999
1176.86	1002.67
1177.31	1002.67
1177.76	1001
1178.21	1005.33
1178.67	1001
1179.12	1005
1179.57	1003
1180.02	1000.67
1180.48	1000.33
1180.93	1001.67
1181.38	1003.33
1181.83	1001
1182.29	1002
1182.74	998.333
1183.19	998.333
1183.64	1001
1184.1	1003.33
1184.55	1001.33
1185	1001.33
1185.45	1000.67
1185.9	1003.67
1186.36	1003
1186.81	1000
1187.26	1000.67
1187.71	999
1188.16	997.667
1188.61	1000.67
1189.07	1001.33
1189.52	1001.33
1189.97	999
1190.42	999.333
1190.87	1001.33
1191.33	1000.67
1191.78	1002.67
1192.23	995.333
1192.68	997
1193.13	1001
1193.58	999.333
1194.04	997
1194.49	1002.33
1194.94	999.667
1195.39	1001.33
1195.84	999.667
1196.29	1000.67
1196.74	999.667
1197.19	999
1197.65	1001
1198.1	999
1198.55	998.333
1199	1001.33
1199.45	996.667
1199.9	1001
1200.35	1002.33
1200.8	1000.67
1201.25	1000.67
1201.7	1001
1202.15	1000
1202.61	1001.67
1203.06	1001
1203.51	998.667
1203.96	1002
1204.41	999.667
1204.86	998.667
1205.31	1001
1205.76	996.333
1206.21	1000
1206.66	999.333
1207.11	1000.33
1207.56	997.333
1208.01	1005
1208.46	999
1208.91	1000
1209.36	997.333
1209.82	1002.67
1210.26	1002.33
1210.72	997.333
1211.16	1000.33
1211.62	1000.33
1212.07	997.667
1212.52	1000
1212.97	1001
1213.42	1001
1213.87	998
1214.32	1002.33
1214.77	998.333
1215.22	997
1215.67	1001.33
1216.11	999.667
1216.57	1002.67
1217.01	1001
1217.46	1001.67
1217.91	1001
1218.36	1000
1218.81	1000
1219.26	1000.67
1219.71	999.333
1220.16	996.667
1220.61	1001
1221.06	1000
1221.51	1000
1221.96	999.333
1222.41	1002
1222.86	1001.33
1223.31	1000.67
1223.76	1002.33
1224.21	1001
1224.65	1001
1225.1	1002
1225.55	999
1226	1000
1226.45	999.333
1226.9	999.667
1227.35	1001.67
1227.8	1001
1228.25	1001.33
1228.7	1002.67
1229.15	997
1229.59	1001.33
1230.04	1004.67
1230.49	1003.33
1230.94	1001
1231.39	1003.33
1231.84	1002.33
1232.29	1003
1232.73	1002.67
1233.18	1004.33
1233.63	1002
1234.08	1002.33
1234.53	1001.67
1234.98	1003.33
1235.42	1001
1235.87	1000
1236.32	1000.33
1236.77	1002.67
1237.22	998
1237.67	1001.67
1238.11	1004.67
1238.56	1000.33
1239.01	1003.33
1239.46	1001.33
1239.91	999.333
1240.36	996.667
1240.8	1002.67
1241.25	999.667
1241.7	1003.33
1242.15	1004.33
1242.59	1001.33
1243.04	999.667
1243.49	1000
1243.94	1000
1244.38	1003
1244.83	1000.33
1245.28	998
1245.73	1000.67
1246.17	1001.33
1246.62	1003
1247.07	999.333
1247.52	1001.67
1247.97	997.667
1248.41	995
1248.86	998
1249.31	1000.33
1249.75	1001.33
1250.2	1000.67
1250.65	998.333
1251.1	1000.33
1251.54	1000
1251.99	999
1252.44	1000.33
1252.88	999
1253.33	1001
1253.78	1001.67
1254.22	998.667
1254.67	1000.33
1255.12	1006
1255.57	999
1256.01	1000
1256.46	1001
1256.91	1001.67
1257.35	1000.67
1257.8	1001.67
1258.25	1001.67
1258.69	998.667
1259.14	999.667
1259.59	1000.33
1260.03	1002
1260.48	998.667
1260.92	1001.67
1261.37	999.667
1261.82	1002
1262.26	1000
1262.71	1002.67
1263.16	1002.67
1263.6	1001.67
1264.05	1000.67
1264.49	1000.67
1264.94	1005.67
1265.39	1002.33
1265.83	1003.67
1266.28	1004.33
1266.73	999.333
1267.17	998.333
1267.62	999
1268.06	1001.33
1268.51	1002.67
1268.96	1003.67
1269.4	1007
1269.85	1012.33
1270.29	1014
1270.74	1009.33
1271.18	1007.33
1271.63	1002.67
1272.07	999.667
1272.52	1001.67
1272.97	1000
1273.41	1001
1273.86	1000.67
1274.3	1000.67
1274.75	996.667
1275.19	999
1275.64	999.333
1276.08	1002
1276.53	1000.33
1276.97	997.667
1277.42	1001.33
1277.87	999
1278.31	1001
1278.76	1000.67
1279.2	999.667
1279.64	999.333
1280.09	998.333
1280.54	1001.33
1280.98	998.667
1281.43	1000
1281.87	998.667
1282.31	1001.67
1282.76	1000.33
1283.2	1002.33
1283.65	1001
1284.09	1001.67
1284.54	1003.33
1284.98	1017.67
1285.43	1043.67
1285.87	1049.67
1286.32	1049.33
1286.76	1012.67
1287.21	1000
1287.65	999.333
1288.09	1002.67
1288.54	1002
1288.98	1001
1289.43	1000.67
1289.87	998.667
1290.31	1001.67
1290.76	998.333
1291.2	999.667
1291.65	992.667
1292.09	996.667
1292.54	998.333
1292.98	998
1293.42	1001
1293.87	1000.67
1294.31	999.667
1294.76	999
1295.2	998.333
1295.64	1002
1296.09	998
1296.53	997.333
1296.98	998.667
1297.42	1001
1297.86	998.333
1298.31	997.333
1298.75	996.333
1299.19	1000
1299.64	999.667
1300.08	999
1300.52	997.333
1300.97	999.333
1301.41	999.333
1301.85	1000
1302.3	998.667
1302.74	1000.67
1303.18	999.667
1303.63	999.667
1304.07	999.667
1304.51	994.333
1304.96	999.667
1305.4	1001.33
1305.84	999.333
1306.28	997.667
1306.73	996
1307.17	998.667
1307.61	1001
1308.06	1000
1308.5	995.333
1308.94	996.333
1309.38	1000
1309.83	995.333
1310.27	999.333
1310.71	998
1311.16	997.333
1311.6	998.333
1312.04	999
1312.48	996.667
1312.93	999
1313.37	998.333
1313.81	1000.33
1314.25	998.667
1314.7	997.333
1315.14	1000
1315.58	1003.33
1316.02	995.333
1316.47	999.667
1316.91	999
1317.35	996.667
1317.79	994
1318.23	997
1318.68	994.333
1319.12	998
1319.56	997.667
1320	996.333
1320.44	999
1320.89	998.333
1321.33	997.333
1321.77	996.333
1322.21	999
1322.65	997.333
1323.1	998.667
1323.54	995
1323.98	999
1324.42	996.333
1324.86	996.333
1325.3	998.667
1325.74	996.667
1326.19	999
1326.63	998.333
1327.07	996
1327.51	998
1327.95	996.667
1328.39	998
1328.83	998.667
1329.28	998
1329.72	1002.33
1330.16	998.667
1330.6	995
1331.04	997.667
1331.48	998.667
1331.92	996.333
1332.36	1001.67
1332.8	999.333
1333.25	998.333
1333.69	996.667
1334.13	999.667
1334.57	1000
1335.01	998
1335.45	1000.67
1335.89	999
1336.33	999.333
1336.77	997.333
1337.21	997.667
1337.65	997.333
1338.09	999.667
1338.54	997.333
1338.98	999.333
1339.42	997.667
1339.86	997.333
1340.3	998.667
1340.74	999
1341.18	996.667
1341.62	998
1342.06	997.333
1342.5	995.667
1342.94	998.667
1343.38	1001
1343.82	999
1344.26	996.667
1344.7	999.333
1345.14	997.667
1345.58	997.333
1346.02	996
1346.46	999
1346.9	994.333
1347.34	1000.67
1347.78	999.667
1348.22	997
1348.66	996.333
1349.1	997.667
1349.54	997.667
1349.98	998
1350.42	999.667
1350.86	994.667
1351.3	997
1351.74	997
1352.18	994
1352.62	996.667
1353.06	996
1353.49	996.667
1353.93	996.333
1354.37	999.333
1354.81	1001
1355.25	996.667
1355.69	997
1356.13	997.667
1356.57	998.667
1357.01	1000
1357.45	1000
1357.89	997.333
1358.33	995
1358.77	997.667
1359.21	998
1359.64	996
1360.08	1000
1360.52	998.667
1360.96	998.667
1361.4	997.333
1361.84	998.333
1362.28	999
1362.72	997.667
1363.16	997.333
1363.59	999
1364.03	995.667
1364.47	998
1364.91	997.667
1365.35	997
1365.79	1000.33
1366.22	997
1366.66	999.333
1367.1	997
1367.54	997
1367.98	996.667
1368.42	997.667
1368.85	997.667
1369.29	998.333
1369.73	1001.67
1370.17	1001.33
1370.61	1002.33
1371.05	1001.67
1371.48	1001
1371.92	996.333
1372.36	1001
1372.8	997.333
1373.24	998.333
1373.67	1000.67
1374.11	999
1374.55	998
1374.99	997.333
1375.43	995.333
1375.86	995.333
1376.3	999.333
1376.74	1001.33
1377.18	1001.67
1377.61	998
1378.05	995.667
1378.49	1000
1378.93	1000
1379.36	1001
1379.8	997.667
1380.24	999.333
1380.68	999.333
1381.11	997.333
1381.55	999.333
1381.99	996.667
1382.43	999.333
1382.86	998
1383.3	998.333
1383.74	1000.33
1384.17	997.667
1384.61	998.667
1385.05	999.667
1385.49	999.333
1385.92	1000.33
1386.36	998.667
1386.8	1002
1387.23	1000.33
1387.67	1018
1388.11	1064.33
1388.54	1084
1388.98	1075
1389.42	1021
1389.85	1002.33
1390.29	999.667
1390.73	1001
1391.16	998.667
1391.6	999
1392.04	998.333
1392.47	996.667
1392.91	997.667
1393.35	994.667
1393.78	996.333
1394.22	997.667
1394.65	996
1395.09	995.333
1395.53	999.333
1395.96	997.333
1396.4	996.333
1396.84	995.333
1397.27	1001.33
1397.71	999
1398.14	998
1398.58	997.333
1399.02	999
1399.45	996
1399.89	997
1400.32	998.333
1400.76	1000.33
1401.2	999.667
1401.63	998.667
1402.07	997.333
1402.5	997.333
1402.94	997.333
1403.37	993.333
1403.81	998
1404.25	996
1404.68	996.667
1405.12	996
1405.55	1001.33
1405.99	994.667
1406.42	997.667
1406.86	995
1407.29	998.667
1407.73	997.667
1408.17	999.667
1408.6	1001.33
1409.04	1001
1409.47	1004.67
1409.91	1005.67
1410.34	1004.33
1410.78	999.333
1411.21	994.667
1411.65	996.333
1412.08	999
1412.52	996.667
1412.95	999.333
1413.39	996.333
1413.82	997.667
1414.26	998
1414.69	996.667
1415.13	997.667
1415.56	994.667
1415.99	1000.67
1416.43	996
1416.86	996.333
1417.3	998
1417.73	1001.33
1418.17	999.667
1418.6	995.667
1419.04	995.667
1419.47	998
1419.91	996.667
1420.34	998
1420.78	997.667
1421.21	999
1421.64	1000
1422.08	999.333
1422.51	998.667
1422.95	997.333
1423.38	999
1423.81	998
1424.25	997.667
1424.68	1001
1425.12	1000.33
1425.55	998
1425.99	999
1426.42	998.667
1426.85	996.667
1427.29	995
1427.72	997
1428.15	998.333
1428.59	994.667
1429.02	1000.67
1429.46	996.333
1429.89	998.667
1430.32	997.667
1430.76	999.667
1431.19	1000.67
1431.62	1000.33
1432.06	998.667
1432.49	999.333
1432.92	996
1433.36	999.333
1433.79	998.667
1434.22	999.667
1434.66	999
1435.09	995
1435.52	998.333
1435.96	997
1436.39	1000
1436.82	994.667
1437.26	999
1437.69	996
1438.12	997
1438.56	997
1438.99	992
1439.42	1000
1439.85	999
1440.29	998.667
1440.72	998.667
1441.15	995
1441.59	996.333
1442.02	999.333
1442.45	999.333
1442.88	997.667
1443.32	996.667
1443.75	996.333
1444.18	998.667
1444.61	996.667
1445.05	999
1445.48	997.333
1445.91	995
1446.34	997.333
1446.78	999.667
1447.21	1000.67
1447.64	999.333
1448.07	999
1448.51	998.333
1448.94	1000.33
1449.37	998
1449.8	999.667
1450.23	999.667
1450.67	1000
1451.1	998.333
1451.53	999
1451.96	997.667
1452.39	996.667
1452.83	998.333
1453.26	999.667
1453.69	998
1454.12	1001.33
1454.55	997
1454.99	1001.33
1455.42	996.667
1455.85	1000.33
1456.28	997.333
1456.71	1001.33
1457.14	998.667
1457.58	1000.67
1458.01	996.333
1458.44	997
1458.87	996.333
1459.3	999
1459.73	1001.33
1460.16	999
1460.6	996
1461.03	1001
1461.46	996.667
1461.89	994
1462.32	999
1462.75	997.333
1463.18	997.333
1463.61	999.667
1464.04	996
1464.48	1000
1464.91	999
1465.34	997.333
1465.77	999
1466.2	999.667
1466.63	999
1467.06	997
1467.49	996
1467.92	998.667
1468.35	997
1468.78	996.333
1469.21	998.667
1469.65	998.333
1470.08	996
1470.51	1000.67
1470.94	1000
1471.37	997
1471.8	997.667
1472.23	999
1472.66	994.667
1473.09	999.333
1473.52	996.667
1473.95	997.333
1474.38	1000.33
1474.81	997.667
1475.24	997.333
1475.67	1000
1476.1	996.333
1476.53	998.667
1476.96	995.667
1477.39	999
1477.82	996.667
1478.25	998.333
1478.68	998
1479.11	995
1479.54	992.667
1479.97	998.333
