1040.88	997
1041.35	994.333
1041.81	997.333
1042.27	995
1042.73	997.667
1043.2	999.333
1043.66	995.333
1044.12	996
1044.59	997
1045.05	994.333
1045.51	996.333
1045.97	998.667
1046.43	996.333
1046.9	994.333
1047.36	995.333
1047.82	998
1048.29	998
1048.75	1000
1049.21	997.333
1049.67	999
1050.14	995
1050.6	997.667
1051.06	998.333
1051.52	999.333
1051.98	995
1052.45	995.667
1052.91	995
1053.37	994.333
1053.83	995.333
1054.29	997
1054.76	996.667
1055.22	997
1055.68	996.333
1056.14	999.333
1056.6	999
1057.06	998.333
1057.53	1001
1057.99	997.333
1058.45	1002
1058.91	1000.67
1059.37	1002.67
1059.83	999
1060.3	1006
1060.76	1004
1061.22	1007
1061.68	1006
1062.14	1004.67
1062.6	1008.67
1063.06	1008
1063.52	1012.67
1063.99	1014.67
1064.45	1013.67
1064.91	1016
1065.37	1016
1065.83	1015
1066.29	1018.67
1066.75	1018
1067.21	1013
1067.67	1014.33
1068.14	1014.67
1068.6	1009
1069.06	1004.33
1069.52	1004.33
1069.98	1003.33
1070.44	1005
1070.9	1002.67
1071.36	1003.33
1071.82	1000.33
1072.28	1000
1072.74	997.667
1073.2	999
1073.66	1000
1074.12	999.333
1074.58	998
1075.05	998.333
1075.51	1000.33
1075.97	997.333
1076.43	999
1076.89	998.667
1077.35	1001.33
1077.81	996.667
1078.27	996.667
1078.73	1000
1079.19	996.667
1079.65	999.667
1080.11	997.333
1080.57	1000
1081.03	1000.67
1081.49	1000.67
1081.95	999
1082.41	999.333
1082.87	1000
1083.33	998.667
1083.79	1002
1084.25	999.667
1084.71	997
1085.16	996.333
1085.62	999
1086.08	998.667
1086.54	997.667
1087	996.667
1087.46	997
1087.92	998.333
1088.38	997.333
1088.84	994.333
1089.3	999
1089.76	998
1090.22	996.333
1090.68	1000
1091.14	995.333
1091.6	994.667
1092.06	995.667
1092.51	997.333
1092.97	997.333
1093.43	999.667
1093.89	996.333
1094.35	996.333
1094.81	998.333
1095.27	996
1095.73	997.333
1096.19	998.333
1096.64	995.333
1097.1	994.667
1097.56	997
1098.02	996.667
1098.48	992.667
1098.94	995.333
1099.4	994.667
1099.85	996.667
1100.31	995
1100.77	998
1101.23	994
1101.69	993.333
1102.15	998.667
1102.61	996.333
1103.06	997.667
1103.52	996
1103.98	996.667
1104.44	995.667
1104.9	994.667
1105.35	997.333
1105.81	995.667
1106.27	993.667
1106.73	994
1107.19	996
1107.64	995.333
1108.1	994.667
1108.56	996
1109.02	996.333
1109.48	994.667
1109.93	994
1110.39	995.333
1110.85	991.667
1111.31	993.333
1111.77	993.333
1112.22	996
1112.68	993
1113.14	995
1113.6	996.667
1114.05	996.667
1114.51	997
1114.97	994
1115.43	995.667
1115.88	994.333
1116.34	997
1116.8	997.333
1117.25	993.333
1117.71	996.667
1118.17	992
1118.63	994
1119.08	994
1119.54	995.667
1120	995
1120.45	997.333
1120.91	995.333
1121.37	993.667
1121.82	997
1122.28	995.667
1122.74	999.333
1123.19	995.333
1123.65	995.333
1124.11	995
1124.56	995.333
1125.02	993
1125.48	994.667
1125.93	995.333
1126.39	996.667
1126.85	995.667
1127.3	997
1127.76	993
1128.22	994
1128.67	995.667
1129.13	994.333
1129.59	996
1130.04	996
1130.5	996.333
1130.95	995.667
1131.41	996.333
1131.87	995.667
1132.32	997
1132.78	994.667
1133.24	995
1133.69	995.667
1134.15	995.667
1134.6	995
1135.06	995
1135.51	996
1135.97	999.333
1136.43	997
1136.88	995.667
1137.34	995.667
1137.79	999
1138.25	995.667
1138.71	997.333
1139.16	998.333
1139.62	999.667
1140.07	998.667
1140.53	995.667
1140.98	996.333
1141.44	996.333
1141.89	992.333
1142.35	997.667
1142.8	999.333
1143.26	997.333
1143.71	1001.33
1144.17	995.667
1144.62	1000
1145.08	1000.33
1145.54	997.333
1145.99	1000
1146.45	997.667
1146.9	996.667
1147.35	997.333
1147.81	1000.33
1148.27	1000.67
1148.72	997.667
1149.18	998
1149.63	1001.33
1150.08	999.667
1150.54	1002.67
1150.99	1001.33
1151.45	1000
1151.9	1001.67
1152.36	1003.33
1152.81	1006.67
1153.27	1003.67
1153.72	1005.33
1154.18	1006
1154.63	1007.33
1155.08	1009.67
1155.54	1012
1155.99	1010.33
1156.45	1013
1156.9	1018
1157.35	1012.67
1157.81	1023.33
1158.26	1028.33
1158.72	1031.67
1159.17	1034
1159.63	1037.33
1160.08	1037
1160.53	1036
1160.99	1034.33
1161.44	1036.33
1161.9	1035.67
1162.35	1033.67
1162.8	1032
1163.26	1025
1163.71	1025.33
1164.16	1023.33
1164.62	1024
1165.07	1020
1165.53	1011.33
1165.98	1009.67
1166.43	1010.67
1166.89	1009
1167.34	1010.33
1167.79	1003.67
1168.25	1005.33
1168.7	1001.67
1169.15	1002.33
1169.61	1003.67
1170.06	1001
1170.51	998.333
1170.97	999.333
1171.42	1000.33
1171.87	1001.67
1172.33	998.667
1172.78	999
1173.23	1001
1173.69	995
1174.14	996.667
1174.59	997.333
1175.04	997
1175.5	999
1175.95	995
1176.4	997.333
1176.86	999.667
1177.31	998.333
1177.76	999.667
1178.21	997
1178.67	992.333
1179.12	997.667
1179.57	996.667
1180.02	997.667
1180.48	996
1180.93	995
1181.38	996.333
1181.83	993.667
1182.29	994.667
1182.74	995.667
1183.19	994.667
1183.64	997.333
1184.1	998.333
1184.55	999
1185	994.667
1185.45	992
1185.9	993.333
1186.36	992
1186.81	999.333
1187.26	997
1187.71	995
1188.16	993.667
1188.61	993.333
1189.07	995.333
1189.52	996.333
1189.97	999.667
1190.42	994
1190.87	998
1191.33	997.333
1191.78	997
1192.23	994
1192.68	998
1193.13	993
1193.58	997
1194.04	994.333
1194.49	995.667
1194.94	994.667
1195.39	994
1195.84	997.333
1196.29	997
1196.74	994
1197.19	995.333
1197.65	995
1198.1	998.333
1198.55	997.667
1199	995.333
1199.45	996
1199.9	997.667
1200.35	994.667
1200.8	995
1201.25	997
1201.7	993.667
1202.15	993.333
1202.61	996
1203.06	995
1203.51	997
1203.96	994.333
1204.41	994
1204.86	995.333
1205.31	994.333
1205.76	995.667
1206.21	995.333
1206.66	994
1207.11	994.333
1207.56	995.667
1208.01	994.667
1208.46	998.667
1208.91	997
1209.36	996.667
1209.82	995.333
1210.26	997.333
1210.72	996
1211.16	994.667
1211.62	996
1212.07	997
1212.52	996.333
1212.97	992.667
1213.42	995
1213.87	996
1214.32	995.333
1214.77	995
1215.22	995
1215.67	995.667
1216.11	995.333
1216.57	995
1217.01	997.667
1217.46	998
1217.91	997
1218.36	993.333
1218.81	995.667
1219.26	995.667
1219.71	996.333
1220.16	998
1220.61	996.333
1221.06	996
1221.51	996.333
1221.96	998
1222.41	994.333
1222.86	997
1223.31	994.333
1223.76	995
1224.21	994.333
1224.65	998
1225.1	998
1225.55	995.667
1226	996.333
1226.45	994.333
1226.9	995.667
1227.35	995.333
1227.8	998
1228.25	996
1228.7	997.333
1229.15	995
1229.59	997.667
1230.04	994
1230.49	997
1230.94	998.333
1231.39	996
1231.84	998.667
1232.29	997.667
1232.73	997.667
1233.18	997.333
1233.63	995.667
1234.08	995.333
1234.53	996
1234.98	996.667
1235.42	997.667
1235.87	994.667
1236.32	997
1236.77	998
1237.22	994
1237.67	998.333
1238.11	998
1238.56	996.333
1239.01	996.333
1239.46	997.667
1239.91	1000.67
1240.36	995
1240.8	996.333
1241.25	996.333
1241.7	998.667
1242.15	999.667
1242.59	995.667
1243.04	998.667
1243.49	998
1243.94	996.667
1244.38	999.333
1244.83	995.667
1245.28	995.333
1245.73	997
1246.17	995.333
1246.62	999
1247.07	997.333
1247.52	995
1247.97	995.333
1248.41	994.667
1248.86	997
1249.31	997
1249.75	992.667
1250.2	998
1250.65	996.667
1251.1	997.667
1251.54	998
1251.99	998.333
1252.44	996.667
1252.88	995
1253.33	997
1253.78	998.667
1254.22	995
1254.67	995.333
1255.12	994.333
1255.57	996.333
1256.01	998.333
1256.46	997.667
1256.91	996
1257.35	995
1257.8	997.333
1258.25	1000.33
1258.69	999.333
1259.14	995
1259.59	995
1260.03	1000.67
1260.48	995.667
1260.92	995.333
1261.37	1000.33
1261.82	996.333
1262.26	998.667
1262.71	997
1263.16	1000.67
1263.6	998.667
1264.05	996.333
1264.49	999.333
1264.94	1000.67
1265.39	1008.33
1265.83	1010.33
1266.28	1004.33
1266.73	996
1267.17	996.667
1267.62	998.667
1268.06	996.667
1268.51	1000.33
1268.96	1002.33
1269.4	1007
1269.85	1010.33
1270.29	1010
1270.74	1005.67
1271.18	996.667
1271.63	998.333
1272.07	996
1272.52	996.667
1272.97	997
1273.41	998
1273.86	997
1274.3	997.667
1274.75	996
1275.19	994.333
1275.64	995.333
1276.08	998.333
1276.53	996.667
1276.97	997
1277.42	998.333
1277.87	995.333
1278.31	996.667
1278.76	999.667
1279.2	992.667
1279.64	995
1280.09	996
1280.54	994
1280.98	992.667
1281.43	996.667
1281.87	996
1282.31	993.667
1282.76	998
1283.2	998.333
1283.65	997.667
1284.09	996.667
1284.54	1006.33
1284.98	1034.67
1285.43	1106
1285.87	1159.33
1286.32	1109
1286.76	1041.33
1287.21	1003.67
1287.65	1000.33
1288.09	998
1288.54	995.667
1288.98	997.667
1289.43	997.333
1289.87	994.333
1290.31	996
1290.76	997.333
1291.2	994.667
1291.65	995.667
1292.09	990
1292.54	995.667
1292.98	995.333
1293.42	997.667
1293.87	994.667
1294.31	995.333
1294.76	994.667
1295.2	995.667
1295.64	994.667
1296.09	994.333
1296.53	995.667
1296.98	997
1297.42	996
1297.86	996.333
1298.31	995.667
1298.75	996.333
1299.19	998.667
1299.64	998.333
1300.08	994.333
1300.52	995.333
1300.97	997.333
1301.41	995.333
1301.85	997.667
1302.3	995.333
1302.74	996.333
1303.18	997.667
1303.63	993
1304.07	994
1304.51	994.333
1304.96	995.667
1305.4	996
1305.84	995.667
1306.28	994.333
1306.73	995.333
1307.17	995.333
1307.61	996.333
1308.06	997
1308.5	996
1308.94	997.667
1309.38	993
1309.83	997
1310.27	995.333
1310.71	994.667
1311.16	994.667
1311.6	998.667
1312.04	997
1312.48	996.667
1312.93	996.667
1313.37	997
1313.81	999.333
1314.25	994.333
1314.7	994
1315.14	996
1315.58	996
1316.02	995.667
1316.47	997
1316.91	994
1317.35	995
1317.79	996
1318.23	994.333
1318.68	995
1319.12	995
1319.56	996
1320	996.333
1320.44	995
1320.89	995
1321.33	995
1321.77	995.667
1322.21	995.667
1322.65	996
1323.1	996
1323.54	992.667
1323.98	995.667
1324.42	995
1324.86	994.333
1325.3	994.667
1325.74	996.667
1326.19	994.333
1326.63	995.667
1327.07	994
1327.51	996.667
1327.95	995.667
1328.39	991.667
1328.83	996.667
1329.28	995
1329.72	995.333
1330.16	996.667
1330.6	995
1331.04	996
1331.48	993
1331.92	991.333
1332.36	997
1332.8	998.333
1333.25	996.333
1333.69	993.667
1334.13	997
1334.57	995
1335.01	995.333
1335.45	997
1335.89	995.667
1336.33	995.667
1336.77	996
1337.21	994.667
1337.65	992.667
1338.09	995.333
1338.54	996.667
1338.98	995
1339.42	995
1339.86	995.667
1340.3	993.333
1340.74	993.333
1341.18	994.333
1341.62	995.333
1342.06	994
1342.5	995.667
1342.94	998
1343.38	997
1343.82	997
1344.26	993
1344.7	999
1345.14	994
1345.58	998
1346.02	993.333
1346.46	994.667
1346.9	996.667
1347.34	995.333
1347.78	997
1348.22	994.667
1348.66	995.667
1349.1	993.667
1349.54	997
1349.98	998.333
1350.42	994
1350.86	994
1351.3	994
1351.74	995
1352.18	997
1352.62	995.667
1353.06	996.333
1353.49	994
1353.93	995.667
1354.37	993.667
1354.81	996
1355.25	995.667
1355.69	996.333
1356.13	993.333
1356.57	996
1357.01	996
1357.45	996.333
1357.89	991.667
1358.33	995
1358.77	993.333
1359.21	998.333
1359.64	996
1360.08	993.333
1360.52	995.333
1360.96	996.333
1361.4	993.667
1361.84	996.333
1362.28	994.667
1362.72	996
1363.16	994.667
1363.59	992.667
1364.03	995
1364.47	995
1364.91	994.667
1365.35	997.333
1365.79	997
1366.22	993.333
1366.66	994.667
1367.1	997.333
1367.54	994.333
1367.98	994.667
1368.42	996.333
1368.85	997
1369.29	993.667
1369.73	998
1370.17	998.333
1370.61	996.667
1371.05	996.333
1371.48	997.667
1371.92	994
1372.36	995.333
1372.8	996.333
1373.24	996.333
1373.67	998.333
1374.11	998
1374.55	993.667
1374.99	995.667
1375.43	993
1375.86	996
1376.3	996
1376.74	997.667
1377.18	994.667
1377.61	994.333
1378.05	996
1378.49	994.667
1378.93	994.333
1379.36	997
1379.8	996
1380.24	996.667
1380.68	994.333
1381.11	994.667
1381.55	997.333
1381.99	995.667
1382.43	999.333
1382.86	996
1383.3	997.333
1383.74	998.333
1384.17	998
1384.61	998.667
1385.05	998.333
1385.49	998.333
1385.92	999.667
1386.36	1001.67
1386.8	999
1387.23	1006
1387.67	1050
1388.11	1159.33
1388.54	1234.33
1388.98	1187
1389.42	1069.67
1389.85	1005.33
1390.29	999.667
1390.73	999.667
1391.16	996
1391.6	998.667
1392.04	991.667
1392.47	995.667
1392.91	994.333
1393.35	995.667
1393.78	995.667
1394.22	997
1394.65	994.667
1395.09	997.333
1395.53	995.333
1395.96	997.333
1396.4	996.333
1396.84	995.333
1397.27	991.667
1397.71	997.667
1398.14	993.667
1398.58	995.333
1399.02	992
1399.45	993.333
1399.89	995
1400.32	996
1400.76	995
1401.2	995
1401.63	995.333
1402.07	998
1402.5	995
1402.94	995.667
1403.37	993
1403.81	995.333
1404.25	996.667
1404.68	997
1405.12	996
1405.55	993.333
1405.99	996
1406.42	994.667
1406.86	993.667
1407.29	995.333
1407.73	998
1408.17	996.667
1408.6	997
1409.04	1004
1409.47	1004.33
1409.91	1016.33
1410.34	1011
1410.78	1000.67
1411.21	997.667
1411.65	997.333
1412.08	995
1412.52	997.333
1412.95	996.667
1413.39	997.667
1413.82	995.667
1414.26	994.667
1414.69	993.667
1415.13	997
1415.56	992.333
1415.99	997
1416.43	996
1416.86	997.333
1417.3	997.333
1417.73	995
1418.17	994.333
1418.6	996
1419.04	994.667
1419.47	995.333
1419.91	993.333
1420.34	994.667
1420.78	997
1421.21	995
1421.64	998
1422.08	996
1422.51	994.333
1422.95	997
1423.38	996.333
1423.81	998
1424.25	993.667
1424.68	998.333
1425.12	996.667
1425.55	997
1425.99	995.333
1426.42	995
1426.85	996
1427.29	993
1427.72	997
1428.15	994
1428.59	997
1429.02	996.333
1429.46	995.333
1429.89	997.333
1430.32	994
1430.76	993.667
1431.19	996
1431.62	998.667
1432.06	996.667
1432.49	995
1432.92	998
1433.36	996.667
1433.79	995.333
1434.22	997
1434.66	996.333
1435.09	997
1435.52	993.333
1435.96	996.333
1436.39	996.333
1436.82	992.333
1437.26	995.333
1437.69	994.667
1438.12	997.333
1438.56	994.667
1438.99	995.333
1439.42	994.333
1439.85	996.333
1440.29	994.333
1440.72	994.333
1441.15	994.667
1441.59	996.667
1442.02	995.333
1442.45	994
1442.88	996.333
1443.32	996
1443.75	995
1444.18	992
1444.61	995
1445.05	994.333
1445.48	995
1445.91	996.667
1446.34	994.333
1446.78	997
1447.21	995
1447.64	996.333
1448.07	994.333
1448.51	998
1448.94	994.667
1449.37	998
1449.8	994.333
1450.23	994
1450.67	995
1451.1	995
1451.53	994
1451.96	994.333
1452.39	994
1452.83	992.667
1453.26	998.667
1453.69	995.667
1454.12	997
1454.55	996
1454.99	995.333
1455.42	995
1455.85	997
1456.28	991.333
1456.71	997.333
1457.14	995
1457.58	995.667
1458.01	994.667
1458.44	995.333
1458.87	994
1459.3	997
1459.73	994.667
1460.16	996
1460.6	997.667
1461.03	997
1461.46	996
1461.89	995
1462.32	997.667
1462.75	997
1463.18	995
1463.61	995.333
1464.04	994.333
1464.48	993
1464.91	995.333
1465.34	996
1465.77	994
1466.2	993.667
1466.63	994.333
1467.06	996.667
1467.49	994.667
1467.92	992
1468.35	994
1468.78	995
1469.21	991.333
1469.65	995.333
1470.08	993.333
1470.51	992
1470.94	996
1471.37	996.333
1471.8	994
1472.23	997.333
1472.66	995.667
1473.09	992.333
1473.52	991.667
1473.95	996.333
1474.38	996
1474.81	998
1475.24	993
1475.67	995
1476.1	996.333
1476.53	996
1476.96	992.667
1477.39	993
1477.82	995.333
1478.25	991
1478.68	995
1479.11	996.333
1479.54	995.667
1479.97	996.333
