495.957	9568.0
497.512	8986.5
499.067	8426.0
500.622	8017.0
502.178	7499.0
503.732	7014.5
505.286	6663.0
506.84	6436.5
508.393	6151.5
509.946	5767.0
511.499	5561.0
513.052	5368.5
514.604	5270.5
516.156	5104.0
517.71	5006.5
519.262	4890.5
520.813	4727.5
522.364	4673.5
523.915	4608.0
525.463	4436.0
527.013	4376.0
528.563	4170.0
530.113	4077.0
531.662	4038.0
533.212	3968.5
534.76	3887.5
536.309	3870.0
537.858	3822.0
539.406	3811.0
540.953	3618.5
542.499	3592.0
544.046	3522.0
545.593	3521.0
547.14	3576.0
548.687	3594.5
550.231	3513.0
551.777	3386.0
553.323	3313.0
554.868	3194.0
556.412	3133.0
557.956	3007.0
559.501	2970.5
561.046	2877.0
562.588	2836.0
564.132	2816.5
565.675	2737.0
567.217	2756.0
568.76	2720.5
570.301	2656.5
571.843	2655.0
573.386	2686.0
574.926	2731.5
576.468	2597.0
578.007	2629.5
579.549	2610.5
581.088	2627.5
582.628	2629.0
584.167	2725.5
585.707	2788.5
587.245	3082.0
591.862	4375.5
593.399	2957.5
594.937	2757.5
596.474	2635.5
598.01	2579.5
599.548	2582.0
601.083	2585.5
602.621	2526.0
604.156	2542.0
605.691	2521.5
607.228	2435.5
608.762	2375.0
610.296	2423.0
611.83	2347.5
613.365	2326.0
614.899	2345.0
616.432	2318.5
617.965	2327.5
619.499	2352.0
621.031	2341.5
622.564	2291.5
624.095	2310.0
625.627	2319.0
627.158	2323.0
628.691	2280.5
630.222	2297.0
631.752	2301.5
633.283	2312.5
634.813	2215.0
636.342	2250.5
637.872	2240.5
639.401	2273.5
640.93	2267.5
642.458	2255.0
643.987	2242.5
645.515	2238.0
647.043	2213.0
648.571	2207.0
650.098	2214.5
651.625	2222.0
653.152	2203.0
654.679	2267.0
656.205	2227.5
657.731	2148.0
659.257	2168.5
662.306	2172.5
663.831	2132.0
665.356	2075.0
666.88	2126.0
668.403	2082.0
669.927	2119.0
671.451	2137.5
672.974	2157.5
674.495	2176.5
676.018	2234.5
677.541	2200.5
679.064	2210.5
680.584	2292.5
682.106	2397.0
683.628	2443.0
685.147	2580.0
686.668	2663.5
688.187	2839.0
689.708	3152.5
691.229	3549.5
692.747	4176.5
694.267	5137.0
695.784	6596.0
700.34	6832.5
701.857	5286.5
703.375	4202.5
704.891	3532.5
706.409	3069.0
707.925	2881.0
709.442	2726.5
710.958	2580.0
712.472	2472.0
713.989	2404.0
715.504	2368.5
717.018	2277.5
718.534	2260.0
720.047	2252.0
721.561	2183.5
723.076	2142.0
724.589	2119.5
726.101	2121.0
727.614	2132.0
729.128	2142.0
730.64	2109.0
732.151	2086.5
733.663	2076.5
735.174	2040.5
736.687	2057.5
738.197	2010.0
739.708	2027.0
741.218	2026.0
742.727	2062.5
744.237	2021.5
745.746	2068.0
747.255	2048.0
748.764	2011.5
750.273	2007.0
751.781	2032.5
753.289	2018.5
754.797	1981.0
756.305	1958.5
757.812	1993.0
759.319	1987.0
760.826	1946.0
762.333	1986.0
763.839	1951.0
765.345	1996.5
766.851	1986.5
768.356	2009.0
769.862	2040.0
771.365	2051.5
772.869	2054.0
774.374	2031.0
775.878	2076.0
777.382	2030.5
778.884	2060.5
780.388	2120.5
781.891	2217.0
783.392	2222.0
784.895	2287.0
786.397	2299.0
787.898	2381.5
789.4	2387.5
790.902	2507.5
792.401	2608.5
793.903	2884.0
795.404	3158.5
796.902	3401.5
798.403	3522.5
799.901	3507.0
801.401	3486.5
802.899	3414.5
804.399	3166.0
805.896	2865.0
807.395	2677.5
808.892	2582.5
810.39	2438.5
811.887	2398.0
813.383	2413.0
817.873	2352.5
819.369	2210.0
820.863	2214.5
822.36	2233.5
823.854	2268.0
825.348	2198.0
826.842	2165.5
828.338	2153.0
829.831	2161.5
831.324	2143.0
832.817	2159.0
834.312	2145.0
835.804	2164.0
837.296	2215.0
838.788	2183.0
840.28	2173.5
841.771	2177.0
843.262	2179.0
844.753	2178.5
846.245	2173.0
847.736	2190.0
849.226	2172.0
850.716	2220.0
852.205	2172.0
853.695	2200.0
855.184	2224.5
856.673	2207.5
858.161	2136.5
859.648	2164.5
861.136	2149.0
862.624	2139.0
864.112	2123.0
865.599	2127.5
867.086	2106.5
868.573	2055.0
870.06	2086.5
871.544	2040.5
873.03	2053.5
877.485	2086.0
878.971	2076.5
880.455	2086.0
881.938	2063.0
883.423	2048.5
884.907	2089.0
886.389	2111.5
887.872	2180.5
889.356	2148.0
890.837	2150.5
892.32	2120.0
893.801	2168.0
895.283	2189.5
896.766	2142.5
898.246	2167.5
899.727	2117.0
901.207	2123.5
902.686	2105.0
904.167	2121.5
905.646	2090.0
907.127	2058.5
908.605	2067.0
910.085	2024.5
911.563	2081.0
913.04	2101.0
914.52	2071.0
915.997	2098.5
917.474	2137.5
918.952	2131.0
920.429	2135.5
921.905	2106.5
923.381	2145.5
924.856	2104.0
926.334	2092.5
927.809	2081.0
929.284	2062.5
930.758	2063.0
932.233	2023.5
933.707	2022.0
935.183	1958.0
936.656	1968.0
938.13	1929.0
939.603	1930.0
941.076	1956.5
942.549	1953.0
944.021	1965.0
945.493	1948.0
946.965	1982.5
949.909	1950.0
951.38	1900.0
952.849	1945.5
954.32	1922.0
955.79	1912.5
957.261	1894.0
958.731	1886.5
960.2	1884.0
961.67	1907.0
963.137	1868.5
964.606	1881.5
966.075	1863.5
967.544	1831.5
969.01	1867.0
970.478	1837.5
971.946	1849.5
973.412	1803.5
974.879	1811.5
976.346	1783.0
977.811	1755.5
979.278	1800.0
980.743	1758.5
982.209	1810.0
983.675	1836.0
985.138	1773.0
986.604	1744.0
988.067	1774.5
989.532	1762.5
990.995	1760.0
992.458	1782.5
993.922	1769.0
995.384	1786.0
996.848	1786.0
998.309	1763.5
999.771	1788.0
1001.23	1779.5
1002.69	1768.0
1004.16	1724.0
1005.62	1770.0
1008.54	1778.0
1010.0	1733.5
1011.46	1734.0
1012.92	1745.5
1014.38	1736.5
1015.84	1763.0
1017.29	1754.0
1018.75	1763.0
1020.21	1785.0
1021.67	1762.5
1023.13	1772.0
1024.58	1781.0
1026.04	1788.5
1027.5	1749.5
1028.96	1805.5
1030.41	1800.0
1031.87	1809.0
1033.32	1839.0
1037.69	1911.5
1039.14	1877.5
1040.6	1895.5
1043.51	1877.0
1044.96	1882.5
1046.41	1883.5
1047.86	1892.5
1049.32	1895.0
1050.77	1897.0
1052.22	1895.0
1053.67	1871.0
1055.13	1921.0
1056.58	1909.0
1058.03	1966.0
1059.48	2072.5
1060.93	2159.0
1062.38	2305.0
1063.83	2517.5
1065.28	2881.0
1066.73	2969.0
1068.18	2930.0
1069.63	2685.5
1071.08	2387.5
1072.53	2260.0
1073.97	2152.0
1075.42	2124.0
1078.32	2172.0
1079.76	2265.5
1081.21	2382.0
1082.66	2448.0
1084.1	2432.0
1085.55	2221.5
1086.99	2091.5
1089.89	2007.0
1091.33	1959.5
1092.77	1928.0
1094.22	1861.0
1095.66	1876.0
1097.11	1890.5
1098.55	1895.0
1099.99	1848.5
1101.44	1801.0
1102.88	1878.5
1104.32	1831.5
1105.76	1878.5
1107.2	1821.5
1108.65	1830.0
1110.09	1873.5
1111.53	1827.5
1112.97	1820.5
1114.41	1808.0
1115.85	1807.0
1117.29	1841.0
1118.73	1813.0
1120.17	1846.5
1121.61	1860.5
1123.05	1855.5
1124.49	1857.5
1125.93	1886.0
1127.36	1863.5
1128.8	1908.0
1130.24	1917.5
1131.68	1961.5
1133.11	1957.5
1134.55	2041.5
1135.99	2053.0
1137.42	2122.0
1138.86	2134.5
1140.29	2289.0
1141.73	2327.0
1143.17	2411.0
1144.6	2545.5
1146.03	2665.5
1147.47	2794.5
1148.9	3024.5
1150.34	3240.0
1151.77	3667.0
1153.2	4081.0
1154.64	4883.5
1156.07	5952.5
1157.5	7597.5
1158.93	9834.0
1160.37	12312.0
1161.8	13569.5
1163.23	12329.0
1164.66	9838.0
1166.09	7365.0
1167.52	5624.5
1168.95	4470.0
1170.38	3687.5
1171.81	3281.5
1173.24	2973.5
1174.67	2626.0
1176.1	2562.5
1177.53	2386.0
1178.96	2283.0
1180.38	2197.0
1181.81	2136.0
1183.24	2109.5
1184.67	2053.5
1186.09	2058.0
1187.52	2051.5
1188.95	2007.5
1190.37	1988.0
1191.8	2031.0
1193.23	1947.5
1194.65	1988.0
1196.08	1968.0
1197.5	1952.0
1198.93	1887.0
1200.35	1895.0
1201.77	1907.5
1203.2	1913.5
1204.62	1897.5
1206.05	1905.0
1207.47	1892.0
1208.89	1844.5
1210.31	1856.0
1211.73	1908.5
1213.16	1910.5
1214.58	1897.0
1216.0	1901.5
1218.84	1868.5
1220.26	1909.0
1221.68	1924.0
1223.1	1956.0
1224.52	2003.5
1225.94	2011.0
1227.36	2039.0
1228.78	2108.5
1230.2	2131.0
1231.62	2166.5
1233.04	2233.0
1234.45	2262.5
1235.87	2275.0
1237.29	2283.5
1238.71	2203.5
1240.12	2150.5
1241.54	2144.5
1242.96	2115.5
1244.37	2060.5
1245.79	2061.0
1247.2	2029.0
1248.62	2000.5
1250.03	1963.5
1251.45	1976.0
1252.86	1932.0
1254.28	1957.0
1255.69	1872.0
1257.11	1910.0
1258.52	1895.0
1259.93	1896.5
1261.35	1909.5
1262.76	1895.0
1264.17	1898.5
1265.58	2059.0
1267.0	2029.5
1268.41	1868.5
1269.82	1832.5
1271.23	1838.5
1272.64	1841.5
1274.05	1856.5
1275.46	1860.0
1276.87	1835.0
1278.28	1813.0
1279.69	1865.5
1282.51	1868.0
1283.92	1963.5
1285.32	2833.5
1286.73	3946.0
1288.14	2047.0
1289.55	1845.5
1290.95	1839.0
1292.36	1785.5
1293.77	1807.0
1295.18	1799.0
1296.58	1797.0
1297.99	1824.5
1299.39	1804.5
1300.8	1767.5
1302.2	1740.5
1303.61	1761.0
1305.01	1788.0
1306.42	1756.5
1307.82	1773.0
1309.23	1736.0
1310.63	1742.0
1312.03	1758.0
1313.44	1760.0
1314.84	1776.5
1316.24	1749.0
1317.64	1749.5
1319.05	1762.0
1320.45	1765.5
1321.85	1738.5
1323.25	1780.0
1324.65	1741.5
1326.05	1736.0
1327.45	1723.5
1328.85	1739.0
1330.25	1744.0
1331.65	1742.5
1333.05	1728.5
1334.45	1718.0
1335.85	1729.5
1337.25	1698.5
1338.65	1730.5
1340.05	1752.5
1341.44	1706.5
1342.84	1728.0
1344.24	1747.0
1345.63	1735.0
1347.03	1733.5
1348.43	1719.5
1349.82	1769.5
1351.22	1726.5
1352.61	1779.0
1354.01	1729.5
1355.41	1753.0
1356.8	1762.5
1358.19	1786.0
1359.59	1769.5
1360.98	1777.0
1362.38	1725.0
1363.77	1750.5
1365.16	1742.5
1366.56	1763.0
1367.95	1769.0
1370.73	1775.0
1372.13	1745.5
1373.52	1765.5
1374.91	1763.5
1376.3	1740.5
1377.69	1763.0
1379.08	1774.0
1380.47	1762.5
1381.86	1767.0
1383.25	1790.0
1384.64	1806.0
1386.03	1868.0
1387.42	2275.5
1388.81	5154.5
1390.2	3187.5
1391.59	1795.5
1392.98	1783.5
1394.36	1810.0
1395.75	1740.0
1397.14	1743.5
1398.53	1749.5
1399.91	1797.5
1401.3	1782.5
1402.68	1741.5
1404.07	1733.5
1405.46	1768.5
1406.84	1785.0
1408.23	1808.0
1409.61	1962.0
1411.0	2002.0
1412.38	1763.5
1413.77	1731.5
1415.15	1740.5
1416.53	1766.0
1417.92	1820.5
1419.3	1768.5
1420.68	1813.5
1422.06	1777.0
1423.45	1803.5
1424.83	1819.0
1426.21	1792.0
1427.59	1794.5
1428.97	1795.5
1430.36	1814.0
1431.74	1809.5
1433.12	1836.0
1434.5	1840.0
1435.88	1830.5
1437.26	1820.5
1438.64	1864.5
1440.01	1801.5
1441.39	1828.0
1442.77	1825.5
1444.15	1807.0
1445.53	1848.5
1446.91	1843.5
1448.29	1831.5
1449.66	1795.5
1451.04	1806.5
1452.41	1792.5
1453.79	1835.5
1455.17	1812.5
1456.54	1804.5
1457.92	1793.0
1459.3	1817.5
1460.67	1825.0
1462.05	1800.5
1463.42	1832.0
1464.8	1807.0
1466.17	1774.5
1467.54	1799.0
1468.92	1763.0
1470.29	1782.5
1471.66	1793.5
1473.04	1789.0
1474.41	1763.5
1475.78	1791.5
1477.16	1765.0
1478.53	1766.5
1479.9	1803.0
1481.27	1747.0
1482.64	1765.5
1484.01	1750.0
1485.38	1731.5
1486.75	1739.0
1488.12	1767.5
1489.49	1711.5
1490.86	1743.5
1492.23	1750.0
1493.6	1758.0
1494.97	1766.5
1496.34	1796.5
1497.71	1770.5
1499.07	1785.0
1500.44	1784.0
1501.81	1768.5
1503.18	1749.5
1504.54	1784.0
1505.91	1811.0
1507.28	1776.0
1508.64	1806.5
1510.01	1778.0
1511.37	1746.5
1512.74	1770.0
1514.1	1766.5
1515.47	1795.0
1516.83	1801.0
1518.2	1735.0
1519.56	1772.5
1520.93	1822.0
1522.29	1810.0
1523.65	1773.5
1525.02	1760.0
1526.38	1787.5
1527.74	1797.0
1529.1	1782.0
1530.47	1784.5
1531.83	1786.5
1533.19	1752.0
1534.55	1803.5
1535.91	1776.5
1537.27	1766.5
1538.63	1764.0
1539.99	1762.5
1541.35	1783.5
1542.71	1766.5
1544.07	1832.5
1545.43	1801.0
1546.79	1785.0
1548.15	1770.5
1549.51	1791.5
1550.87	1815.5
1552.22	1820.0
1553.58	1810.0
1554.94	1821.5
1556.3	1794.0
1557.65	1796.0
1559.01	1851.5
1560.37	1807.5
1561.72	1839.0
1563.08	1827.0
1564.43	1798.0
1565.79	1846.5
1567.14	1825.5
1568.5	1866.0
1569.85	1844.5
1571.21	1830.5
1572.56	1834.5
1573.92	1840.5
1575.27	1836.5
1576.62	1879.5
1577.97	1865.0
1579.33	1897.0
1580.68	1882.0
1582.03	1892.5
1583.38	1841.0
1584.74	1898.5
1586.09	1845.0
1587.44	1854.5
1590.14	1848.0
1591.49	1871.5
1592.84	1900.0
1594.19	1854.5
1595.54	1859.0
1596.89	1894.0
1598.24	1926.5
1599.59	1953.5
1600.94	1928.0
1602.29	1995.0
1603.63	1969.5
1604.98	1920.0
1606.33	1945.5
1607.68	1913.0
1609.02	1918.0
1610.37	1920.5
1611.72	1907.5
1613.06	1920.5
1614.41	1947.5
1615.76	1929.0
1617.1	1888.5
1618.45	1868.0
1619.79	1903.0
1621.14	1904.0
1622.48	1911.5
1623.83	1899.0
1625.17	1894.0
1626.51	1907.5
1627.86	1915.0
1629.2	1913.0
1630.54	1909.0
1631.89	1883.0
1633.23	1863.0
1634.57	1874.5
1635.91	1910.5
1637.26	1905.5
1638.6	1883.0
1639.94	1871.0
1641.28	1858.5
1642.62	1854.0
1643.96	1835.0
1645.3	1861.0
1646.64	1868.5
1647.98	1849.5
1649.32	1857.5
1650.66	1845.5
1652.0	1833.0
1653.34	1822.5
1654.68	1859.5
1656.01	1848.5
1657.35	1881.0
1658.69	1828.5
1660.03	1835.0
1661.36	1819.5
1662.7	1823.0
1665.38	1805.0
1666.71	1818.5
1668.05	1859.5
1669.38	1830.0
1670.72	1824.5
1672.05	1840.0
1676.06	1795.5
1677.39	1806.5
1678.73	1849.5
1680.06	1840.0
1681.39	1824.0
1682.73	1820.5
1684.06	1819.0
1685.39	1803.0
1686.72	1781.5
1688.06	1789.5
1689.39	1807.5
1690.72	1779.5
1692.05	1809.0
1694.71	1798.5
1696.04	1800.5
1697.37	1824.0
1698.7	1755.5
1700.03	1795.0
1701.36	1772.0
1702.69	1776.0
1704.02	1825.5
1705.35	1830.5
1706.68	1790.0
1708.01	1796.5
1709.34	1836.0
1710.66	1823.5
1711.99	1792.5
1713.32	1829.5
1714.65	1816.5
1715.97	1839.5
1717.3	1804.5
1718.62	1805.5
1719.95	1791.0
1721.28	1839.5
1722.6	1821.0
1723.93	1873.0
1725.25	1851.0
1726.58	1830.0
1727.9	1831.5
1729.23	1825.0
1730.55	1830.5
1731.87	1816.0
1733.2	1827.0
1734.52	1813.0
1735.84	1839.0
1737.17	1834.0
1738.49	1828.0
1739.81	1803.5
1741.13	1807.0
1742.46	1765.0
1743.78	1827.5
1745.1	1793.5
1746.42	1798.0
1747.74	1810.5
1749.06	1793.5
1750.38	1781.5
1751.7	1787.0
1753.02	1794.0
1754.34	1791.5
1755.66	1775.0
1756.98	1738.5
1758.3	1720.0
1760.93	1739.0
1762.25	1776.0
1763.57	1786.5
1764.89	1747.5
1766.2	1787.0
1767.52	1771.5
1768.84	1752.5
1770.16	1750.5
1771.47	1732.0
1772.79	1785.5
1774.1	1750.0
1775.42	1761.5
1776.73	1766.0
1778.05	1779.5
1779.36	1748.5
1780.68	1738.0
1781.99	1757.0
1783.31	1780.5
1784.62	1775.0
1785.93	1763.0
1787.25	1787.5
1788.56	1719.5
1789.87	1752.0
1791.19	1775.0
1792.5	1774.5
1793.81	1787.0
1795.12	1767.0
1796.43	1769.5
1797.74	1760.5
1799.05	1768.5
1800.36	1727.5
1801.68	1769.0
1802.99	1768.0
1804.3	1742.5
1805.61	1774.5
1806.91	1750.0
1808.22	1758.0
1809.53	1741.0
1810.84	1748.0
1812.15	1776.5
1813.46	1774.5
1814.77	1754.0
1816.07	1746.5
1817.38	1742.5
1818.69	1771.5
1820.0	1771.0
1821.3	1702.0
1822.61	1735.5
1823.92	1757.5
1825.22	1722.0
1826.53	1761.0
1827.83	1769.0
1829.14	1716.5
1830.44	1765.5
1831.75	1759.0
1833.05	1758.0
1834.36	1792.5
1835.66	1764.0
1836.97	1728.5
1838.27	1774.0
1839.57	1756.5
1840.87	1747.0
1842.18	1772.0
1843.48	1774.0
1844.78	1746.0
1846.08	1750.0
1847.39	1731.5
1851.29	1733.0
1852.59	1719.0
1853.89	1773.0
1855.19	1753.0
1856.49	1702.5
1857.79	1763.5
1859.09	1757.5
1860.39	1761.5
1861.69	1756.5
1862.99	1758.5
1864.29	1736.5
1865.59	1753.5
1866.88	1719.0
1868.18	1781.0
1869.48	1737.5
1870.78	1730.5
1872.07	1760.0
1873.37	1724.0
1874.67	1763.5
1875.96	1740.0
1877.26	1745.5
1878.55	1726.0
1879.85	1771.0
1881.15	1733.5
1882.44	1718.0
1883.73	1731.5
1885.03	1746.0
1886.32	1781.0
1887.62	1783.5
1888.91	1706.0
1890.2	1745.0
1891.5	1728.0
1892.79	1753.5
1894.08	1767.5
1895.38	1738.5
1896.67	1730.0
1897.96	1730.0
1899.25	1750.5
1900.55	1765.0
1901.84	1754.0
1903.13	1723.0
1904.42	1763.0
1905.71	1743.5
1907.0	1748.5
1908.29	1747.5
1909.58	1739.0
1910.87	1777.0
1912.16	1779.5
1913.45	1778.0
1914.74	1755.0
1916.03	1754.5
1917.31	1751.0
1918.6	1766.0
1919.89	1737.0
1921.18	1737.0
1922.46	1762.5
1923.75	1754.0
1925.04	1763.0
1926.33	1742.0
1928.9	1744.0
1930.18	1772.0
1931.47	1733.0
1932.76	1766.0
1934.04	1792.0
1935.33	1778.5
1937.9	1743.0
1939.18	1773.0
