495.957	5838.0
497.512	5346.0
499.067	5010.5
500.622	4839.0
502.178	4538.5
503.732	4294.5
505.286	4128.5
506.84	3940.0
508.393	3747.5
509.946	3626.5
511.499	3482.0
513.052	3367.0
514.604	3334.5
516.156	3311.5
517.71	3346.5
519.262	3367.0
520.813	3382.0
522.364	3436.5
523.915	3458.0
525.463	3519.0
527.013	3601.0
528.563	3536.5
530.113	3469.5
531.662	3171.0
533.212	2984.5
534.76	2823.5
536.309	2670.5
537.858	2602.5
539.406	2537.0
540.953	2522.0
542.499	2395.5
544.046	2391.0
545.593	2331.0
547.14	2335.5
548.687	2313.5
550.231	2251.5
551.777	2268.5
553.323	2223.0
554.868	2182.0
556.412	2137.5
557.956	2109.0
559.501	2088.5
561.046	1995.5
562.588	1970.0
564.132	1939.0
565.675	1943.5
567.217	1940.5
568.76	1949.0
570.301	1942.5
571.843	1911.0
573.386	1943.0
574.926	1885.0
576.468	1896.5
578.007	1856.5
579.549	1910.5
581.088	1950.5
582.628	1959.5
584.167	1995.0
585.707	2081.0
587.245	2285.0
588.785	2982.5
593.399	2565.5
594.937	2208.5
596.474	2031.5
598.01	1977.0
599.548	1920.0
601.083	1900.0
602.621	1870.5
604.156	1902.0
605.691	1854.0
607.228	1807.5
608.762	1772.0
610.296	1785.5
611.83	1774.5
613.365	1723.5
614.899	1741.5
616.432	1707.5
617.965	1714.0
619.499	1723.0
621.031	1714.0
622.564	1675.5
624.095	1705.5
625.627	1715.5
627.158	1686.5
628.691	1709.0
630.222	1659.5
631.752	1617.0
633.283	1642.0
634.813	1673.5
636.342	1656.0
637.872	1671.5
639.401	1637.0
640.93	1671.0
642.458	1654.5
643.987	1678.0
645.515	1669.5
647.043	1628.0
648.571	1650.0
650.098	1686.0
651.625	1689.0
653.152	1710.0
654.679	1686.0
656.205	1635.5
657.731	1600.5
659.257	1609.0
660.781	1599.5
662.306	1530.5
663.831	1551.5
665.356	1525.0
666.88	1541.0
668.403	1547.5
669.927	1544.0
671.451	1549.5
672.974	1575.5
674.495	1556.5
676.018	1530.5
677.541	1565.0
679.064	1622.0
680.584	1601.0
682.106	1609.0
683.628	1634.0
685.147	1730.0
686.668	1708.5
688.187	1753.0
689.708	1803.5
691.229	1894.0
692.747	1968.0
694.267	2144.5
695.784	2465.5
697.304	2806.5
701.857	2593.0
703.375	2223.0
704.891	1942.5
706.409	1873.0
707.925	1768.0
709.442	1746.0
715.504	1632.5
717.018	1623.5
718.534	1573.5
720.047	1602.5
721.561	1601.0
723.076	1552.5
724.589	1560.5
726.101	1566.5
727.614	1545.0
729.128	1535.5
730.64	1500.5
732.151	1515.5
733.663	1533.5
735.174	1552.0
736.687	1525.0
738.197	1523.0
739.708	1529.5
741.218	1545.0
742.727	1506.5
744.237	1527.0
745.746	1542.0
747.255	1533.5
748.764	1528.0
750.273	1527.0
751.781	1527.5
753.289	1541.5
754.797	1516.0
756.305	1528.5
757.812	1513.5
759.319	1518.5
760.826	1482.0
762.333	1535.5
763.839	1567.5
766.851	1578.5
768.356	1570.5
769.862	1595.0
771.365	1606.0
772.869	1571.5
774.374	1636.5
775.878	1632.5
777.382	1685.0
778.884	1711.0
780.388	1731.0
781.891	1724.5
783.392	1793.5
784.895	1812.5
786.397	1840.0
787.898	1920.0
789.4	2070.5
790.902	2246.5
792.401	2392.0
793.903	2714.0
795.404	3145.0
796.902	3517.5
798.403	3564.5
799.901	3334.5
801.401	3127.5
802.899	3113.5
804.399	3375.5
805.896	3856.0
807.395	4705.5
811.887	4080.5
813.383	3313.5
814.881	2986.5
816.376	2941.0
817.873	2455.5
819.369	2145.0
820.863	2077.5
822.36	2008.0
823.854	1887.0
825.348	1891.0
826.842	1827.5
828.338	1825.0
829.831	1805.0
831.324	1783.0
832.817	1732.0
834.312	1755.5
835.804	1731.5
837.296	1779.5
838.788	1769.0
840.28	1778.0
841.771	1785.0
843.262	1769.0
844.753	1739.0
846.245	1736.5
847.736	1740.0
849.226	1732.5
850.716	1748.0
852.205	1766.5
853.695	1757.5
855.184	1759.5
856.673	1722.5
858.161	1757.5
859.648	1715.5
861.136	1729.0
862.624	1665.5
864.112	1666.0
868.573	1637.0
870.06	1632.5
871.544	1603.5
873.03	1644.5
874.516	1633.5
876.002	1606.0
877.485	1674.0
878.971	1647.5
880.455	1625.0
881.938	1652.0
883.423	1675.0
884.907	1643.5
886.389	1706.0
887.872	1686.0
889.356	1670.5
890.837	1693.0
892.32	1693.0
893.801	1669.5
895.283	1695.0
896.766	1674.5
898.246	1679.0
899.727	1653.5
901.207	1653.0
902.686	1639.5
904.167	1623.0
905.646	1636.5
907.127	1605.0
908.605	1654.0
910.085	1623.5
911.563	1584.0
913.04	1607.0
914.52	1610.5
915.997	1599.0
917.474	1640.5
918.952	1606.5
920.429	1601.5
921.905	1659.0
923.381	1615.0
924.856	1620.5
926.334	1604.0
927.809	1587.5
929.284	1553.5
930.758	1596.5
932.233	1552.5
933.707	1561.0
935.183	1556.5
936.656	1520.5
938.13	1551.0
939.603	1497.5
941.076	1500.5
942.549	1532.5
944.021	1521.0
945.493	1560.0
946.965	1533.5
948.437	1493.5
949.909	1523.5
951.38	1515.0
952.849	1538.5
954.32	1503.5
957.261	1503.5
961.67	1484.0
963.137	1501.5
964.606	1500.5
966.075	1456.0
967.544	1486.0
969.01	1451.5
970.478	1464.5
971.946	1486.0
973.412	1499.0
974.879	1482.5
976.346	1463.0
977.811	1454.5
979.278	1435.0
982.209	1420.0
983.675	1444.0
985.138	1407.0
986.604	1420.0
988.067	1435.0
989.532	1440.0
990.995	1419.5
992.458	1456.0
993.922	1443.5
995.384	1391.5
996.848	1425.5
998.309	1478.0
999.771	1476.5
1001.23	1433.5
1002.69	1426.0
1004.16	1413.5
1005.62	1410.0
1007.08	1425.0
1008.54	1440.0
1010.0	1414.0
1011.46	1457.5
1012.92	1445.0
1014.38	1463.5
1015.84	1426.5
1020.21	1480.0
1021.67	1489.5
1023.13	1483.5
1024.58	1465.5
1026.04	1493.5
1027.5	1490.0
1028.96	1509.5
1030.41	1522.0
1031.87	1523.5
1033.32	1590.5
1037.69	1675.5
1039.14	1643.0
1040.6	1622.0
1042.05	1574.5
1043.51	1604.5
1044.96	1622.0
1047.86	1613.5
1049.32	1624.5
1050.77	1633.0
1053.67	1628.0
1055.13	1653.0
1056.58	1664.0
1058.03	1689.5
1059.48	1752.5
1060.93	1806.5
1062.38	1980.0
1063.83	2154.0
1065.28	2393.0
1069.63	2241.5
1071.08	2162.5
1072.53	2085.5
1073.97	2045.0
1075.42	2047.5
1076.87	2032.5
1078.32	2188.5
1079.76	2467.0
1081.21	2864.0
1085.55	2618.5
1086.99	2242.5
1088.44	1970.0
1089.89	1797.0
1091.33	1739.5
1092.77	1683.0
1094.22	1616.0
1095.66	1583.0
1097.11	1578.0
1098.55	1549.0
1099.99	1535.0
1101.44	1541.5
1102.88	1539.5
1104.32	1535.5
1105.76	1528.5
1107.2	1512.5
1108.65	1525.5
1110.09	1497.5
1111.53	1516.0
1112.97	1490.5
1114.41	1514.5
1115.85	1476.0
1117.29	1483.0
1118.73	1472.5
1120.17	1491.5
1121.61	1492.5
1123.05	1512.5
1124.49	1511.5
1125.93	1499.5
1127.36	1505.0
1128.8	1513.5
1130.24	1535.5
1131.68	1504.5
1133.11	1521.5
1134.55	1515.5
1135.99	1531.5
1137.42	1533.0
1138.86	1564.0
1140.29	1579.0
1141.73	1620.0
1143.17	1594.5
1144.6	1612.5
1146.03	1701.0
1147.47	1703.5
1148.9	1790.0
1150.34	1860.0
1151.77	1942.5
1153.2	2066.5
1154.64	2311.5
1156.07	2617.5
1157.5	3037.0
1158.93	3530.0
1160.37	3815.5
1161.8	3669.0
1163.23	3344.0
1164.66	2840.5
1166.09	2391.0
1167.52	2200.5
1168.95	1945.0
1170.38	1817.0
1171.81	1759.5
1173.24	1665.5
1174.67	1621.5
1176.1	1581.0
1177.53	1580.0
1178.96	1560.5
1180.38	1536.0
1181.81	1529.0
1183.24	1499.5
1184.67	1510.5
1186.09	1490.0
1187.52	1489.0
1188.95	1515.5
1190.37	1491.5
1191.8	1511.5
1193.23	1471.5
1194.65	1504.5
1196.08	1518.5
1197.5	1484.5
1198.93	1460.0
1200.35	1489.0
1201.77	1471.0
1203.2	1498.5
1204.62	1483.0
1206.05	1501.0
1207.47	1484.5
1208.89	1468.5
1211.73	1486.0
1213.16	1483.0
1214.58	1457.5
1216.0	1503.5
1217.42	1458.5
1218.84	1495.5
1220.26	1520.5
1221.68	1539.5
1223.1	1518.0
1224.52	1539.0
1225.94	1581.5
1227.36	1562.5
1228.78	1590.0
1230.2	1616.0
1231.62	1652.0
1233.04	1657.5
1234.45	1624.0
1235.87	1615.0
1237.29	1605.5
1240.12	1627.5
1241.54	1596.0
1242.96	1571.0
1244.37	1596.5
1245.79	1542.0
1247.2	1560.5
1248.62	1566.0
1250.03	1597.0
1251.45	1560.5
1252.86	1583.0
1254.28	1566.0
1255.69	1558.5
1257.11	1559.5
1258.52	1560.0
1259.93	1570.0
1261.35	1602.5
1262.76	1584.5
1264.17	1627.5
1265.58	1736.5
1267.0	1721.0
1268.41	1588.0
1269.82	1586.5
1271.23	1577.5
1272.64	1576.0
1274.05	1578.0
1275.46	1577.5
1276.87	1621.0
1278.28	1598.5
1279.69	1589.0
1281.1	1574.5
1282.51	1627.5
1283.92	1817.0
1285.32	3171.5
1286.73	4608.0
1288.14	2076.5
1289.55	1662.0
1290.95	1641.0
1292.36	1594.0
1293.77	1557.0
1295.18	1552.5
1296.58	1543.5
1299.39	1557.5
1300.8	1577.0
1302.2	1566.5
1303.61	1560.5
1305.01	1534.0
1306.42	1554.5
1307.82	1569.5
1309.23	1553.0
1310.63	1502.0
1312.03	1530.5
1313.44	1524.0
1314.84	1529.5
1316.24	1514.0
1317.64	1508.0
1319.05	1473.5
1320.45	1485.0
1321.85	1512.0
1323.25	1495.5
1324.65	1489.0
1326.05	1499.5
1328.85	1461.0
1330.25	1501.5
1331.65	1472.5
1333.05	1479.0
1334.45	1494.0
1335.85	1500.0
1337.25	1459.5
1338.65	1505.5
1340.05	1526.5
1341.44	1480.5
1342.84	1492.0
1344.24	1526.0
1345.63	1532.5
1347.03	1484.5
1348.43	1461.5
1349.82	1509.5
1351.22	1489.0
1352.61	1505.5
1354.01	1521.0
1355.41	1493.5
1356.8	1477.5
1358.19	1511.0
1359.59	1513.0
1360.98	1523.0
1362.38	1507.0
1363.77	1509.0
1365.16	1526.0
1366.56	1546.5
1367.95	1520.5
1369.34	1564.5
1370.73	1599.0
1372.13	1556.0
1373.52	1569.5
1374.91	1556.0
1376.3	1554.5
1377.69	1576.0
1379.08	1572.5
1380.47	1571.0
1381.86	1598.5
1383.25	1618.0
1384.64	1635.5
1386.03	1764.5
1387.42	2362.5
1388.81	6160.5
1390.2	4505.5
1391.59	1709.5
1392.98	1628.0
1394.36	1614.5
1395.75	1569.0
1397.14	1567.5
1398.53	1590.5
1399.91	1581.5
1401.3	1530.0
1402.68	1539.5
1404.07	1562.0
1405.46	1585.0
1406.84	1581.5
1408.23	1640.5
1409.61	1805.0
1411.0	1910.5
1412.38	1599.5
1413.77	1575.5
1415.15	1555.5
1416.53	1553.5
1417.92	1578.0
1419.3	1556.5
1420.68	1583.0
1422.06	1524.0
1423.45	1543.5
1424.83	1567.0
1426.21	1602.0
1427.59	1574.5
1428.97	1584.5
1430.36	1583.0
1433.12	1560.0
1434.5	1573.0
1435.88	1603.0
1437.26	1554.0
1438.64	1568.5
1440.01	1574.0
1441.39	1587.5
1442.77	1597.0
1444.15	1579.0
1445.53	1577.0
1446.91	1606.0
1448.29	1563.0
1449.66	1540.0
1451.04	1562.5
1452.41	1585.0
1453.79	1583.5
1455.17	1549.0
1456.54	1525.5
1457.92	1563.0
1459.3	1569.5
1460.67	1574.0
1464.8	1499.0
1466.17	1511.0
1467.54	1560.5
1468.92	1516.5
1470.29	1515.0
1471.66	1546.0
1474.41	1547.0
1475.78	1537.0
1477.16	1528.0
1478.53	1483.0
1479.9	1511.5
1481.27	1516.5
1482.64	1534.5
1484.01	1529.5
1485.38	1531.0
1486.75	1535.0
1488.12	1526.0
1489.49	1499.5
1490.86	1471.5
1492.23	1518.5
1493.6	1497.0
1494.97	1532.5
1496.34	1551.0
1497.71	1555.0
1499.07	1550.0
1501.81	1523.5
1503.18	1532.0
1504.54	1545.0
1508.64	1485.5
1510.01	1506.5
1511.37	1527.0
1512.74	1547.5
1514.1	1547.5
1515.47	1499.0
1516.83	1543.0
1518.2	1496.0
1519.56	1515.5
1520.93	1525.0
1522.29	1513.0
1523.65	1527.0
1525.02	1522.5
1526.38	1516.0
1527.74	1556.0
1529.1	1512.5
1530.47	1557.5
1531.83	1578.5
1533.19	1598.5
1534.55	1555.0
1535.91	1592.0
1537.27	1570.5
1539.99	1559.0
1541.35	1557.5
1542.71	1554.5
1544.07	1528.0
1545.43	1552.0
1546.79	1507.5
1548.15	1538.0
1549.51	1508.0
1550.87	1571.0
1552.22	1557.5
1553.58	1558.0
1554.94	1544.5
1556.3	1527.0
1557.65	1550.0
1559.01	1557.0
1560.37	1567.0
1561.72	1551.5
1563.08	1571.5
1564.43	1573.0
1565.79	1569.5
1567.14	1580.5
1568.5	1596.5
1569.85	1560.5
1571.21	1546.0
1573.92	1574.0
1575.27	1599.0
1576.62	1610.5
1577.97	1650.5
1579.33	1632.5
1580.68	1691.5
1582.03	1674.0
1583.38	1691.0
1584.74	1649.0
1586.09	1619.5
1587.44	1665.0
1588.79	1688.5
1590.14	1618.0
1591.49	1654.5
1592.84	1646.0
1594.19	1669.0
1595.54	1652.0
1596.89	1743.5
1598.24	1720.0
1599.59	1751.0
1600.94	1801.0
1602.29	1793.0
1603.63	1788.5
1604.98	1747.5
1606.33	1723.5
1607.68	1699.0
1609.02	1671.5
1610.37	1672.0
1611.72	1682.0
1613.06	1655.5
1614.41	1653.0
1615.76	1633.5
1617.1	1629.0
1618.45	1652.5
1619.79	1617.0
1621.14	1625.0
1622.48	1649.5
1623.83	1619.0
1625.17	1632.0
1627.86	1607.0
1629.2	1635.5
1630.54	1646.5
1631.89	1595.0
1633.23	1612.0
1634.57	1642.5
1635.91	1608.0
1637.26	1642.5
1638.6	1608.5
1639.94	1601.5
1641.28	1573.0
1642.62	1599.0
1643.96	1593.5
1645.3	1602.0
1646.64	1631.5
1647.98	1589.5
1649.32	1603.0
1650.66	1575.0
1652.0	1610.5
1653.34	1591.0
1654.68	1612.0
1656.01	1607.0
1657.35	1644.0
1658.69	1606.0
1660.03	1590.5
1661.36	1609.0
1662.7	1573.5
1664.04	1602.0
1665.38	1598.0
1666.71	1611.5
1668.05	1601.0
1669.38	1608.5
1670.72	1574.0
1672.05	1600.5
1673.39	1563.0
1674.72	1559.0
1676.06	1559.5
1677.39	1558.0
1678.73	1575.0
1680.06	1567.0
1681.39	1553.0
1682.73	1582.5
1684.06	1598.5
1685.39	1572.0
1686.72	1584.5
1688.06	1557.5
1689.39	1609.0
1690.72	1567.5
1692.05	1536.5
1693.38	1537.0
1694.71	1569.5
1696.04	1571.0
1697.37	1566.0
1698.7	1575.0
1700.03	1572.0
1701.36	1579.0
1702.69	1576.5
1704.02	1560.0
1705.35	1605.5
1706.68	1556.5
1708.01	1576.5
1709.34	1588.0
1710.66	1586.0
1711.99	1577.5
1713.32	1624.0
1714.65	1585.0
1715.97	1584.0
1717.3	1623.5
1718.62	1649.0
1719.95	1663.0
1721.28	1632.5
1722.6	1629.0
1723.93	1646.0
1725.25	1680.0
1726.58	1664.5
1727.9	1675.0
1729.23	1653.5
1730.55	1672.0
1735.84	1674.0
1737.17	1631.0
1738.49	1593.0
1739.81	1592.5
1741.13	1587.0
1742.46	1565.0
1743.78	1578.0
1745.1	1595.0
1746.42	1586.0
1747.74	1601.5
1749.06	1588.5
1750.38	1577.5
1751.7	1580.0
1753.02	1550.0
1754.34	1521.0
1755.66	1530.5
1756.98	1513.0
1758.3	1531.5
1760.93	1495.5
1762.25	1518.5
1763.57	1542.5
1764.89	1503.5
1766.2	1547.0
1767.52	1554.0
1768.84	1539.0
1770.16	1555.0
1772.79	1542.5
1774.1	1540.5
1775.42	1547.5
1776.73	1545.5
1778.05	1509.5
1779.36	1548.0
1780.68	1538.5
1781.99	1562.0
1784.62	1504.0
1785.93	1524.0
1787.25	1510.0
1788.56	1544.0
1789.87	1550.0
1791.19	1558.0
1792.5	1552.5
1793.81	1543.5
1795.12	1573.5
1796.43	1559.0
1797.74	1532.0
1799.05	1538.0
1800.36	1505.0
1801.68	1520.5
1802.99	1538.5
1804.3	1534.5
1805.61	1524.5
1806.91	1533.5
1808.22	1519.5
1809.53	1539.5
1810.84	1537.5
1812.15	1525.0
1813.46	1525.0
1814.77	1512.0
1816.07	1542.5
1817.38	1526.5
1818.69	1528.0
1820.0	1532.0
1821.3	1524.5
1822.61	1515.5
1823.92	1524.5
1825.22	1511.5
1826.53	1536.5
1827.83	1544.5
1829.14	1506.5
1830.44	1536.0
1831.75	1493.0
1833.05	1484.5
1834.36	1517.0
1835.66	1514.0
1836.97	1533.5
1838.27	1503.0
1839.57	1510.5
1840.87	1539.5
1842.18	1519.5
1843.48	1524.0
1844.78	1542.0
1846.08	1515.0
1847.39	1505.5
1848.69	1507.0
1849.99	1484.0
1851.29	1505.5
1852.59	1511.5
1853.89	1525.5
1855.19	1521.5
1857.79	1519.0
1859.09	1495.0
1860.39	1526.5
1861.69	1548.0
1862.99	1490.0
1864.29	1487.0
1865.59	1500.5
1866.88	1471.0
1868.18	1537.0
1869.48	1514.5
1870.78	1525.0
1872.07	1534.5
1873.37	1500.5
1874.67	1505.0
1877.26	1512.0
1878.55	1513.0
1879.85	1497.0
1881.15	1536.5
1882.44	1517.5
1883.73	1518.5
1885.03	1517.0
1886.32	1527.0
1887.62	1544.0
1888.91	1505.5
1890.2	1507.5
1891.5	1539.5
1892.79	1508.5
1894.08	1511.5
1895.38	1501.0
1896.67	1484.5
1897.96	1482.5
1899.25	1488.0
1900.55	1506.5
1901.84	1509.0
1903.13	1522.0
1904.42	1484.0
1905.71	1491.5
1907.0	1480.0
1908.29	1501.5
1909.58	1533.0
1910.87	1488.0
1912.16	1511.0
1913.45	1506.0
1914.74	1471.5
1916.03	1503.0
1917.31	1533.0
1918.6	1512.5
1919.89	1496.5
1921.18	1506.5
1922.46	1489.5
1923.75	1530.5
1925.04	1499.5
1926.33	1488.0
1927.61	1560.5
1928.9	1553.0
1930.18	1512.5
1931.47	1500.5
1932.76	1487.0
1934.04	1533.5
1935.33	1500.5
1936.61	1527.0
1937.9	1502.0
1941.75	1531.5
