492.825	4189
494.381	4082
495.936	4174.5
497.494	4209.5
499.049	4203
500.603	4163.5
502.158	4215.5
503.712	4132
505.266	4176.5
506.819	4223.5
508.375	4144
509.928	4198
511.481	4147
513.034	4165
514.586	4148.5
516.138	4173.5
517.69	4100.5
519.241	4104
520.793	4112.5
522.344	4048.5
523.894	4166.5
525.445	4104.5
526.995	4079
528.545	4058.5
530.095	4119
531.644	3998
533.193	4083
534.74	4171
536.289	4033
537.837	4007.5
539.385	4050
540.933	4060.5
542.481	4054.5
544.028	4056.5
545.573	4077
547.12	4020.5
548.667	4002.5
550.213	3948
551.759	3937.5
553.303	3896.5
554.848	3854
556.393	3791
557.938	3816
559.481	3846.5
561.025	3843
562.57	3844
564.111	3795.5
565.655	3897.5
567.199	3813.5
568.74	3799
570.283	3774
571.823	3882.5
573.366	3819
574.908	3885
576.447	3908
577.989	3898.5
579.528	3957
581.069	3938
582.608	3981
584.149	3971
585.687	3940
587.227	3938
588.765	3932
590.304	4006
591.841	3897.5
593.38	3919
594.917	3933.5
596.453	3993.5
597.992	4003
599.528	4034
601.065	4044
602.601	3992.5
604.136	4060
605.673	3979
607.207	3974
608.742	3914
610.278	3857
611.812	3753
613.345	3711
614.879	3699
616.414	3660.5
617.946	3552.5
619.479	3622
621.011	3548
622.543	3520
624.077	3513.5
625.609	3453
627.14	3486.5
628.671	3425.5
630.202	3411
631.732	3432
633.262	3407
634.792	3450
636.322	3380.5
637.854	3388
639.383	3412.5
640.912	3427.5
642.44	3439
643.969	3466
645.497	3473
647.025	3440.5
648.552	3498
650.08	3451
651.605	3503
653.132	3514
654.659	3538
656.185	3527.5
657.711	3516
659.237	3580.5
660.762	3532
662.288	3508
663.811	3517
665.336	3528.5
666.86	3564.5
668.385	3458.5
669.909	3522
671.43	3547
672.954	3444
674.477	3471.5
676	3485
677.521	3423.5
679.044	3440.5
680.566	3407
682.086	3419.5
683.608	3395.5
685.129	3413
686.648	3383
688.169	3362.5
689.688	3395.5
691.209	3356
692.729	3323.5
694.247	3333
695.766	3305.5
697.284	3276
698.803	3317.5
700.32	3283.5
701.839	3297
703.355	3289
704.873	3248
706.389	3256
707.907	3309
709.422	3260.5
710.938	3197
712.455	3224
713.969	3198.5
715.486	3202.5
717	3287.5
718.514	3221.5
720.027	3243
721.543	3158.5
723.056	3166.5
724.569	3224
726.083	3177.5
727.596	3184.5
729.108	3234.5
730.62	3221
732.133	3258
733.645	3208
735.156	3245.5
736.667	3184.5
738.177	3253
739.688	3235
741.198	3219
742.71	3175.5
744.219	3249
745.728	3200.5
747.238	3204.5
748.746	3228
750.255	3237
751.763	3199
753.271	3287
754.779	3265.5
756.287	3230
757.794	3308
759.301	3259.5
760.808	3368.5
762.315	3267
763.819	3382
765.325	3362
766.831	3332.5
768.336	3333.5
769.842	3370
771.347	3328.5
772.852	3354
774.354	3420.5
775.859	3424.5
777.363	3368
778.866	3436
780.368	3366.5
781.871	3437
783.374	3445
784.877	3483.5
786.378	3478
787.88	3428.5
789.382	3435
790.882	3574.5
792.383	3604.5
793.883	3526
795.384	3569
796.885	3593
798.383	3670.5
799.883	3688.5
801.382	3719.5
802.881	3841
804.379	3929
805.878	4003.5
807.375	4118
808.874	4298
810.371	4547.5
811.867	4859.5
813.365	5175.5
814.861	5717.5
816.358	6330
817.854	7111
819.349	8101.5
820.846	9001
822.34	9275
823.835	9123.5
825.331	8377
826.824	7559
828.318	6980.5
829.811	6409.5
831.306	6075
832.799	5832
834.292	5614
835.784	5606
837.276	5629.5
838.768	5672.5
840.262	5843
841.753	6158.5
843.244	6483
844.735	6960.5
846.226	7725.5
847.716	8595
849.206	9759.5
850.696	10806.5
852.186	11890
853.675	12583.5
855.164	12513.5
856.653	11759
858.142	10543
859.63	9307
861.118	8315
862.606	7466.5
864.094	6630
865.579	6045
867.066	5673
868.553	5275
870.04	5014
871.526	4768.5
873.013	4553
874.497	4441
875.982	4393.5
877.468	4468
878.953	4520.5
880.436	4496
881.921	4362.5
883.405	4263
884.887	4103
886.371	3925
887.855	3854
889.336	3780.5
890.82	3713
892.301	3673.5
893.783	3592
895.264	3594.5
896.746	3546
898.226	3540.5
899.708	3555
901.187	3544
902.669	3534
904.148	3523.5
905.629	3505
907.107	3505
908.587	3570.5
910.065	3541.5
911.543	3512
913.023	3546
914.5	3573.5
915.977	3602.5
917.456	3691.5
918.933	3669.5
920.409	3603.5
921.885	3567
923.363	3511
924.839	3512
926.314	3566
927.789	3501
929.264	3486
930.741	3519.5
932.215	3584.5
933.689	3548
935.163	3514
936.637	3629
938.11	3607.5
939.584	3654
941.057	3652
942.529	3753
944.002	3819.5
945.474	3858.5
946.946	3947
948.418	4020.5
949.889	4088
951.36	4176
952.831	4186
954.302	4268
955.773	4275
957.243	4242.5
958.711	4263
960.181	4167.5
961.651	4143
963.12	4113
964.589	3950.5
966.056	3918
967.524	3841
968.993	3814.5
970.459	3700
971.927	3613
973.395	3592.5
974.86	3568
976.327	3554
977.794	3511
979.259	3508
980.725	3410
982.189	3494
983.655	3403
985.119	3419
986.585	3384.5
988.048	3482.5
989.513	3428
990.976	3332
992.44	3353.5
993.902	3381.5
995.366	3337
996.828	3358.5
998.29	3365.5
999.753	3332.5
1001.21	3303.5
1002.68	3367.5
1004.14	3306.5
1005.6	3259
1007.06	3223
1008.52	3177
1009.98	3188
1011.44	3196.5
1012.9	3150
1014.36	3152
1015.82	3193
1017.28	3140.5
1018.73	3091.5
1020.19	3133
1021.65	3054
1023.11	3077.5
1024.57	3119.5
1026.02	3087.5
1027.48	3077.5
1028.94	3025.5
1030.39	3023.5
1031.85	2950.5
1033.3	3050
1034.76	2955.5
1036.22	2993.5
1037.67	2937.5
1039.13	2957
1040.58	2947.5
1042.03	2915.5
1043.49	2940.5
1044.94	2896
1046.39	2881
1047.85	2860
1049.3	2853
1050.75	2837
1052.2	2793
1053.66	2786.5
1055.11	2746.5
1056.56	2740
1058.01	2718.5
1059.46	2728
1060.91	2699.5
1062.36	2710.5
1063.81	2658.5
1065.26	2640.5
1066.71	2708
1068.16	2623.5
1069.61	2648.5
1071.06	2603.5
1072.51	2571.5
1073.95	2575
1075.4	2596.5
1076.85	2557
1078.3	2605.5
1079.74	2556
1081.19	2534.5
1082.64	2546
1084.08	2588.5
1085.53	2513.5
1086.98	2496.5
1088.42	2502
1089.87	2509
1091.31	2480
1092.76	2480.5
1094.2	2435.5
1095.64	2452.5
1097.09	2386
1098.53	2428
1099.97	2414.5
1101.42	2368.5
1102.86	2444
1104.3	2376.5
1105.75	2370
1107.19	2347
1108.63	2328
1110.07	2351.5
1111.51	2351.5
1112.95	2357.5
1114.39	2309
1115.83	2325.5
1117.27	2316
1118.71	2320
1120.15	2266
1121.59	2319
1123.03	2297
1124.47	2284.5
1125.91	2283
1127.35	2308
1128.78	2278.5
1130.22	2314.5
1131.66	2275
1133.1	2229
1134.53	2236.5
1135.97	2222.5
1137.4	2262.5
1138.84	2226
1140.28	2203.5
1141.71	2268.5
1143.15	2236.5
1144.58	2203.5
1146.02	2184
1147.45	2194.5
1148.88	2173
1150.32	2171
1151.75	2233
1153.18	2179.5
1154.62	2159.5
1156.05	2165
1157.48	2095.5
1158.92	2150
1160.35	2169
1161.78	2160
1163.21	2162
1164.64	2184.5
1166.07	2154
1167.5	2150
1168.93	2134
1170.36	2145
1171.79	2121
1173.22	2164.5
1174.65	2123
1176.08	2064.5
1177.51	2140.5
1178.94	2093.5
1180.37	2115
1181.79	2100.5
1183.22	2137.5
1184.65	2097.5
1186.08	2110
1187.5	2072
1188.93	2120
1190.35	2108.5
1191.78	2110
1193.21	2102
1194.63	2062
1196.06	2088
1197.48	2077
1198.91	2066.5
1200.33	2056
1201.76	2098.5
1203.18	2102.5
1204.6	2066
1206.03	2038.5
1207.45	2076
1208.87	2009.5
1210.29	2045.5
1211.72	2061.5
1213.14	2046
1214.56	2054.5
1215.98	2024
1217.4	2018
1218.82	2052.5
1220.25	2038
1221.66	2018
1223.09	2007.5
1224.5	2033
1225.93	2026.5
1227.34	2047.5
1228.76	2044
1230.18	2064
1231.6	2033.5
1233.02	2024.5
1234.44	2032.5
1235.85	2046.5
1237.27	2043.5
1238.69	2040
1240.11	2021
1241.52	2015
1242.94	2028
1244.35	2032.5
1245.77	1992
1247.19	2019
1248.6	2032
1250.02	1974
1251.43	2011
1252.85	1990
1254.26	2038.5
1255.67	2008.5
1257.09	1985
1258.5	1973.5
1259.92	1930.5
1261.33	1966.5
1262.74	2004
1264.15	2047
1265.56	2041.5
1266.98	2010
1268.39	1999.5
1269.8	2002.5
1271.21	1975.5
1272.62	1996
1274.03	1997
1275.44	1968.5
1276.85	1965.5
1278.26	2008.5
1279.67	1988
1281.08	1960
1282.49	1937
1283.9	1991
1285.31	2096.5
1286.71	2406
1288.12	2029
1289.53	2037
1290.94	2031.5
1292.34	1996.5
1293.75	2009.5
1295.16	1959.5
1296.56	1979.5
1297.97	1979.5
1299.38	1969
1300.78	1939
1302.19	1992.5
1303.59	1982
1305	2004
1306.4	2004.5
1307.8	2009
1309.21	2010
1310.61	2027.5
1312.01	2011.5
1313.42	1970.5
1314.82	1960
1316.22	1974
1317.63	1964
1319.03	1979.5
1320.43	1922
1321.83	1978
1323.23	1985.5
1324.63	1929.5
1326.03	1958
1327.44	1945.5
1328.84	1996
1330.24	1968
1331.63	2024
1333.03	1978.5
1334.43	1994
1335.83	1982.5
1337.23	1988.5
1338.63	1988
1340.03	1955.5
1341.42	2007
1342.82	1995.5
1344.22	1973
1345.62	2044
1347.01	2005
1348.41	2000.5
1349.81	1957.5
1351.2	1970.5
1352.6	1955
1353.99	2011.5
1355.39	1996.5
1356.78	1971.5
1358.18	1987
1359.57	1971
1360.97	2025
1362.36	1984.5
1363.75	2037
1365.15	1984
1366.54	1994.5
1367.93	2016.5
1369.33	1980
1370.72	2037.5
1372.11	2022.5
1373.5	2025.5
1374.89	1941
1376.28	2036.5
1377.68	1970
1379.07	2024.5
1380.46	2021
1381.85	1994
1383.24	2019.5
1384.63	2003
1386.02	1978
1387.4	2062
1388.79	2511
1390.18	2360.5
1391.57	2011
1392.96	2003.5
1394.35	2002.5
1395.73	2051
1397.12	1991
1398.51	2039
1399.89	2025
1401.28	1999.5
1402.67	2040
1404.05	1995.5
1405.44	2021.5
1406.83	2007.5
1408.21	2047.5
1409.59	2113.5
1410.98	2120.5
1412.36	2018.5
1413.75	2012
1415.13	2033
1416.52	2019.5
1417.9	2024
1419.28	2029.5
1420.67	1962.5
1422.05	2040
1423.43	1997.5
1424.81	2006
1426.19	2012
1427.58	1996
1428.96	2064.5
1430.34	2022.5
1431.72	2000.5
1433.1	2002
1434.48	2032
1435.86	2073
1437.24	1999
1438.62	2017.5
1440	2045
1441.38	2026.5
1442.76	2054
1444.13	2029
1445.51	2003.5
1446.89	2008
1448.27	2040
1449.64	2008.5
1451.02	2018
1452.4	2025
1453.78	2045
1455.15	2038.5
1456.53	2026.5
1457.9	2030
1459.28	1987.5
1460.65	2006
1462.03	2047
1463.4	2035
1464.78	1991
1466.15	1993.5
1467.53	1989
1468.9	1992
1470.27	2005.5
1471.65	1981.5
1473.02	1983.5
1474.39	1991.5
1475.76	1996
1477.14	1999.5
1478.51	1950.5
1479.88	1964
1481.25	1951.5
1482.62	1956
1483.99	1992
1485.36	1963
1486.73	1960
1488.1	1957
1489.47	1938.5
1490.84	1973
1492.21	2026
1493.58	1969
1494.95	2012.5
1496.32	2012.5
1497.69	2039.5
1499.06	2019
1500.42	2027.5
1501.79	2005.5
1503.16	2017
1504.53	1975
1505.89	1974
1507.26	2022
1508.63	2046.5
1509.99	2022.5
1511.36	1989.5
1512.72	2011.5
1514.09	1956.5
1515.45	1980
1516.82	2014
1518.18	1992.5
1519.55	1995
1520.91	2012
1522.27	2036.5
1523.64	1996.5
1525	2002
1526.36	1973.5
1527.72	2035
1529.09	2010.5
1530.45	2047
1531.81	2092.5
1533.17	1994.5
1534.53	2044
1535.89	2013
1537.25	1994.5
1538.62	2012.5
1539.98	2005
1541.34	2043.5
1542.7	2017
1544.05	2038.5
1545.41	2039
1546.77	2059
1548.13	2035
1549.49	2043
1550.85	2008
1552.21	1995.5
1553.56	2032
1554.92	2037
1556.28	2062
1557.64	2033.5
1558.99	2014.5
1560.35	2031
1561.7	2025
1563.06	2022
1564.42	2061.5
1565.77	2062
1567.13	2019
1568.48	2052
1569.84	2089.5
1571.19	2070.5
1572.55	2072
1573.9	2061
1575.25	2042
1576.6	2050
1577.96	2056
1579.31	2076
1580.66	2037.5
1582.02	2036
1583.37	2081
1584.72	2043.5
1586.07	2051
1587.42	2049.5
1588.77	2135.5
1590.12	2107.5
1591.47	2064
1592.83	2043
1594.17	2056
1595.53	2081
1596.87	2067
1598.22	2064.5
1599.57	2103.5
1600.92	2100
1602.27	2114
1603.62	2090
1604.96	2117
1606.31	2117
1607.66	2033
1609.01	2118.5
1610.35	2070.5
1611.7	2103
1613.05	2080.5
1614.39	2069.5
1615.74	2075
1617.09	2110.5
1618.43	2092.5
1619.78	2060
1621.12	2044.5
1622.47	2063
1623.81	2033.5
1625.15	2077.5
1626.5	2085.5
1627.84	2066
1629.18	2071.5
1630.53	2054.5
1631.87	2065
1633.21	2068.5
1634.55	2079
1635.9	2054.5
1637.24	2057.5
1638.58	2047.5
1639.92	2028
1641.26	2074
1642.6	2095
1643.94	2023.5
1645.28	2070
1646.62	2022.5
1647.96	2042
1649.3	2021
1650.64	2050.5
1651.98	2054
1653.32	2068
1654.66	2046
1656	2121.5
1657.34	2078.5
1658.67	2053.5
1660.01	2056.5
1661.35	2046
1662.68	2067
1664.02	2044.5
1665.36	2070
1666.69	2063
1668.03	2085
1669.37	2053
1670.7	2099
1672.04	2043.5
1673.37	2100.5
1674.71	2034
1676.04	2047.5
1677.38	2060.5
1678.71	2055
1680.04	2086
1681.38	2086
1682.71	2044.5
1684.04	2045.5
1685.37	2073
1686.71	2042.5
1688.04	2066
1689.37	2069.5
1690.7	2067
1692.03	2052.5
1693.37	2084.5
1694.69	2093
1696.03	2040.5
1697.36	2051.5
1698.69	2100
1700.02	2060
1701.35	2091.5
1702.67	2037.5
1704.01	2114.5
1705.33	2082.5
1706.66	2069
1707.99	2096
1709.32	2093.5
1710.65	2094.5
1711.97	2077.5
1713.3	2100.5
1714.63	2103.5
1715.95	2134
1717.28	2074.5
1718.61	2086.5
1719.93	2131
1721.26	2113
1722.59	2130.5
1723.91	2100
1725.24	2141.5
1726.56	2074
1727.89	2076
1729.21	2066.5
1730.53	2081
1731.86	2074.5
1733.18	2129
1734.5	2122.5
1735.83	2114.5
1737.15	2097
1738.47	2118.5
1739.79	2086.5
1741.12	2062.5
1742.44	2126
1743.76	2062
1745.08	2108.5
1746.4	2125
1747.72	2072.5
1749.04	2078.5
1750.36	2064
1751.68	2092.5
1753	2104.5
1754.32	2098
1755.64	2047
1756.96	2072
1758.28	2087
1759.6	2071.5
1760.92	2064
1762.23	2088
1763.55	2123
1764.87	2108.5
1766.19	2101
1767.5	2078.5
1768.82	2095
1770.14	2156
1771.45	2066
1772.77	2140.5
1774.09	2112
1775.4	2073.5
1776.72	2069
1778.03	2064
1779.35	2114
1780.66	2140
1781.98	2104.5
1783.29	2120
1784.6	2080
1785.92	2104.5
1787.23	2098
1788.54	2072
1789.85	2133.5
1791.17	2088.5
1792.48	2087
1793.79	2144.5
1795.1	2142
1796.41	2099
1797.73	2059
1799.04	2098
1800.35	2149
1801.66	2086
1802.97	2111.5
1804.28	2120
1805.59	2071.5
1806.9	2071
1808.21	2107.5
1809.52	2058.5
1810.83	2155.5
1812.13	2116.5
1813.44	2076
1814.75	2110
1816.06	2107
1817.37	2075.5
1818.67	2095
1819.98	2070
1821.29	2116
1822.59	2070
1823.9	2127.5
1825.21	2069
1826.51	2080
1827.82	2173.5
1829.12	2099.5
1830.43	2105.5
1831.73	2108.5
1833.04	2098
1834.34	2096
1835.65	2080
1836.95	2077
1838.25	2064
1839.56	2066.5
1840.86	2115.5
1842.16	2083.5
1843.46	2075.5
1844.77	2138
1846.07	2075
1847.37	2097
1848.67	2074.5
1849.97	2064.5
1851.27	2084
1852.57	2133.5
1853.87	2112
1855.18	2102.5
1856.48	2109.5
1857.77	2114.5
1859.07	2082
1860.37	2123.5
1861.67	2081.5
1862.97	2090.5
1864.27	2088.5
1865.57	2103
1866.87	2118.5
1868.16	2110
1869.46	2083
1870.76	2093.5
1872.06	2113.5
1873.35	2091
1874.65	2116.5
1875.95	2045.5
1877.24	2096
1878.54	2081
1879.83	2097
1881.13	2095.5
1882.42	2131
1883.72	2036.5
1885.01	2104
1886.31	2135
1887.6	2149
1888.89	2070
1890.19	2100
1891.48	2089.5
1892.78	2101
1894.07	2149
1895.36	2129
1896.65	2105.5
1897.95	2090
1899.24	2118
1900.53	2094
1901.82	2088
1903.11	2115.5
1904.4	2104.5
1905.69	2059
1906.98	2103.5
1908.27	2116.5
1909.56	2110.5
1910.85	2154.5
1912.14	2088.5
1913.43	2152.5
1914.72	2126.5
1916.01	2123.5
1917.3	2136
1918.59	2160.5
1919.87	2130
1921.16	2109
1922.45	2121.5
1923.74	2141
1925.02	2138.5
1926.31	2111.5
1927.6	2131
1928.88	2148
1930.17	2164.5
1931.45	2182
1932.74	2097.5
1934.03	2130
1935.31	2164.5
1936.59	2107.5
1937.88	2191.5
1939.16	2153.5
1940.45	2135
1941.73	2180.5
