494.401	3500.0
495.957	3519.5
497.512	3567.5
499.067	3579.5
500.622	3551.5
502.178	3530.5
503.732	3492.5
505.286	3568.0
506.84	3539.5
508.393	3556.5
509.946	3512.5
511.499	3550.5
513.052	3467.5
514.604	3462.0
516.156	3453.5
517.71	3498.5
519.262	3445.5
520.813	3418.5
522.364	3444.5
523.915	3443.5
525.463	3421.0
527.013	3384.0
528.563	3391.5
530.113	3399.0
531.662	3370.0
533.212	3361.0
534.76	3361.0
536.309	3299.0
537.858	3316.5
539.406	3286.0
540.953	3357.0
542.499	3336.0
544.046	3278.0
545.593	3283.0
547.14	3324.5
548.687	3293.0
550.231	3212.0
551.777	3263.0
553.323	3225.0
554.868	3200.5
556.412	3196.0
557.956	3169.0
559.501	3253.0
561.046	3184.5
562.588	3168.5
564.132	3154.5
565.675	3189.0
567.217	3169.5
568.76	3234.0
570.301	3180.5
571.843	3228.0
573.386	3181.5
574.926	3227.5
576.468	3247.5
578.007	3346.5
579.549	3339.5
581.088	3414.5
582.628	3570.0
584.167	3623.0
585.707	3629.5
587.245	3649.5
588.785	3619.0
590.322	3662.0
591.862	3554.5
593.399	3493.0
594.937	3400.0
596.474	3379.5
598.01	3311.0
599.548	3282.0
601.083	3226.5
602.621	3279.0
604.156	3344.5
605.691	3319.5
607.228	3316.5
608.762	3301.0
610.296	3195.0
611.83	3224.0
613.365	3140.0
614.899	3080.5
616.432	3007.0
617.965	3009.5
619.499	2909.5
621.031	2900.5
622.564	2841.0
624.095	2804.5
625.627	2784.5
627.158	2801.0
628.691	2811.5
630.222	2791.5
631.752	2741.5
633.283	2761.0
634.813	2687.0
636.342	2705.5
637.872	2684.5
639.401	2679.5
640.93	2695.0
642.458	2701.5
643.987	2637.0
645.515	2671.0
647.043	2672.0
648.571	2648.0
650.098	2633.5
651.625	2660.0
653.152	2584.5
654.679	2658.0
656.205	2665.5
657.731	2641.5
659.257	2649.5
660.781	2653.5
662.306	2578.5
663.831	2622.0
665.356	2657.5
666.88	2649.5
668.403	2653.0
669.927	2674.5
671.451	2683.5
672.974	2655.5
674.495	2694.5
676.018	2662.5
677.541	2680.0
679.064	2653.0
680.584	2629.0
682.106	2615.5
683.628	2619.5
685.147	2618.0
686.668	2579.0
688.187	2601.5
689.708	2603.5
691.229	2602.0
692.747	2592.0
694.267	2633.5
695.784	2592.5
697.304	2638.0
698.821	2651.0
700.34	2594.0
701.857	2601.0
703.375	2629.0
704.891	2605.0
706.409	2601.0
707.925	2608.0
709.442	2599.5
710.958	2598.5
712.472	2568.0
713.989	2540.5
715.504	2559.5
717.018	2564.5
718.534	2601.0
720.047	2641.5
721.561	2563.0
723.076	2557.5
724.589	2612.0
726.101	2603.0
727.614	2620.0
729.128	2627.0
730.64	2567.5
732.151	2603.5
733.663	2547.0
735.174	2576.0
736.687	2599.5
738.197	2596.0
739.708	2612.0
741.218	2624.5
742.727	2549.0
744.237	2614.0
745.746	2623.0
747.255	2673.5
748.764	2632.0
750.273	2617.5
751.781	2611.5
753.289	2640.0
754.797	2649.5
756.305	2605.5
757.812	2676.5
759.319	2654.0
760.826	2603.5
762.333	2691.0
763.839	2685.0
765.345	2710.5
766.851	2693.0
768.356	2713.0
769.862	2750.0
771.365	2741.5
772.869	2721.0
774.374	2730.5
775.878	2728.5
777.382	2788.0
778.884	2782.5
780.388	2791.0
781.891	2798.0
783.392	2802.5
784.895	2796.5
786.397	2803.0
787.898	2826.5
789.4	2820.5
790.902	2845.5
792.401	2872.0
793.903	2860.5
795.404	2866.5
796.902	2906.5
798.403	2895.0
799.901	2985.0
801.401	2990.0
802.899	3035.5
804.399	3061.5
805.896	3172.5
807.395	3218.0
808.892	3303.5
810.39	3394.5
811.887	3628.0
813.383	3746.0
814.881	4111.0
816.376	4533.0
817.873	5046.0
819.369	5897.5
820.863	6874.5
822.36	8102.5
823.854	8882.0
825.348	8845.0
826.842	8071.0
828.338	7104.0
829.831	6251.5
831.324	5525.5
832.817	5116.0
834.312	4903.0
835.804	4706.0
837.296	4620.0
838.788	4661.5
840.28	4555.0
841.771	4674.5
843.262	4925.5
844.753	5054.5
846.245	5454.0
847.736	6044.0
849.226	6806.0
850.716	7937.5
852.205	9277.0
853.695	10766.0
858.161	11525.0
859.648	10252.5
861.136	8835.0
862.624	7513.0
864.112	6549.5
865.599	5807.5
867.086	5228.5
868.573	4805.5
870.06	4451.5
871.544	4211.0
873.03	4021.5
874.516	3876.5
876.002	3859.0
877.485	3922.0
878.971	3976.0
880.455	4163.0
881.938	4377.5
883.423	4369.0
884.907	4165.0
886.389	3821.5
887.872	3524.5
889.356	3396.0
890.837	3184.5
892.32	3083.0
893.801	3043.0
895.283	3020.5
896.766	2967.0
898.246	2892.0
899.727	2923.0
901.207	2886.0
902.686	2895.0
904.167	2901.5
905.646	2891.5
907.127	2902.5
908.605	2933.0
910.085	2892.0
911.563	2921.0
913.04	3028.0
914.52	3124.5
915.997	3284.5
917.474	3526.0
918.952	3712.0
920.429	3661.0
921.905	3518.5
923.381	3263.5
924.856	3059.5
926.334	2969.5
927.809	2947.0
929.284	2894.0
930.758	2844.0
932.233	2844.0
933.707	2825.0
935.183	2837.0
936.656	2830.0
938.13	2903.5
939.603	2865.5
941.076	2892.0
942.549	3002.0
944.021	2973.5
945.493	2984.0
946.965	3040.5
948.437	3113.0
949.909	3182.0
951.38	3154.0
952.849	3288.0
954.32	3440.0
955.79	3571.0
957.261	3700.5
958.731	3771.0
960.2	3807.0
961.67	3755.0
963.137	3735.0
964.606	3640.5
966.075	3518.0
967.544	3382.5
969.01	3313.5
970.478	3159.0
971.946	3062.0
973.412	2959.0
974.879	2881.0
976.346	2825.0
977.811	2816.0
979.278	2799.0
980.743	2765.5
982.209	2745.0
983.675	2686.5
985.138	2703.5
986.604	2622.0
988.067	2604.5
989.532	2653.0
990.995	2645.0
992.458	2569.0
993.922	2572.5
995.384	2583.0
996.848	2593.5
998.309	2555.5
999.771	2546.5
1001.23	2561.5
1002.69	2559.5
1004.16	2571.5
1005.62	2543.0
1007.08	2512.0
1008.54	2500.0
1010.0	2554.0
1011.46	2529.0
1012.92	2624.0
1014.38	2648.0
1015.84	2684.0
1017.29	2702.0
1018.75	2616.0
1020.21	2545.0
1021.67	2513.0
1023.13	2452.0
1024.58	2438.0
1026.04	2400.0
1027.5	2374.0
1028.96	2396.0
1030.41	2338.5
1031.87	2373.0
1033.32	2364.0
1034.78	2313.0
1036.23	2293.5
1037.69	2298.5
1039.14	2294.5
1040.6	2308.5
1042.05	2265.5
1043.51	2252.0
1044.96	2215.5
1046.41	2219.0
1047.86	2226.5
1049.32	2221.0
1050.77	2177.5
1052.22	2157.0
1053.67	2128.0
1055.13	2177.5
1056.58	2124.0
1058.03	2048.0
1059.48	2047.5
1060.93	2046.0
1062.38	2046.5
1063.83	2014.0
1065.28	2032.5
1066.73	2032.5
1068.18	1986.0
1069.63	1951.0
1071.08	1965.5
1072.53	1941.0
1073.97	1926.0
1075.42	1923.0
1076.87	1885.5
1078.32	1895.5
1079.76	1903.0
1081.21	1896.0
1082.66	1877.5
1084.1	1879.0
1085.55	1885.0
1086.99	1858.5
1088.44	1849.0
1089.89	1855.5
1091.33	1872.0
1092.77	1804.5
1094.22	1776.0
1095.66	1765.0
1097.11	1768.0
1098.55	1776.5
1099.99	1815.0
1101.44	1788.0
1102.88	1759.5
1104.32	1726.5
1105.76	1704.5
1107.2	1695.5
1108.65	1723.0
1110.09	1717.0
1111.53	1735.0
1112.97	1674.0
1114.41	1679.0
1115.85	1685.5
1117.29	1698.0
1118.73	1684.0
1120.17	1696.5
1121.61	1663.5
1123.05	1661.0
1124.49	1681.0
1125.93	1705.5
1127.36	1693.5
1128.8	1678.0
1130.24	1663.0
1131.68	1624.5
1133.11	1630.5
1134.55	1567.5
1135.99	1579.5
1137.42	1591.5
1138.86	1574.5
1140.29	1580.0
1141.73	1536.5
1143.17	1549.0
1144.6	1564.5
1146.03	1554.0
1147.47	1554.0
1148.9	1534.0
1150.34	1545.0
1151.77	1520.0
1153.2	1520.5
1154.64	1539.5
1156.07	1514.0
1157.5	1478.0
1158.93	1464.0
1160.37	1508.0
1161.8	1507.0
1163.23	1506.0
1164.66	1453.5
1166.09	1452.0
1167.52	1471.5
1168.95	1446.5
1170.38	1452.5
1171.81	1439.5
1173.24	1447.5
1174.67	1426.0
1176.1	1426.0
1177.53	1432.5
1178.96	1398.0
1180.38	1421.0
1181.81	1413.5
1183.24	1408.5
1184.67	1383.5
1186.09	1419.0
1187.52	1434.0
1188.95	1399.0
1190.37	1372.5
1191.8	1412.0
1193.23	1397.5
1194.65	1391.5
1196.08	1354.0
1197.5	1355.5
1198.93	1352.5
1200.35	1337.5
1201.77	1342.5
1203.2	1344.5
1204.62	1375.0
1206.05	1337.5
1207.47	1347.5
1208.89	1344.0
1210.31	1354.0
1211.73	1350.0
1213.16	1331.5
1214.58	1320.5
1216.0	1316.0
1217.42	1320.0
1218.84	1302.0
1220.26	1328.0
1221.68	1334.0
1223.1	1319.0
1224.52	1318.0
1225.94	1297.5
1227.36	1320.0
1228.78	1335.0
1230.2	1335.0
1231.62	1319.5
1233.04	1297.5
1234.45	1307.0
1235.87	1321.5
1237.29	1306.5
1238.71	1320.0
1240.12	1298.0
1241.54	1281.0
1242.96	1305.5
1244.37	1288.5
1245.79	1254.5
1247.2	1299.0
1248.62	1298.0
1250.03	1320.5
1251.45	1321.0
1252.86	1279.0
1254.28	1273.0
1255.69	1267.5
1257.11	1272.5
1258.52	1253.5
1259.93	1283.0
1261.35	1260.5
1262.76	1268.5
1264.17	1294.0
1265.58	1372.0
1267.0	1483.0
1268.41	1283.5
1269.82	1241.5
1271.23	1249.0
1272.64	1261.5
1274.05	1266.0
1275.46	1253.0
1276.87	1253.5
1278.28	1237.5
1279.69	1264.5
1281.1	1267.5
1282.51	1261.0
1283.92	1306.5
1285.32	1646.0
1286.73	3042.0
1288.14	1742.0
1290.95	1275.5
1292.36	1253.0
1293.77	1224.0
1295.18	1230.5
1296.58	1246.0
1297.99	1249.5
1299.39	1246.5
1300.8	1221.5
1302.2	1246.0
1306.42	1256.5
1309.23	1238.0
1310.63	1222.5
1312.03	1217.0
1313.44	1252.0
1314.84	1228.0
1316.24	1215.5
1317.64	1245.0
1319.05	1235.5
1320.45	1242.5
1321.85	1198.0
1323.25	1230.0
1324.65	1209.0
1326.05	1220.5
1327.45	1213.0
1328.85	1226.0
1330.25	1217.0
1331.65	1223.0
1333.05	1223.0
1334.45	1238.0
1335.85	1212.0
1337.25	1225.5
1338.65	1228.5
1340.05	1218.0
1341.44	1193.5
1342.84	1204.0
1344.24	1225.0
1345.63	1214.0
1347.03	1254.0
1348.43	1247.5
1351.22	1243.5
1352.61	1231.5
1355.41	1231.5
1356.8	1232.0
1358.19	1223.5
1359.59	1226.5
1360.98	1210.0
1362.38	1197.5
1363.77	1218.0
1365.16	1224.5
1366.56	1219.0
1367.95	1212.0
1369.34	1218.5
1370.73	1229.5
1372.13	1241.0
1373.52	1223.0
1374.91	1235.0
1376.3	1210.5
1377.69	1235.0
1379.08	1207.5
1380.47	1197.5
1381.86	1205.5
1383.25	1211.0
1384.64	1234.0
1386.03	1255.5
1387.42	1438.5
1388.81	3087.0
1390.2	3187.0
1391.59	1307.0
1392.98	1217.5
1394.36	1218.5
1395.75	1204.0
1397.14	1192.0
1399.91	1198.5
1401.3	1191.0
1402.68	1190.0
1404.07	1191.0
1405.46	1197.5
1406.84	1204.5
1408.23	1225.0
1409.61	1353.5
1411.0	1608.0
1412.38	1224.0
1413.77	1222.5
1415.15	1214.5
1416.53	1197.5
1417.92	1185.5
1419.3	1204.5
1420.68	1206.0
1422.06	1177.5
1423.45	1183.0
1424.83	1197.0
1426.21	1239.0
1427.59	1211.5
1428.97	1187.0
1430.36	1211.5
1431.74	1192.5
1433.12	1206.5
1434.5	1189.0
1437.26	1182.5
1438.64	1178.5
1440.01	1176.0
1441.39	1193.0
1442.77	1194.5
1444.15	1166.0
1445.53	1192.0
1446.91	1195.0
1448.29	1182.5
1449.66	1198.5
1451.04	1169.0
1452.41	1166.5
1453.79	1183.0
1455.17	1199.0
1456.54	1176.5
1457.92	1184.0
1459.3	1177.0
1460.67	1172.5
1462.05	1151.0
1464.8	1178.5
1466.17	1153.0
1467.54	1167.5
1468.92	1180.0
1470.29	1180.5
1471.66	1172.0
1473.04	1174.0
1474.41	1137.5
1475.78	1137.0
1477.16	1162.0
1478.53	1139.5
1479.9	1155.5
1481.27	1152.5
1482.64	1186.0
1484.01	1162.5
1485.38	1164.5
1486.75	1167.5
1488.12	1118.0
1489.49	1137.5
1490.86	1162.5
1492.23	1132.5
1493.6	1143.5
1494.97	1170.5
1496.34	1142.0
1497.71	1177.5
1503.18	1145.5
1504.54	1135.0
1505.91	1172.0
1507.28	1170.5
1508.64	1134.0
1510.01	1138.5
1511.37	1139.5
1512.74	1141.0
1514.1	1162.5
1515.47	1124.5
1516.83	1139.5
1518.2	1143.5
1519.56	1124.5
1520.93	1168.5
1522.29	1153.5
1523.65	1157.5
1525.02	1134.5
1529.1	1138.5
1530.47	1163.5
1531.83	1142.5
1533.19	1161.0
1534.55	1120.5
1535.91	1142.5
1537.27	1111.0
1538.63	1140.0
1539.99	1136.0
1541.35	1125.0
1542.71	1146.5
1544.07	1121.5
1548.15	1124.5
1549.51	1126.5
1550.87	1149.5
1552.22	1174.5
1553.58	1153.0
1554.94	1146.5
1556.3	1130.5
1557.65	1143.0
1559.01	1133.5
1560.37	1150.0
1561.72	1131.5
1563.08	1131.0
1564.43	1138.0
1565.79	1137.0
1567.14	1156.0
1568.5	1154.5
1569.85	1172.0
1571.21	1128.0
1572.56	1112.0
1573.92	1139.0
1575.27	1112.0
1576.62	1116.5
1577.97	1116.5
1579.33	1143.5
1583.38	1131.5
1584.74	1117.5
1586.09	1141.5
1590.14	1131.5
1591.49	1122.5
1592.84	1120.0
1595.54	1138.5
1596.89	1150.0
1598.24	1137.0
1599.59	1117.0
1600.94	1141.0
1602.29	1170.0
1604.98	1161.5
1606.33	1139.0
1607.68	1119.0
1609.02	1144.0
1610.37	1155.0
1611.72	1155.0
1613.06	1149.5
1614.41	1125.0
1615.76	1119.5
1617.1	1134.0
1618.45	1139.0
1619.79	1139.5
1621.14	1129.0
1622.48	1121.0
1625.17	1105.5
1626.51	1110.0
1629.2	1103.0
1630.54	1118.5
1631.89	1138.0
1633.23	1145.0
1637.26	1119.0
1638.6	1099.0
1639.94	1117.0
1641.28	1082.5
1642.62	1107.5
1643.96	1114.5
1645.3	1101.0
1646.64	1106.5
1647.98	1088.5
1649.32	1101.5
1650.66	1101.0
1652.0	1135.0
1653.34	1139.5
1654.68	1123.0
1656.01	1131.0
1657.35	1124.0
1658.69	1105.0
1660.03	1095.0
1662.7	1098.5
1664.04	1106.5
1665.38	1117.5
1666.71	1133.0
1668.05	1102.5
1669.38	1095.0
1670.72	1099.0
1672.05	1095.5
1673.39	1074.0
1674.72	1108.0
1676.06	1087.0
1677.39	1117.0
1681.39	1106.5
1682.73	1083.0
1684.06	1089.5
1685.39	1107.0
1686.72	1111.5
1688.06	1107.0
1689.39	1098.5
1690.72	1123.5
1692.05	1117.5
1693.38	1111.0
1694.71	1125.0
1696.04	1098.0
1697.37	1097.5
1698.7	1106.0
1700.03	1122.0
1701.36	1100.0
1702.69	1116.0
1704.02	1120.0
1705.35	1129.0
1706.68	1114.5
1708.01	1102.5
1709.34	1124.0
1710.66	1129.0
1711.99	1100.0
1713.32	1092.5
1714.65	1105.5
1715.97	1106.0
1717.3	1092.0
1718.62	1093.5
1719.95	1111.0
1721.28	1125.0
1723.93	1107.0
1725.25	1102.5
1726.58	1119.5
1727.9	1109.0
1729.23	1121.5
1730.55	1101.5
1731.87	1099.0
1733.2	1104.5
1734.52	1116.0
1735.84	1083.5
1737.17	1083.5
1738.49	1112.0
1739.81	1089.0
1741.13	1093.0
1742.46	1085.5
1743.78	1108.5
1745.1	1120.0
1746.42	1101.0
1747.74	1094.5
1749.06	1111.0
1750.38	1077.0
1751.7	1100.0
1753.02	1109.0
1754.34	1095.0
1755.66	1078.0
1756.98	1101.0
1758.3	1074.0
1759.62	1092.0
1760.93	1074.5
1762.25	1112.5
1763.57	1105.0
1764.89	1082.5
1766.2	1087.5
1767.52	1081.0
1768.84	1088.5
1770.16	1100.0
1771.47	1070.0
1772.79	1080.0
1774.1	1114.0
1775.42	1082.0
1776.73	1077.0
1779.36	1073.5
1780.68	1083.0
1781.99	1086.0
1783.31	1093.5
1784.62	1078.0
1787.25	1081.0
1788.56	1092.0
1789.87	1121.0
1791.19	1106.5
1792.5	1094.5
1793.81	1087.0
1795.12	1099.0
1796.43	1103.5
1797.74	1086.0
1799.05	1104.0
1800.36	1113.5
1801.68	1083.5
1802.99	1098.0
1806.91	1086.5
1808.22	1109.5
1809.53	1104.0
1810.84	1087.0
1812.15	1102.5
1813.46	1065.0
1814.77	1077.0
1816.07	1102.5
1817.38	1100.5
1818.69	1098.5
1820.0	1092.5
1821.3	1086.5
1822.61	1069.5
1825.22	1060.0
1826.53	1087.5
1827.83	1109.5
1829.14	1079.5
1830.44	1072.0
1831.75	1078.0
1833.05	1087.0
1834.36	1084.0
1835.66	1080.5
1836.97	1063.0
1838.27	1072.5
1839.57	1081.0
1842.18	1069.5
1843.48	1103.0
1844.78	1081.5
1846.08	1087.5
1847.39	1054.5
1848.69	1084.5
1849.99	1069.0
1851.29	1073.5
1852.59	1081.5
1853.89	1080.0
1855.19	1070.5
1856.49	1059.0
1857.79	1079.0
1859.09	1099.0
1860.39	1093.0
1861.69	1083.0
1862.99	1047.5
1864.29	1057.5
1865.59	1063.5
1866.88	1095.5
1868.18	1073.0
1869.48	1069.0
1870.78	1071.0
1872.07	1047.5
1873.37	1043.0
1874.67	1050.5
1875.96	1032.5
1877.26	1060.5
1878.55	1061.0
1882.44	1053.5
1883.73	1038.5
1885.03	1049.5
1886.32	1094.0
1887.62	1069.0
1888.91	1084.5
1890.2	1074.5
1892.79	1050.0
1894.08	1057.0
1895.38	1068.0
1896.67	1070.5
1897.96	1083.5
1899.25	1079.5
1900.55	1081.5
1901.84	1055.5
1903.13	1052.5
1904.42	1093.0
1905.71	1079.0
1908.29	1063.5
1909.58	1059.5
1910.87	1074.5
1912.16	1072.0
1913.45	1044.5
1914.74	1069.0
1916.03	1067.5
1917.31	1065.0
1918.6	1062.0
1919.89	1073.0
1921.18	1040.0
1922.46	1064.0
1923.75	1065.0
1925.04	1077.5
1926.33	1077.0
1927.61	1079.5
1930.18	1084.5
1931.47	1059.5
1932.76	1060.0
1934.04	1059.5
1935.33	1082.0
1936.61	1102.0
1937.9	1084.5
1939.18	1072.5
1940.46	1059.0
1941.75	1075.5
