494.401	5980.67
495.957	6002.0
497.512	6017.33
499.067	5946.67
500.622	5971.33
502.178	5968.67
503.732	5965.33
505.286	5936.0
506.84	5999.33
508.393	6020.0
509.946	6068.0
511.499	5950.67
513.052	5980.67
514.604	5971.33
516.156	5935.33
517.71	5892.67
519.262	5916.0
520.813	5846.67
522.364	5905.33
523.915	5942.0
525.463	5863.33
527.013	5663.33
528.563	5809.33
530.113	5818.67
531.662	5827.33
533.212	5850.67
534.76	5950.67
536.309	6027.33
537.858	6002.0
539.406	6389.33
540.953	6561.33
542.499	6817.33
544.046	7134.0
545.593	7140.67
547.14	6961.33
548.687	6686.67
550.231	6434.0
551.777	5940.0
553.323	5775.33
554.868	5704.67
556.412	5681.33
557.956	5527.33
559.501	5543.33
561.046	5457.33
562.588	5418.0
564.132	5403.33
565.675	5446.67
567.217	5444.67
568.76	5464.67
570.301	5376.0
571.843	5587.33
573.386	5662.67
574.926	5724.0
576.468	5822.67
578.007	5914.0
579.549	6111.33
581.088	6292.0
582.628	6390.0
584.167	6504.0
585.707	6646.67
587.245	6722.67
588.785	6742.67
590.322	7088.67
591.862	6988.67
593.399	6801.33
594.937	6420.67
596.474	6250.67
598.01	6134.67
599.548	5927.33
601.083	5891.33
602.621	5842.0
604.156	5855.33
605.691	5720.67
607.228	5945.33
608.762	5812.67
610.296	5722.0
611.83	5585.33
613.365	5540.67
614.899	5402.67
616.432	5245.33
617.965	5157.33
619.499	5046.67
621.031	4937.33
622.564	4923.33
624.095	4796.0
625.627	4772.67
627.158	4800.67
628.691	4726.0
630.222	4770.0
631.752	4684.67
633.283	4556.0
634.813	4619.33
636.342	4540.0
637.872	4539.33
639.401	4532.67
640.93	4497.33
642.458	4496.0
643.987	4615.33
645.515	4522.0
647.043	4540.67
648.571	4500.0
650.098	4544.0
651.625	4540.67
653.152	4472.67
654.679	4509.33
656.205	4463.33
657.731	4454.0
659.257	4460.67
660.781	4426.67
662.306	4366.0
663.831	4407.33
665.356	4408.0
666.88	4433.33
668.403	4425.33
669.927	4392.0
671.451	4380.0
672.974	4384.67
674.495	4478.67
676.018	4414.67
677.541	4399.33
679.064	4371.33
680.584	4350.67
682.106	4450.0
683.628	4391.33
685.147	4460.67
686.668	4484.0
688.187	4466.67
689.708	4423.33
691.229	4488.67
692.747	4482.67
694.267	4376.67
695.784	4442.0
697.304	4494.0
698.821	4467.33
700.34	4458.0
701.857	4426.0
703.375	4470.67
704.891	4518.0
706.409	4462.0
707.925	4470.67
709.442	4498.67
710.958	4448.0
712.472	4428.67
713.989	4468.0
715.504	4509.33
717.018	4407.33
718.534	4536.67
720.047	4514.67
721.561	4518.67
723.076	4482.0
724.589	4436.67
726.101	4381.33
727.614	4513.33
729.128	4462.0
730.64	4461.33
732.151	4488.67
733.663	4562.67
735.174	4571.33
736.687	4507.33
738.197	4587.33
739.708	4536.67
741.218	4644.67
742.727	4611.33
744.237	4549.33
745.746	4691.33
747.255	4586.0
748.764	4600.0
750.273	4596.67
751.781	4616.0
753.289	4610.0
754.797	4658.67
756.305	4673.33
757.812	4699.33
759.319	4778.0
760.826	4760.67
762.333	4766.67
763.839	4907.33
765.345	4802.67
766.851	4914.0
768.356	4898.0
769.862	4967.33
771.365	5028.67
772.869	4944.67
774.374	4954.0
775.878	5064.0
777.382	5211.33
778.884	5406.0
780.388	5438.0
781.891	5236.67
783.392	5324.67
784.895	5338.67
786.397	5390.0
787.898	5410.0
789.4	5534.0
790.902	5580.67
792.401	5669.33
793.903	5646.67
795.404	5891.33
796.902	5897.33
798.403	6070.0
799.901	6272.0
801.401	6500.67
802.899	6810.67
804.399	6940.0
805.896	7302.0
807.395	7754.67
808.892	8340.0
810.39	9178.67
811.887	10010.0
813.383	11218.7
814.881	12938.7
816.376	15290.0
817.873	18746.0
819.369	23592.7
820.863	29490.0
822.36	35310.7
825.348	35373.3
826.842	30372.0
828.338	25271.3
829.831	21122.0
831.324	18055.3
832.817	16178.7
834.312	14515.3
835.804	13693.3
837.296	13038.0
838.788	12662.0
840.28	12432.0
841.771	12586.0
843.262	12744.0
844.753	13516.0
846.245	14566.7
847.736	16283.3
849.226	18614.7
850.716	21732.0
852.205	25978.7
853.695	30276.7
858.161	31526.7
859.648	27638.0
861.136	23308.7
862.624	19473.3
864.112	16650.0
865.599	14535.3
867.086	12699.3
868.573	11363.3
870.06	10171.3
871.544	9218.67
873.03	8787.33
874.516	8298.0
876.002	7942.0
877.485	7745.33
878.971	7783.33
880.455	8009.33
881.938	7892.67
883.423	7764.0
884.907	7302.67
886.389	6770.67
887.872	6324.0
889.356	6078.67
890.837	5892.67
892.32	5707.33
893.801	5566.67
895.283	5501.33
896.766	5482.67
898.246	5417.33
899.727	5348.67
901.207	5436.67
902.686	5419.33
904.167	5356.0
905.646	5438.67
907.127	5532.0
908.605	5666.0
910.085	5781.33
911.563	5914.0
913.04	6244.0
914.52	6814.0
915.997	7624.67
917.474	8688.0
921.905	8068.0
923.381	7018.0
924.856	6314.67
926.334	5830.67
927.809	5628.67
929.284	5411.33
930.758	5312.0
932.233	5190.0
933.707	5188.67
935.183	5170.0
936.656	5152.67
938.13	5148.67
939.603	5207.33
941.076	5178.67
942.549	5350.67
944.021	5342.0
945.493	5360.0
946.965	5494.0
948.437	5536.0
949.909	5623.33
951.38	5880.0
952.849	5944.67
954.32	6230.0
955.79	6386.0
957.261	6519.33
958.731	6572.67
960.2	6674.67
961.67	6565.33
963.137	6448.0
964.606	6278.0
966.075	6082.0
967.544	5889.33
969.01	5616.0
970.478	5531.33
971.946	5262.0
973.412	5220.0
974.879	4969.33
976.346	4950.67
977.811	4864.67
979.278	4749.33
980.743	4726.67
982.209	4749.33
983.675	4656.0
985.138	4568.0
986.604	4553.33
988.067	4593.33
989.532	4482.0
990.995	4522.67
992.458	4499.33
993.922	4461.33
995.384	4483.33
996.848	4508.67
998.309	4420.67
999.771	4480.0
1001.23	4460.0
1002.69	4297.33
1004.16	4335.33
1005.62	4333.33
1007.08	4356.67
1008.54	4335.33
1010.0	4246.0
1011.46	4297.33
1012.92	4280.0
1014.38	4302.0
1015.84	4238.0
1017.29	4212.0
1018.75	4186.0
1020.21	4223.33
1021.67	4173.33
1023.13	4159.33
1024.58	4178.0
1026.04	4214.67
1027.5	4238.67
1030.41	4131.33
1031.87	4120.67
1033.32	4170.67
1034.78	4095.33
1036.23	4050.67
1037.69	4043.33
1039.14	4046.67
1040.6	3992.67
1042.05	4011.33
1043.51	3950.67
1044.96	3916.67
1046.41	3926.67
1047.86	3946.67
1049.32	3841.33
1050.77	3850.67
1052.22	3894.0
1053.67	3780.0
1055.13	3714.67
1056.58	3704.67
1058.03	3728.67
1059.48	3707.33
1060.93	3726.0
1062.38	3657.33
1063.83	3614.67
1065.28	3652.67
1066.73	3568.67
1068.18	3592.0
1069.63	3551.33
1071.08	3546.0
1072.53	3548.0
1073.97	3461.33
1075.42	3432.0
1076.87	3462.67
1078.32	3464.67
1079.76	3368.0
1081.21	3418.67
1082.66	3354.0
1084.1	3429.33
1085.55	3350.0
1086.99	3322.0
1088.44	3402.67
1089.89	3363.33
1091.33	3404.67
1092.77	3310.0
1094.22	3222.67
1095.66	3230.67
1097.11	3248.0
1098.55	3283.33
1099.99	3246.67
1101.44	3222.67
1102.88	3172.0
1104.32	3278.67
1105.76	3197.33
1107.2	3084.0
1108.65	3149.33
1110.09	3080.0
1111.53	3165.33
1112.97	3051.33
1114.41	3049.33
1115.85	3112.0
1117.29	3086.67
1118.73	2988.0
1120.17	3046.0
1121.61	3063.33
1123.05	3018.67
1124.49	3021.33
1125.93	3036.0
1127.36	3063.33
1128.8	2982.67
1130.24	3028.0
1131.68	2972.67
1133.11	2988.67
1134.55	2910.67
1135.99	2950.0
1137.42	2920.0
1138.86	2844.0
1140.29	2960.67
1141.73	2857.33
1143.17	2939.33
1144.6	2925.33
1146.03	2906.67
1147.47	2919.33
1148.9	2850.67
1150.34	2833.33
1151.77	2872.0
1153.2	2826.0
1154.64	2782.67
1156.07	2890.67
1157.5	2764.0
1158.93	2870.0
1160.37	2870.67
1161.8	2808.67
1163.23	2784.67
1164.66	2808.0
1166.09	2804.0
1167.52	2751.33
1168.95	2781.33
1170.38	2754.67
1171.81	2798.67
1173.24	2783.33
1174.67	2705.33
1176.1	2732.0
1177.53	2696.0
1178.96	2676.67
1180.38	2714.67
1181.81	2635.33
1183.24	2650.67
1184.67	2682.67
1186.09	2626.0
1187.52	2658.0
1188.95	2679.33
1190.37	2555.33
1191.8	2703.33
1193.23	2651.33
1194.65	2537.33
1196.08	2575.33
1197.5	2566.0
1198.93	2569.33
1200.35	2534.0
1201.77	2620.67
1203.2	2605.33
1204.62	2574.0
1206.05	2642.0
1207.47	2598.0
1208.89	2545.33
1210.31	2581.33
1211.73	2518.0
1213.16	2502.67
1214.58	2558.67
1216.0	2490.67
1217.42	2513.33
1218.84	2507.33
1220.26	2579.33
1221.68	2568.0
1223.1	2523.33
1224.52	2504.0
1225.94	2545.33
1227.36	2475.33
1228.78	2535.33
1230.2	2552.67
1231.62	2500.67
1233.04	2466.0
1234.45	2542.0
1235.87	2538.0
1237.29	2520.0
1238.71	2492.0
1240.12	2522.0
1241.54	2447.33
1242.96	2506.67
1244.37	2493.33
1245.79	2440.67
1247.2	2506.0
1248.62	2481.33
1250.03	2420.67
1251.45	2470.67
1252.86	2382.0
1254.28	2442.0
1255.69	2445.33
1257.11	2413.33
1258.52	2410.67
1259.93	2358.67
1261.35	2406.0
1262.76	2364.67
1264.17	2425.33
1265.58	2455.33
1267.0	2449.33
1268.41	2436.67
1269.82	2390.0
1271.23	2400.67
1272.64	2359.33
1274.05	2403.33
1275.46	2402.67
1276.87	2386.0
1278.28	2388.0
1279.69	2369.33
1281.1	2356.67
1282.51	2346.67
1283.92	2399.33
1285.32	2440.0
1286.73	2744.67
1288.14	2480.67
1289.55	2344.0
1290.95	2351.33
1292.36	2386.67
1293.77	2390.67
1295.18	2418.0
1296.58	2411.33
1297.99	2397.33
1299.39	2398.67
1302.2	2385.33
1303.61	2376.0
1305.01	2372.67
1306.42	2375.33
1307.82	2314.0
1309.23	2328.67
1310.63	2336.0
1312.03	2329.33
1313.44	2286.67
1314.84	2349.33
1317.64	2374.67
1319.05	2384.67
1320.45	2286.0
1321.85	2264.67
1323.25	2350.67
1324.65	2340.0
1327.45	2333.33
1328.85	2333.33
1331.65	2328.0
1333.05	2330.0
1334.45	2266.0
1335.85	2331.33
1337.25	2322.0
1340.05	2304.67
1341.44	2348.67
1342.84	2340.67
1345.63	2366.67
1347.03	2335.33
1348.43	2297.33
1349.82	2326.0
1352.61	2327.33
1354.01	2323.33
1355.41	2332.0
1356.8	2326.67
1358.19	2356.67
1359.59	2285.33
1360.98	2339.33
1362.38	2329.33
1363.77	2285.33
1365.16	2286.0
1366.56	2326.0
1367.95	2343.33
1369.34	2304.0
1370.73	2331.33
1372.13	2349.33
1373.52	2278.0
1374.91	2296.67
1376.3	2335.33
1377.69	2273.33
1379.08	2278.0
1381.86	2268.0
1383.25	2320.0
1386.03	2368.0
1388.81	2750.67
1390.2	2733.33
1392.98	2316.67
1394.36	2326.67
1395.75	2324.0
1397.14	2265.33
1398.53	2307.33
1399.91	2356.67
1401.3	2308.0
1402.68	2340.67
1404.07	2320.67
1405.46	2334.67
1406.84	2313.33
1408.23	2305.33
1409.61	2434.0
1411.0	2411.33
1412.38	2371.33
1413.77	2330.0
1415.15	2290.67
1416.53	2324.0
1417.92	2329.33
1419.3	2300.0
1420.68	2261.33
1423.45	2266.0
1424.83	2304.67
1426.21	2352.0
1427.59	2294.67
1428.97	2301.33
1430.36	2316.67
1431.74	2295.33
1434.5	2268.0
1435.88	2328.0
1437.26	2287.33
1438.64	2309.33
1440.01	2329.33
1441.39	2319.33
1442.77	2258.0
1444.15	2300.0
1445.53	2292.0
1446.91	2236.67
1448.29	2300.0
1449.66	2319.33
1451.04	2309.33
1452.41	2296.67
1453.79	2319.33
1455.17	2333.33
1456.54	2307.33
1457.92	2322.0
1459.3	2258.67
1460.67	2266.67
1462.05	2258.0
1464.8	2266.67
1466.17	2290.67
1468.92	2352.0
1470.29	2308.67
1471.66	2278.0
1473.04	2254.67
1474.41	2244.67
1475.78	2262.0
1477.16	2256.0
1478.53	2275.33
1479.9	2243.33
1481.27	2224.67
1482.64	2232.67
1485.38	2192.0
1486.75	2232.0
1488.12	2208.67
1489.49	2243.33
1490.86	2205.33
1493.6	2205.33
1494.97	2178.67
1496.34	2283.33
1497.71	2297.33
1499.07	2255.33
1500.44	2307.33
1501.81	2258.0
1503.18	2261.33
1504.54	2277.33
1505.91	2244.0
1507.28	2246.0
1508.64	2214.0
1510.01	2244.0
1511.37	2225.33
1512.74	2251.33
1514.1	2265.33
1515.47	2217.33
1516.83	2262.0
1518.2	2196.0
1519.56	2172.67
1520.93	2246.0
1525.02	2280.67
1526.38	2255.33
1527.74	2302.0
1529.1	2243.33
1530.47	2208.67
1531.83	2216.0
1533.19	2282.67
1534.55	2252.0
1535.91	2228.67
1537.27	2236.67
1538.63	2268.67
1539.99	2221.33
1541.35	2244.67
1542.71	2222.67
1544.07	2227.33
1545.43	2270.67
1546.79	2226.0
1548.15	2222.67
1549.51	2246.0
1550.87	2272.0
1552.22	2270.0
1553.58	2226.67
1554.94	2237.33
1556.3	2253.33
1557.65	2270.0
1559.01	2221.33
1560.37	2210.0
1561.72	2186.67
1563.08	2288.0
1564.43	2264.67
1565.79	2236.67
1567.14	2202.0
1568.5	2268.67
1569.85	2230.67
1573.92	2228.0
1575.27	2219.33
1576.62	2267.33
1577.97	2286.67
1579.33	2222.0
1580.68	2299.33
1582.03	2318.67
1583.38	2302.67
1584.74	2250.0
1586.09	2280.67
1587.44	2218.0
1588.79	2262.67
1590.14	2246.67
1591.49	2298.0
1592.84	2227.33
1594.19	2219.33
1595.54	2198.67
1596.89	2305.33
1598.24	2264.0
1599.59	2309.33
1600.94	2350.0
1602.29	2268.0
1603.63	2303.33
1604.98	2286.67
1606.33	2280.67
1607.68	2248.0
1609.02	2275.33
1610.37	2289.33
1611.72	2230.67
1613.06	2256.0
1614.41	2255.33
1615.76	2246.67
1617.1	2204.0
1618.45	2172.0
1621.14	2216.67
1622.48	2239.33
1623.83	2247.33
1626.51	2247.33
1627.86	2300.0
1629.2	2260.0
1630.54	2225.33
1631.89	2264.67
1633.23	2177.33
1634.57	2216.0
1635.91	2212.67
1637.26	2239.33
1638.6	2185.33
1639.94	2172.0
1641.28	2196.67
1642.62	2218.67
1643.96	2249.33
1645.3	2202.0
1646.64	2214.67
1647.98	2182.0
1649.32	2196.0
1650.66	2244.67
1652.0	2185.33
1653.34	2181.33
1654.68	2188.0
1656.01	2226.67
1657.35	2211.33
1658.69	2172.67
1660.03	2166.67
1661.36	2231.33
1662.7	2228.67
1664.04	2242.67
1665.38	2246.67
1666.71	2225.33
1668.05	2167.33
1669.38	2178.67
1670.72	2214.0
1672.05	2196.0
1673.39	2200.0
1674.72	2164.0
1678.73	2238.0
1680.06	2219.33
1681.39	2232.67
1682.73	2210.0
1684.06	2192.0
1685.39	2154.67
1686.72	2210.67
1688.06	2206.67
1689.39	2254.0
1690.72	2196.0
1692.05	2150.0
1693.38	2175.33
1694.71	2208.0
1696.04	2248.67
1697.37	2238.67
1698.7	2174.67
1700.03	2199.33
1701.36	2218.0
1702.69	2221.33
1704.02	2262.67
1705.35	2257.33
1706.68	2196.0
1708.01	2220.67
1709.34	2239.33
1710.66	2264.0
1711.99	2248.67
1713.32	2190.67
1715.97	2194.67
1717.3	2206.67
1718.62	2192.0
1719.95	2175.33
1721.28	2224.67
1722.6	2280.67
1725.25	2261.33
1726.58	2310.0
1727.9	2222.0
1729.23	2230.0
1730.55	2240.67
1734.52	2218.67
1735.84	2273.33
1737.17	2262.0
1739.81	2224.67
1741.13	2186.0
1745.1	2156.67
1746.42	2170.67
1747.74	2186.67
1749.06	2182.67
1750.38	2242.0
1751.7	2214.0
1753.02	2168.67
1754.34	2144.0
1755.66	2200.67
1756.98	2180.0
1758.3	2188.0
1759.62	2170.67
1760.93	2219.33
1764.89	2157.33
1766.2	2192.67
1767.52	2204.0
1768.84	2194.67
1770.16	2168.0
1771.47	2204.0
1772.79	2204.67
1776.73	2180.67
1778.05	2178.67
1779.36	2254.0
1780.68	2225.33
1781.99	2186.67
1783.31	2208.67
1784.62	2170.67
1785.93	2156.67
1787.25	2180.0
1788.56	2153.33
1789.87	2197.33
1791.19	2192.67
1792.5	2170.0
1793.81	2220.67
1795.12	2180.67
1796.43	2160.0
1797.74	2177.33
1799.05	2170.67
1800.36	2175.33
1801.68	2120.0
1802.99	2191.33
1804.3	2176.67
1805.61	2136.0
1806.91	2192.0
1808.22	2140.67
1809.53	2204.67
1810.84	2136.67
1812.15	2184.67
1813.46	2174.67
1814.77	2194.67
1821.3	2215.33
1822.61	2186.67
1823.92	2178.0
1825.22	2203.33
1826.53	2180.67
1827.83	2179.33
1829.14	2175.33
1830.44	2193.33
1831.75	2158.0
1833.05	2134.67
1834.36	2165.33
1835.66	2139.33
1836.97	2190.67
1838.27	2223.33
1839.57	2172.0
1840.87	2128.0
1842.18	2138.0
1843.48	2150.67
1844.78	2190.67
1846.08	2151.33
1847.39	2168.0
1848.69	2152.0
1852.59	2176.67
1853.89	2166.0
1855.19	2152.0
1856.49	2152.67
1857.79	2182.67
1859.09	2186.0
1860.39	2180.0
1861.69	2166.67
1862.99	2116.0
1864.29	2151.33
1865.59	2141.33
1866.88	2138.67
1868.18	2114.67
1869.48	2141.33
1872.07	2160.67
1873.37	2143.33
1874.67	2165.33
1875.96	2135.33
1877.26	2174.0
1878.55	2142.0
1879.85	2141.33
1881.15	2126.0
1882.44	2153.33
1883.73	2169.33
1885.03	2169.33
1886.32	2165.33
1887.62	2154.67
1888.91	2148.0
1890.2	2178.0
1892.79	2206.0
1894.08	2216.67
1896.67	2212.67
1897.96	2184.0
1899.25	2139.33
1900.55	2130.0
1901.84	2162.67
1903.13	2199.33
1904.42	2168.67
1905.71	2130.0
1907.0	2190.67
1908.29	2184.0
1909.58	2172.0
1910.87	2190.67
1912.16	2127.33
1913.45	2176.0
1914.74	2162.67
1916.03	2188.0
1917.31	2172.0
1918.6	2191.33
1919.89	2155.33
1921.18	2181.33
1922.46	2171.33
1923.75	2174.0
1925.04	2156.0
1926.33	2223.33
1927.61	2176.67
1928.9	2150.67
1930.18	2156.0
1931.47	2144.0
1932.76	2179.33
1934.04	2182.0
1935.33	2158.67
1939.18	2175.33
1940.46	2206.0
1941.75	2224.67
