1042.452273	699.7999878
1043.018714	701.7999878
1043.585098	696.0
1044.151424	695.5999756
1044.717692	694.4000244
1045.283903	700.5999756
1045.850056	695.4000244
1046.416151	697.5999756
1046.982188	696.0
1047.548167	689.5999756
1048.114089	692.5999756
1048.679953	693.2000122
1049.24576	693.4000244
1049.811509	693.4000244
1050.3772	692.7999878
1050.942833	693.7999878
1051.508408	695.5999756
1052.073926	689.7999878
1052.639387	689.7999878
1053.204789	692.2000122
1053.770134	694.0
1054.335421	691.5999756
1054.900651	692.2000122
1055.465823	692.7999878
1056.030937	690.5999756
1056.595993	693.4000244
1057.160992	693.7999878
1057.725934	690.5999756
1058.290817	690.4000244
1058.855643	691.0
1059.420411	689.0
1059.985122	692.0
1060.549775	689.5999756
1061.114371	692.4000244
1061.678908	691.2000122
1062.243389	687.7999878
1062.807811	691.5999756
1063.372176	691.7999878
1063.936483	689.4000244
1064.500733	687.5999756
1065.064925	689.2000122
1065.62906	691.2000122
1066.193137	690.2000122
1066.757156	692.2000122
1067.321118	687.0
1067.885022	691.2000122
1068.448869	687.7999878
1069.012658	690.4000244
1069.57639	692.2000122
1070.140063	693.5999756
1070.70368	692.2000122
1071.267239	691.4000244
1071.83074	689.7999878
1072.394184	689.7999878
1072.95757	686.7999878
1073.520899	689.4000244
1074.08417	692.4000244
1074.647383	689.4000244
1075.21054	686.7999878
1075.773638	685.7999878
1076.336679	688.7999878
1076.899663	689.4000244
1077.462589	690.5999756
1078.025457	686.7999878
1078.588268	689.0
1079.151022	687.5999756
1079.713718	691.2000122
1080.276356	690.5999756
1080.838937	689.7999878
1081.401461	689.4000244
1081.963927	691.4000244
1082.526336	687.5999756
1083.088687	691.4000244
1083.650981	689.0
1084.213217	685.0
1084.775396	688.4000244
1085.337517	688.2000122
1085.899581	686.4000244
1086.461587	686.5999756
1087.023536	692.4000244
1087.585428	689.4000244
1088.147262	689.5999756
1088.709039	685.5999756
1089.270758	691.2000122
1089.83242	686.7999878
1090.394024	688.7999878
1090.955571	689.0
1091.517061	685.7999878
1092.078493	690.2000122
1092.639868	687.2000122
1093.201185	689.2000122
1093.762445	687.5999756
1094.323648	689.2000122
1094.884793	685.5999756
1095.445881	691.7999878
1096.006911	688.5999756
1096.567884	685.2000122
1097.1288	690.2000122
1097.689659	690.0
1098.25046	691.7999878
1098.811203	686.5999756
1099.37189	689.0
1099.932518	688.2000122
1100.49309	687.2000122
1101.053604	689.0
1101.614061	686.0
1102.174461	684.5999756
1102.734803	686.4000244
1103.295088	687.7999878
1103.855316	687.5999756
1104.415486	690.0
1104.975599	688.7999878
1105.535655	687.5999756
1106.095653	685.0
1106.655594	688.4000244
1107.215478	687.0
1107.775305	685.2000122
1108.335074	689.4000244
1108.894786	689.0
1109.45444	684.5999756
1110.014038	684.7999878
1110.573578	686.5999756
1111.133061	684.7999878
1111.692486	687.4000244
1112.251854	686.7999878
1112.811165	684.7999878
1113.370419	684.0
1113.929616	686.5999756
1114.488755	686.4000244
1115.047837	686.2000122
1115.606862	687.5999756
1116.16583	687.0
1116.72474	687.5999756
1117.283593	690.5999756
1117.842389	686.7999878
1118.401128	686.2000122
1118.959809	687.0
1119.518433	689.4000244
1120.077	688.5999756
1120.63551	686.0
1121.193963	690.0
1121.752358	687.4000244
1122.310697	686.5999756
1122.868978	686.7999878
1123.427202	688.5999756
1123.985368	688.4000244
1124.543478	686.2000122
1125.10153	688.0
1125.659526	684.4000244
1126.217464	686.5999756
1126.775345	688.0
1127.333168	688.0
1127.890935	687.0
1128.448644	688.4000244
1129.006297	684.5999756
1129.563892	686.4000244
1130.12143	685.7999878
1130.678911	684.5999756
1131.236335	688.0
1131.793701	688.4000244
1132.351011	685.7999878
1132.908263	686.7999878
1133.465458	685.4000244
1134.022597	686.2000122
1134.579678	683.5999756
1135.136702	687.0
1135.693669	686.4000244
1136.250578	685.4000244
1136.807431	687.7999878
1137.364227	686.2000122
1137.920965	687.2000122
1138.477647	683.2000122
1139.034271	689.5999756
1139.590839	688.4000244
1140.147349	686.7999878
1140.703802	687.5999756
1141.260198	684.2000122
1141.816537	689.2000122
1142.37282	685.4000244
1142.929045	687.2000122
1143.485213	689.5999756
1144.041323	684.7999878
1144.597377	685.4000244
1145.153374	684.5999756
1145.709314	687.5999756
1146.265197	684.2000122
1146.821023	686.5999756
1147.376792	687.2000122
1147.932503	685.5999756
1148.488158	689.2000122
1149.043756	684.5999756
1149.599297	688.5999756
1150.154781	689.4000244
1150.710207	687.4000244
1151.265577	685.7999878
1151.82089	687.0
1152.376146	687.2000122
1152.931345	684.0
1153.486487	688.7999878
1154.041572	685.4000244
1154.5966	688.2000122
1155.151571	684.7999878
1155.706485	686.4000244
1156.261342	684.4000244
1156.816142	686.7999878
1157.370885	687.2000122
1157.925572	691.0
1158.480201	689.0
1159.034774	688.5999756
1159.589289	686.0
1160.143748	689.0
1160.698149	684.4000244
1161.252494	686.4000244
1161.806782	686.0
1162.361013	687.2000122
1162.915187	690.2000122
1163.469304	688.2000122
1164.023364	685.4000244
1164.577368	685.5999756
1165.131314	684.4000244
1165.685204	686.2000122
1166.239036	687.4000244
1166.792812	690.4000244
1167.346531	686.4000244
1167.900193	686.7999878
1168.453798	685.5999756
1169.007347	688.0
1169.560838	686.4000244
1170.114273	689.0
1170.66765	687.7999878
1171.220971	687.0
1171.774235	685.2000122
1172.327443	684.4000244
1172.880593	687.7999878
1173.433687	687.4000244
1173.986723	685.5999756
1174.539703	685.5999756
1175.092626	686.4000244
1175.645493	686.2000122
1176.198302	688.5999756
1176.751055	685.0
1177.303751	685.7999878
1177.85639	686.0
1178.408972	693.0
1178.961498	686.0
1179.513966	685.4000244
1180.066378	689.7999878
1180.618733	683.7999878
1181.171032	688.5999756
1181.723273	690.7999878
1182.275458	687.7999878
1182.827586	685.0
1183.379657	690.7999878
1183.931672	691.4000244
1184.48363	690.4000244
1185.035531	693.2000122
1185.587375	688.7999878
1186.139162	690.5999756
1186.690893	684.7999878
1187.242567	686.0
1187.794184	689.0
1188.345745	690.4000244
1188.897249	687.0
1189.448696	686.7999878
1190.000086	690.5999756
1190.55142	690.5999756
1191.102697	685.7999878
1191.653918	688.2000122
1192.205081	691.7999878
1192.756188	686.0
1193.307238	697.0
1193.858232	693.0
1194.409169	690.0
1194.960049	691.7999878
1195.510872	692.7999878
1196.061639	690.2000122
1196.612349	687.5999756
1197.163003	687.4000244
1197.713599	689.0
1198.264139	689.0
1198.814623	689.2000122
1199.36505	686.0
1199.91542	691.7999878
1200.465734	690.7999878
1201.01599	688.5999756
1201.566191	690.5999756
1202.116334	691.2000122
1202.666421	692.7999878
1203.216452	692.2000122
1203.766425	687.4000244
1204.316343	688.4000244
1204.866203	687.0
1205.416007	692.4000244
1205.965754	695.2000122
1206.515445	693.4000244
1207.065079	691.4000244
1207.614657	691.7999878
1208.164177	695.2000122
1208.713642	693.2000122
1209.26305	692.5999756
1209.812401	689.5999756
1210.361695	691.0
1210.910933	692.0
1211.460115	695.2000122
1212.00924	694.5999756
1212.558308	696.7999878
1213.10732	697.2000122
1213.656275	695.2000122
1214.205174	691.7999878
1214.754016	694.7999878
1215.302801	695.5999756
1215.85153	693.7999878
1216.400203	693.0
1216.948819	698.4000244
1217.497378	695.0
1218.045881	693.4000244
1218.594327	695.0
1219.142717	696.4000244
1219.691051	694.0
1220.239327	698.7999878
1220.787548	698.5999756
1221.335712	698.5999756
1221.883819	693.5999756
1222.43187	701.2000122
1222.979864	698.7999878
1223.527802	699.7999878
1224.075683	700.0
1224.623508	698.0
1225.171277	700.4000244
1225.718989	697.0
1226.266644	700.5999756
1226.814243	699.0
1227.361786	703.5999756
1227.909272	698.5999756
1228.456702	704.4000244
1229.004075	700.4000244
1229.551392	706.4000244
1230.098652	707.5999756
1230.645856	703.7999878
1231.193003	706.5999756
1231.740094	707.4000244
1232.287129	708.4000244
1232.834107	705.2000122
1233.381029	702.7999878
1233.927894	704.5999756
1234.474703	706.7999878
1235.021455	706.4000244
1235.568151	708.4000244
1236.114791	708.4000244
1236.661374	710.7999878
1237.207901	711.7999878
1237.754372	709.4000244
1238.300786	712.4000244
1238.847144	713.4000244
1239.393445	709.5999756
1239.93969	715.7999878
1240.485879	715.7999878
1241.032011	716.2000122
1241.578087	719.2000122
1242.124106	715.4000244
1242.67007	718.0
1243.215976	724.0
1243.761827	724.2000122
1244.307621	726.0
1244.853359	730.2000122
1245.39904	729.7999878
1245.944665	730.2000122
1246.490234	726.5999756
1247.035746	730.2000122
1247.581203	729.0
1248.126602	732.7999878
1248.671946	732.0
1249.217233	736.7999878
1249.762464	729.7999878
1250.307638	736.5999756
1250.852757	733.4000244
1251.397819	738.2000122
1251.942824	740.0
1252.487774	744.7999878
1253.032667	746.2000122
1253.577503	746.5999756
1254.122284	752.4000244
1254.667008	758.7999878
1255.211676	765.0
1255.756288	780.2000122
1256.300843	796.7999878
1257.389785	825.4000244
1257.934172	822.7999878
1258.478502	837.2000122
1259.022776	856.7999878
1259.566994	884.4000244
1260.111156	925.0
1260.655261	949.0
1261.199311	974.5999756
1261.743304	963.2000122
1262.28724	964.7999878
1262.831121	929.0
1263.374945	904.0
1263.918713	890.2000122
1264.462425	859.4000244
1265.006081	846.5999756
1265.54968	841.4000244
1266.093223	828.7999878
1266.636711	823.5999756
1267.180141	823.4000244
1267.723516	811.7999878
1268.266835	816.5999756
1268.810097	816.0
1269.353303	815.2000122
1269.896453	814.0
1270.439547	822.0
1270.982584	812.2000122
1271.525566	820.0
1272.068491	826.5999756
1272.61136	826.2000122
1273.154173	837.4000244
1273.69693	844.5999756
1274.239631	850.5999756
1274.782275	855.0
1275.324864	861.7999878
1275.867396	890.0
1276.409872	898.2000122
1276.952292	935.5999756
1277.494656	971.7999878
1278.036964	1043.400024
1278.579215	1129.599976
1279.121411	1293.199951
1279.66355	1643.599976
1280.205634	2372.399902
1280.747661	3936.0
1281.289632	6176.799805
1281.831547	6570.600098
1282.373406	4538.200195
1282.915209	2772.199951
1283.456955	1869.0
1283.998646	1443.0
1284.540281	1212.599976
1285.081859	1093.400024
1285.623381	1023.200012
1286.164848	978.0
1286.706258	922.0
1287.247612	914.5999756
1287.788911	886.0
1288.330153	869.7999878
1288.871339	860.0
1289.412469	857.4000244
1289.953543	838.7999878
1290.494561	835.5999756
1291.035523	824.5999756
1291.576428	821.7999878
1292.117278	815.0
1292.658072	812.7999878
1293.19881	805.0
1293.739492	804.2000122
1294.280118	798.4000244
1294.820687	796.4000244
1295.361201	794.2000122
1295.901659	791.0
1296.442061	785.0
1296.982406	786.0
1297.522696	780.0
1298.06293	784.2000122
1298.603108	783.5999756
1299.143229	781.4000244
1299.683295	772.4000244
1300.223305	773.5999756
1300.763259	775.0
1301.303157	771.2000122
1301.842999	770.4000244
1302.382785	775.4000244
1302.922515	768.2000122
1303.462189	766.0
1304.001807	761.2000122
1304.541369	764.7999878
1305.080875	759.2000122
1305.620326	756.4000244
1306.15972	767.2000122
1306.699058	757.7999878
1307.238341	757.4000244
1307.777567	757.0
1308.316738	753.4000244
1308.855853	753.7999878
1309.394912	755.4000244
1309.933915	752.7999878
1310.472862	755.2000122
1311.011753	754.2000122
1311.550588	751.4000244
1312.089367	751.5999756
1312.62809	749.0
1313.166758	744.7999878
1313.70537	751.5999756
1314.243925	752.2000122
1314.782425	754.7999878
1315.320869	750.0
1315.859257	751.2000122
1316.397589	751.5999756
1316.935866	748.2000122
1317.474086	750.4000244
1318.012251	750.4000244
1318.55036	747.7999878
1319.088413	748.5999756
1319.62641	745.0
1320.164351	741.2000122
1320.702236	750.0
1321.240066	749.7999878
1321.777839	746.7999878
1322.315557	747.7999878
1322.853219	748.4000244
1323.390826	749.5999756
1323.928376	752.5999756
1324.465871	746.2000122
1325.003309	754.2000122
1325.540692	752.7999878
1326.07802	751.0
1326.615291	749.7999878
1327.152506	754.0
1327.689666	751.5999756
1328.22677	750.2000122
1328.763818	753.2000122
1329.300811	754.4000244
1329.837747	757.0
1330.374628	752.7999878
1330.911453	755.4000244
1331.448222	750.0
1331.984936	751.5999756
1332.521594	750.4000244
1333.058196	754.4000244
1333.594742	757.0
1334.131232	753.7999878
1334.667667	758.2000122
1335.204046	755.5999756
1335.740369	751.7999878
1336.276637	750.4000244
1336.812848	757.2000122
1337.349004	754.0
1337.885105	753.4000244
1338.421149	753.7999878
1338.957138	755.2000122
1339.493071	750.4000244
1340.028949	751.7999878
1340.56477	759.7999878
1341.100536	752.2000122
1341.636246	754.5999756
1342.171901	750.2000122
1342.7075	753.2000122
1343.243043	756.4000244
1343.77853	748.4000244
1344.313962	757.0
1344.849338	749.4000244
1345.384659	752.0
1345.919923	756.7999878
1346.455133	755.2000122
1346.990286	751.4000244
1347.525384	754.4000244
1348.060426	759.0
1348.595412	758.2000122
1349.130343	748.0
1349.665218	759.7999878
1350.200037	750.7999878
1350.734801	758.4000244
1351.269509	753.4000244
1351.804162	755.2000122
1352.338758	760.5999756
1352.8733	758.7999878
1353.407785	760.2000122
1353.942215	761.4000244
1354.476589	760.7999878
1355.010908	763.2000122
1355.545171	762.5999756
1356.079379	762.7999878
1356.61353	762.0
1357.147627	763.2000122
1357.681667	763.5999756
1358.215652	760.4000244
1358.749582	774.7999878
1359.283456	766.5999756
1359.817274	767.4000244
1360.351037	772.5999756
1360.884744	779.0
1361.418395	773.0
1361.951991	781.0
1362.485531	788.4000244
1363.019016	800.5999756
1363.552445	805.5999756
1364.085819	804.4000244
1364.619137	798.0
1365.1524	797.7999878
1365.685607	799.0
1366.218758	792.2000122
1366.751854	798.7999878
1367.284894	812.0
1367.817879	824.5999756
1368.350808	876.7999878
1368.883682	987.2000122
1369.4165	1002.200012
1369.949263	888.2000122
1370.48197	838.0
1371.014622	838.5999756
1371.547218	830.7999878
1372.079758	823.0
1372.612244	830.4000244
1373.144673	843.2000122
1373.677047	836.7999878
1374.209366	842.7999878
1374.741629	852.5999756
1375.273836	848.0
1375.805989	859.4000244
1376.338085	863.7999878
1376.870126	868.7999878
1377.402112	883.4000244
1377.934042	897.4000244
1378.465917	900.2000122
1378.997736	925.0
1379.5295	940.0
1380.061208	968.5999756
1380.592861	986.7999878
1381.124459	1027.800049
1381.656	1066.800049
1382.187487	1142.0
1382.718918	1219.400024
1383.250294	1369.599976
1383.781614	1578.199951
1384.312879	1943.400024
1384.844088	2709.800049
1385.375242	4333.200195
1385.90634	7878.0
1386.437383	12022.0
1386.968371	11104.0
1387.499303	6482.200195
1388.03018	3610.399902
1388.561001	2360.600098
1389.091767	1769.800049
1389.622478	1453.400024
1390.153133	1288.400024
1390.683733	1163.0
1391.214277	1089.800049
1391.744766	1045.800049
1392.2752	1003.200012
1392.805578	975.7999878
1393.335901	941.2000122
1393.866168	931.5999756
1394.396381	912.7999878
1394.926537	903.4000244
1395.456639	899.7999878
1395.986685	890.2000122
1396.516675	879.4000244
1397.046611	882.0
1397.576491	866.2000122
1398.106315	867.4000244
1398.636084	863.2000122
1399.165798	860.5999756
1399.695457	870.7999878
1400.22506	862.7999878
1400.754608	863.5999756
1401.284101	862.7999878
1401.813538	868.5999756
1402.34292	874.4000244
1402.872247	893.7999878
1403.401518	891.5999756
1403.930734	908.7999878
1404.459895	931.7999878
1404.989	951.5999756
1405.51805	989.2000122
1406.047045	1034.800049
1406.575984	1058.800049
1407.104869	1122.800049
1407.633697	1158.800049
1408.162471	1182.599976
1408.691189	1160.400024
1409.219852	1104.599976
1409.74846	1044.199951
1410.277013	986.0
1410.80551	935.2000122
1411.333952	889.4000244
1411.862339	854.5999756
1412.39067	839.5999756
1412.918946	815.2000122
1413.447167	802.7999878
1413.975333	787.4000244
1414.503444	781.7999878
1415.031499	773.2000122
1415.559499	772.2000122
1416.087444	765.0
1416.615333	762.0
1417.143167	763.4000244
1417.670947	758.2000122
1418.19867	753.7999878
1418.726339	753.4000244
1419.253952	746.5999756
1419.781511	751.4000244
1420.309014	749.2000122
1420.836461	747.4000244
1421.363854	743.7999878
1421.891191	741.5999756
1422.418474	744.2000122
1422.945701	743.0
1423.472872	746.2000122
1423.999989	738.0
1424.52705	737.5999756
1425.054057	737.5999756
1425.581008	735.5999756
1426.107904	734.0
1426.634745	729.5999756
1427.16153	729.4000244
1427.688261	727.2000122
1428.214936	720.7999878
1428.741556	724.5999756
1429.268121	721.2000122
1429.794631	725.2000122
1430.321085	721.4000244
1430.847485	717.5999756
1431.373829	721.0
1431.900118	718.7999878
1432.426353	721.4000244
1432.952532	717.5999756
1433.478655	719.4000244
1434.004724	714.4000244
1434.530738	713.5999756
1435.056696	711.2000122
1435.5826	715.4000244
1436.108448	711.2000122
1436.634241	711.2000122
1437.159979	712.5999756
1437.685662	711.7999878
1438.21129	708.7999878
1438.736863	711.7999878
1439.262381	712.0
1439.787843	709.5999756
1440.313251	706.5999756
1440.838603	709.5999756
1441.3639	707.0
1441.889143	707.4000244
1442.41433	701.2000122
1442.939462	702.7999878
1443.464539	707.2000122
1443.989561	709.0
1444.514528	704.4000244
1445.03944	702.4000244
1445.564297	704.7999878
1446.089099	705.0
1446.613846	708.4000244
1447.138537	702.4000244
1447.663174	703.7999878
1448.187756	702.4000244
1448.712282	702.2000122
1449.236754	698.5999756
1449.761171	700.5999756
1450.285532	701.7999878
1450.809839	703.7999878
1451.33409	699.7999878
1451.858287	698.4000244
1452.382428	697.2000122
1452.906515	700.0
1453.430546	698.7999878
1453.954523	698.0
1454.478444	697.2000122
1455.002311	698.2000122
1455.526123	699.4000244
1456.049879	698.7999878
1456.573581	698.7999878
1457.097227	694.5999756
1457.620819	697.5999756
1458.144356	694.0
1458.667837	698.0
1459.191264	697.2000122
1459.714636	700.0
1460.237952	696.2000122
1460.761214	700.7999878
1461.284421	697.0
1461.807573	696.4000244
1462.33067	694.0
1462.853712	694.0
1463.376699	691.2000122
1463.899632	695.2000122
1464.422509	697.4000244
1464.945331	696.0
1465.468099	696.4000244
1465.990811	691.7999878
1466.513469	692.5999756
1467.036071	695.2000122
1467.558619	696.0
1468.081112	693.4000244
1468.60355	695.2000122
1469.125933	693.4000244
1469.648261	695.4000244
1470.170534	694.0
1470.692752	692.4000244
1471.214916	692.7999878
1471.737024	696.5999756
1472.259078	691.7999878
1472.781077	693.5999756
1473.303021	690.4000244
1473.82491	691.4000244
1474.346744	694.0
1474.868523	690.4000244
1475.390248	690.7999878
1475.911917	686.7999878
1476.433532	690.7999878
1476.955092	692.5999756
1477.476597	691.7999878
1477.998047	690.7999878
1478.519442	687.5999756
1479.040783	692.4000244
1479.562068	688.2000122
1480.083299	689.7999878
1480.604475	688.7999878
1481.125596	691.5999756
1481.646663	690.7999878
1482.167674	686.4000244
1482.688631	689.5999756
1483.209533	689.5999756
1483.73038	685.0
1484.251172	688.2000122
1484.771909	690.2000122
1485.292592	687.2000122
1485.81322	689.0
1486.333793	688.2000122
1486.854311	690.0
1487.374775	690.2000122
1487.895183	687.4000244
1488.415537	686.0
1488.935836	689.7999878
1489.456081	686.0
1489.97627	690.5999756
1490.496405	688.5999756
1491.016485	690.4000244
1491.536511	689.2000122
1492.056481	687.2000122
1492.576397	686.5999756
1493.096258	693.0
1493.616064	688.5999756
1494.135816	691.7999878
1494.655513	689.0
1495.175155	687.0
1495.694742	686.7999878
1496.214274	690.2000122
1496.733752	691.0
1497.253175	686.0
1497.772544	683.7999878
1498.291858	685.7999878
1498.811116	693.4000244
1499.330321	684.5999756
1499.84947	688.7999878
1500.368565	684.2000122
1500.887605	686.2000122
1501.406591	685.2000122
1501.925521	689.4000244
1502.444397	687.0
1502.963219	688.4000244
1503.481985	684.7999878
1504.000697	690.0
1504.519355	687.7999878
1505.037957	690.0
1505.556505	688.4000244
1506.074999	689.0
1506.593437	687.0
1507.111821	685.2000122
1507.63015	687.2000122
1508.148425	690.0
1508.666645	687.0
1509.18481	688.0
1509.702921	691.2000122
1510.220977	685.5999756
1510.738979	688.4000244
1511.256925	690.0
1511.774817	689.0
1512.292655	688.2000122
1512.810438	686.2000122
1513.328166	688.2000122
1513.84584	688.2000122
1514.363459	687.4000244
1514.881023	686.2000122
1515.398533	687.5999756
1515.915988	688.0
1516.433389	689.7999878
1516.950734	687.4000244
1517.468026	686.7999878
1517.985263	688.5999756
1518.502445	689.4000244
1519.019572	688.7999878
1519.536645	685.0
1520.053664	684.0
1520.570628	690.2000122
1521.087537	686.5999756
1521.604392	687.5999756
1522.121192	684.5999756
1522.637937	688.4000244
1523.154628	682.5999756
1523.671265	687.0
1524.187847	685.2000122
1524.704374	686.2000122
1525.220847	687.2000122
1525.737265	686.0
1526.253629	689.4000244
1526.769938	682.0
1527.286192	684.5999756
1527.802392	685.7999878
1528.318538	689.5999756
1528.834629	688.7999878
1529.350666	685.5999756
1529.866648	688.4000244
1530.382575	683.0
1530.898448	689.2000122
1531.414266	687.5999756
1531.93003	686.7999878
1532.44574	684.5999756
1532.961395	685.5999756
1533.476995	686.2000122
1533.992541	685.2000122
1534.508033	688.0
1535.02347	686.2000122
1535.538852	685.5999756
1536.05418	689.4000244
1536.569454	688.2000122
1537.084673	690.0
1537.599837	686.2000122
1538.114947	688.5999756
1538.630003	687.0
1539.145004	685.4000244
1539.659951	686.2000122
1540.174843	686.2000122
1540.689681	684.4000244
1541.204465	685.5999756
1541.719194	684.7999878
1542.233868	681.7999878
1542.748488	686.4000244
1543.263054	683.0
1543.777565	687.7999878
1544.292022	689.0
1544.806424	689.7999878
1545.320772	687.0
1545.835066	684.7999878
1546.349305	687.5999756
1546.863489	687.2000122
1547.37762	685.2000122
1547.891696	687.4000244
1548.405717	683.5999756
1548.919684	688.7999878
1549.433597	688.0
1549.947455	686.4000244
1550.461259	689.7999878
1550.975009	684.4000244
1551.488704	692.2000122
1552.002345	696.2000122
1552.515931	697.2000122
1553.029463	692.4000244
1553.542941	696.2000122
1554.056364	688.7999878
1554.569733	690.0
1555.083048	685.7999878
1555.596308	687.2000122
1556.109514	687.7999878
1556.622665	686.4000244
1557.135762	685.5999756
1557.648805	687.0
1558.161794	687.5999756
1558.674728	688.7999878
1559.187608	686.2000122
1559.700433	688.7999878
1560.213205	689.0
1560.725921	688.2000122
1561.238584	685.5999756
1561.751192	686.5999756
1562.263746	688.5999756
1562.776246	686.7999878
1563.288691	685.5999756
1563.801082	685.0
1564.313419	684.2000122
1564.825701	687.5999756
1565.337929	687.2000122
1565.850103	689.5999756
1566.362223	685.5999756
1566.874288	685.5999756
1567.386299	685.2000122
1567.898256	688.4000244
1568.410158	685.5999756
1568.922007	688.7999878
1569.4338	688.5999756
1569.94554	688.7999878
1570.457226	685.7999878
1570.968857	688.5999756
1571.480434	685.7999878
1571.991956	691.4000244
1572.503425	689.5999756
1573.014839	685.4000244
1573.526199	687.7999878
1574.037505	688.4000244
1574.548756	688.0
1575.059953	686.0
1575.571096	684.4000244
1576.082185	684.2000122
1576.59322	687.7999878
1577.1042	691.0
1577.615126	686.4000244
1578.125998	686.5999756
1578.636816	687.0
1579.14758	690.0
1579.658289	689.0
1580.168944	689.0
1580.679545	688.5999756
1581.190092	686.7999878
1581.700585	687.5999756
1582.211023	688.5999756
1582.721407	687.0
1583.231737	686.5999756
1583.742013	688.5999756
1584.252235	688.5999756
1584.762403	688.7999878
1585.272516	687.5999756
1585.782575	688.4000244
1586.292581	686.7999878
1586.802532	686.5999756
1587.312428	686.0
1587.822271	686.4000244
1588.33206	686.4000244
1588.841794	688.4000244
1589.351474	685.7999878
1589.8611	689.0
1590.370672	686.0
1590.88019	688.5999756
1591.389654	684.7999878
1591.899064	684.5999756
1592.408419	685.5999756
