1042.452273	684.5
1043.018714	685.0
1043.585098	689.25
1044.151424	684.75
1044.717692	686.5
1045.283903	688.0
1045.850056	681.5
1046.416151	684.25
1046.982188	686.0
1047.548167	684.75
1048.114089	686.25
1048.679953	681.0
1049.24576	678.25
1049.811509	684.0
1050.3772	683.5
1050.942833	685.5
1051.508408	683.75
1052.073926	681.5
1052.639387	677.0
1053.204789	680.25
1053.770134	679.5
1054.335421	681.25
1054.900651	682.25
1055.465823	681.0
1056.030937	680.25
1056.595993	680.75
1057.160992	680.5
1057.725934	682.25
1058.290817	675.25
1058.855643	679.0
1059.420411	678.5
1059.985122	675.25
1060.549775	679.25
1061.114371	679.0
1061.678908	680.25
1062.243389	678.0
1062.807811	681.0
1063.372176	679.5
1063.936483	678.75
1064.500733	679.0
1065.064925	676.75
1065.62906	678.5
1066.193137	679.75
1066.757156	675.0
1067.321118	679.0
1067.885022	675.25
1068.448869	678.0
1069.012658	678.75
1069.57639	680.5
1070.140063	687.5
1070.70368	678.25
1071.267239	680.75
1071.83074	677.25
1072.394184	680.25
1072.95757	677.75
1073.520899	676.0
1074.08417	676.0
1074.647383	674.25
1075.21054	675.25
1075.773638	677.25
1076.336679	677.25
1076.899663	676.75
1077.462589	675.75
1078.025457	674.25
1078.588268	680.5
1079.151022	680.25
1079.713718	674.75
1080.276356	676.75
1080.838937	674.5
1081.401461	677.5
1081.963927	678.0
1082.526336	681.25
1083.088687	678.75
1083.650981	678.75
1084.213217	675.75
1084.775396	680.5
1085.337517	682.75
1085.899581	680.25
1086.461587	676.75
1087.023536	680.25
1087.585428	676.0
1088.147262	679.0
1088.709039	676.75
1089.270758	680.0
1089.83242	676.25
1090.394024	676.25
1090.955571	677.75
1091.517061	679.75
1092.078493	679.5
1092.639868	677.0
1093.201185	675.75
1093.762445	675.5
1094.323648	681.0
1094.884793	678.75
1095.445881	679.25
1096.006911	681.25
1096.567884	680.25
1097.1288	686.0
1097.689659	676.25
1098.25046	675.75
1098.811203	676.75
1099.37189	678.5
1099.932518	678.0
1100.49309	677.25
1101.053604	678.5
1101.614061	678.0
1102.174461	680.5
1102.734803	681.5
1103.295088	680.5
1103.855316	677.75
1104.415486	678.0
1104.975599	680.75
1105.535655	677.5
1106.095653	681.75
1106.655594	680.75
1107.215478	683.5
1107.775305	683.5
1108.335074	681.0
1108.894786	678.25
1109.45444	680.5
1110.014038	678.0
1110.573578	681.0
1111.133061	680.0
1111.692486	679.0
1112.251854	680.25
1112.811165	682.0
1113.370419	679.0
1113.929616	685.25
1114.488755	682.75
1115.047837	677.25
1115.606862	679.75
1116.16583	683.25
1116.72474	681.25
1117.283593	682.5
1117.842389	680.5
1118.401128	681.0
1118.959809	680.25
1119.518433	681.25
1120.077	683.5
1120.63551	683.5
1121.193963	680.75
1121.752358	682.25
1122.310697	683.5
1122.868978	685.25
1123.427202	680.0
1123.985368	681.75
1124.543478	680.75
1125.10153	683.75
1125.659526	683.25
1126.217464	681.75
1126.775345	680.75
1127.333168	678.5
1127.890935	680.75
1128.448644	683.75
1129.006297	680.0
1129.563892	682.5
1130.12143	682.0
1130.678911	682.5
1131.236335	683.75
1131.793701	684.5
1132.351011	682.5
1132.908263	682.5
1133.465458	682.0
1134.022597	682.5
1134.579678	682.75
1135.136702	686.0
1135.693669	687.0
1136.250578	684.75
1136.807431	686.0
1137.364227	679.0
1137.920965	688.25
1138.477647	686.0
1139.034271	689.0
1139.590839	684.75
1140.147349	689.75
1140.703802	691.75
1141.260198	686.0
1141.816537	689.75
1142.37282	698.75
1142.929045	711.5
1143.485213	742.5
1144.041323	726.25
1144.597377	709.25
1145.153374	696.5
1145.709314	693.5
1146.265197	711.25
1146.821023	721.75
1147.376792	771.5
1147.932503	777.0
1148.488158	740.25
1149.043756	745.5
1149.599297	811.75
1150.154781	1061.75
1150.710207	1530.5
1151.265577	1253.25
1151.82089	859.75
1152.376146	740.5
1152.931345	705.5
1153.486487	702.25
1154.041572	694.75
1154.5966	689.0
1155.151571	690.25
1155.706485	688.5
1156.261342	691.0
1156.816142	686.25
1157.370885	682.25
1157.925572	689.75
1158.480201	684.75
1159.034774	686.25
1159.589289	686.25
1160.143748	687.75
1160.698149	685.0
1161.252494	687.75
1161.806782	683.0
1162.361013	687.0
1162.915187	685.5
1163.469304	684.75
1164.023364	687.0
1164.577368	686.25
1165.131314	682.5
1165.685204	686.25
1166.239036	684.25
1166.792812	679.5
1167.346531	683.25
1167.900193	682.0
1168.453798	682.0
1169.007347	682.75
1169.560838	679.75
1170.114273	683.0
1170.66765	686.75
1171.220971	683.25
1171.774235	683.0
1172.327443	682.0
1172.880593	682.25
1173.433687	681.0
1173.986723	682.5
1174.539703	688.0
1175.092626	680.25
1175.645493	682.5
1176.198302	682.5
1176.751055	680.75
1177.303751	683.25
1177.85639	684.0
1178.408972	681.0
1178.961498	685.0
1179.513966	686.5
1180.066378	684.5
1180.618733	683.75
1181.171032	683.5
1181.723273	682.5
1182.275458	682.25
1182.827586	679.0
1183.379657	683.75
1183.931672	681.5
1184.48363	683.25
1185.035531	682.75
1185.587375	680.75
1186.139162	679.25
1186.690893	681.5
1187.242567	682.25
1187.794184	680.5
1188.345745	679.25
1188.897249	682.0
1189.448696	678.25
1190.000086	680.75
1190.55142	679.0
1191.102697	681.25
1191.653918	680.75
1192.205081	680.5
1192.756188	678.25
1193.307238	701.75
1193.858232	680.5
1194.409169	679.5
1194.960049	681.25
1195.510872	679.5
1196.061639	679.75
1196.612349	677.75
1197.163003	680.25
1197.713599	680.25
1198.264139	677.75
1198.814623	680.5
1199.36505	678.5
1199.91542	676.5
1200.465734	678.25
1201.01599	675.25
1201.566191	681.0
1202.116334	680.5
1202.666421	679.0
1203.216452	678.5
1203.766425	682.0
1204.316343	678.0
1204.866203	677.5
1205.416007	678.75
1205.965754	679.5
1206.515445	676.25
1207.065079	682.0
1207.614657	676.25
1208.164177	676.0
1208.713642	679.0
1209.26305	678.75
1209.812401	676.0
1210.361695	677.75
1210.910933	681.0
1211.460115	680.25
1212.00924	679.5
1212.558308	682.5
1213.10732	677.25
1213.656275	678.5
1214.205174	678.75
1214.754016	681.25
1215.302801	681.25
1215.85153	682.5
1216.400203	683.75
1216.948819	678.0
1217.497378	678.25
1218.045881	682.25
1218.594327	677.0
1219.142717	678.75
1219.691051	676.25
1220.239327	680.75
1220.787548	679.0
1221.335712	679.5
1221.883819	678.25
1222.43187	678.5
1222.979864	681.5
1223.527802	677.5
1224.075683	680.75
1224.623508	680.5
1225.171277	678.75
1225.718989	676.5
1226.266644	679.25
1226.814243	674.75
1227.361786	682.25
1227.909272	676.0
1228.456702	678.25
1229.004075	677.0
1229.551392	676.25
1230.098652	678.25
1230.645856	679.5
1231.193003	680.75
1231.740094	683.0
1232.287129	676.0
1232.834107	680.0
1233.381029	677.75
1233.927894	683.0
1234.474703	678.0
1235.021455	680.25
1235.568151	680.75
1236.114791	681.0
1236.661374	681.5
1237.207901	680.25
1237.754372	678.0
1238.300786	683.75
1238.847144	684.0
1239.393445	681.5
1239.93969	683.75
1240.485879	682.0
1241.032011	680.5
1241.578087	679.5
1242.124106	684.25
1242.67007	683.25
1243.215976	681.25
1243.761827	683.75
1244.307621	685.0
1244.853359	686.25
1245.39904	680.25
1245.944665	681.5
1246.490234	687.0
1247.035746	680.5
1247.581203	683.25
1248.126602	683.0
1248.671946	685.75
1249.217233	686.0
1249.762464	687.75
1250.307638	683.75
1250.852757	686.75
1251.397819	686.75
1251.942824	686.25
1252.487774	680.5
1253.032667	686.75
1253.577503	678.5
1254.122284	685.25
1254.667008	679.25
1255.211676	679.75
1255.756288	684.5
1256.300843	685.5
1256.845342	682.5
1257.389785	684.5
1257.934172	684.25
1258.478502	685.75
1259.022776	691.0
1259.566994	699.0
1260.111156	710.75
1260.655261	685.75
1261.199311	688.25
1261.743304	690.25
1262.28724	690.75
1262.831121	697.0
1263.374945	704.5
1263.918713	710.25
1264.462425	731.75
1265.006081	792.25
1265.54968	796.75
1266.093223	753.25
1266.636711	711.25
1267.180141	697.25
1267.723516	692.25
1268.266835	691.75
1268.810097	686.75
1269.353303	692.0
1269.896453	689.25
1270.439547	685.75
1270.982584	687.5
1271.525566	688.25
1272.068491	687.25
1272.61136	688.75
1273.154173	684.5
1273.69693	685.25
1274.239631	683.75
1274.782275	684.25
1275.324864	689.0
1275.867396	685.0
1276.409872	691.0
1276.952292	687.0
1277.494656	686.5
1278.036964	692.0
1278.579215	692.0
1279.121411	690.75
1279.66355	688.25
1280.205634	690.0
1280.747661	700.0
1281.289632	698.5
1281.831547	705.75
1282.373406	708.25
1282.915209	728.0
1283.456955	752.0
1283.998646	821.25
1284.540281	1005.5
1285.081859	1641.5
1285.623381	2360.25
1286.164848	1611.25
1286.706258	939.5
1287.247612	786.25
1287.788911	742.75
1288.330153	718.0
1288.871339	707.25
1289.412469	699.0
1289.953543	700.25
1290.494561	698.0
1291.035523	691.5
1291.576428	692.5
1292.117278	692.5
1292.658072	691.25
1293.19881	692.5
1293.739492	689.25
1294.280118	693.0
1294.820687	688.5
1295.361201	687.5
1295.901659	688.75
1296.442061	686.25
1296.982406	691.0
1297.522696	686.75
1298.06293	685.75
1298.603108	688.75
1299.143229	687.75
1299.683295	689.5
1300.223305	686.25
1300.763259	683.0
1301.303157	684.0
1301.842999	682.25
1302.382785	686.5
1302.922515	684.75
1303.462189	683.75
1304.001807	682.25
1304.541369	684.5
1305.080875	686.0
1305.620326	683.25
1306.15972	685.25
1306.699058	686.75
1307.238341	686.5
1307.777567	683.25
1308.316738	684.0
1308.855853	680.5
1309.394912	683.0
1309.933915	689.25
1310.472862	683.5
1311.011753	686.75
1311.550588	684.5
1312.089367	685.0
1312.62809	687.25
1313.166758	685.0
1313.70537	680.5
1314.243925	688.75
1314.782425	684.0
1315.320869	686.25
1315.859257	684.5
1316.397589	685.75
1316.935866	682.0
1317.474086	684.0
1318.012251	681.75
1318.55036	684.0
1319.088413	683.0
1319.62641	683.75
1320.164351	686.75
1320.702236	687.5
1321.240066	682.75
1321.777839	687.0
1322.315557	684.0
1322.853219	682.75
1323.390826	685.75
1323.928376	687.75
1324.465871	685.0
1325.003309	687.5
1325.540692	689.75
1326.07802	684.5
1326.615291	687.5
1327.152506	684.0
1327.689666	687.25
1328.22677	684.25
1328.763818	684.5
1329.300811	683.5
1329.837747	683.25
1330.374628	681.25
1330.911453	688.75
1331.448222	682.5
1331.984936	682.75
1332.521594	684.0
1333.058196	690.75
1333.594742	687.5
1334.131232	684.5
1334.667667	685.0
1335.204046	683.25
1335.740369	683.25
1336.276637	681.25
1336.812848	686.0
1337.349004	684.25
1337.885105	687.75
1338.421149	684.0
1338.957138	684.5
1339.493071	690.5
1340.028949	685.25
1340.56477	686.0
1341.100536	688.75
1341.636246	685.5
1342.171901	685.5
1342.7075	687.25
1343.243043	687.25
1343.77853	687.25
1344.313962	686.5
1344.849338	682.5
1345.384659	687.75
1345.919923	680.75
1346.455133	684.25
1346.990286	686.25
1347.525384	690.0
1348.060426	685.5
1348.595412	686.75
1349.130343	684.5
1349.665218	689.75
1350.200037	685.5
1350.734801	686.25
1351.269509	683.75
1351.804162	685.75
1352.338758	689.0
1352.8733	693.75
1353.407785	685.5
1353.942215	688.0
1354.476589	688.0
1355.010908	688.75
1355.545171	686.25
1356.079379	684.75
1356.61353	684.5
1357.147627	689.25
1357.681667	688.75
1358.215652	689.25
1358.749582	689.75
1359.283456	685.0
1359.817274	689.0
1360.351037	687.25
1360.884744	688.75
1361.418395	691.25
1361.951991	689.0
1362.485531	691.0
1363.019016	690.25
1363.552445	687.5
1364.085819	690.75
1364.619137	688.0
1365.1524	686.0
1365.685607	696.25
1366.218758	690.75
1366.751854	694.5
1367.284894	691.0
1367.817879	690.75
1368.350808	689.75
1368.883682	689.75
1369.4165	692.0
1369.949263	701.5
1371.014622	714.25
1371.547218	694.75
1372.079758	690.5
1372.612244	691.25
1373.144673	691.25
1373.677047	683.5
1374.209366	688.25
1374.741629	686.0
1375.273836	688.5
1375.805989	693.0
1376.338085	697.0
1376.870126	690.0
1377.402112	694.25
1377.934042	694.0
1378.465917	689.75
1378.997736	693.75
1379.5295	694.0
1380.061208	691.25
1380.592861	695.25
1381.124459	693.75
1381.656	699.5
1382.187487	696.0
1382.718918	704.25
1383.250294	700.0
1383.781614	705.5
1384.312879	705.25
1384.844088	707.75
1385.375242	717.75
1385.90634	733.0
1386.437383	751.0
1386.968371	782.5
1387.499303	876.0
1388.03018	1287.5
1388.561001	2800.5
1389.091767	3349.5
1389.622478	1580.0
1390.153133	901.25
1390.683733	772.25
1391.214277	743.5
1391.744766	723.0
1392.2752	713.5
1392.805578	706.25
1393.335901	699.25
1393.866168	698.75
1394.396381	696.75
1394.926537	695.5
1395.456639	693.75
1395.986685	692.0
1396.516675	691.25
1397.046611	687.75
1397.576491	691.25
1398.106315	691.0
1398.636084	691.25
1399.165798	697.0
1399.695457	684.0
1400.22506	689.75
1400.754608	688.25
1401.284101	691.5
1401.813538	689.0
1402.34292	690.0
1402.872247	689.75
1403.401518	688.5
1403.930734	690.75
1404.459895	690.0
1404.989	689.75
1405.51805	689.0
1406.047045	690.75
1406.575984	689.0
1407.104869	692.25
1407.633697	695.0
1408.162471	703.0
1408.691189	713.0
1409.219852	747.75
1409.74846	832.0
1410.277013	897.5
1410.80551	818.25
1411.333952	737.0
1411.862339	709.0
1412.39067	694.0
1412.918946	691.5
1413.447167	686.25
1413.975333	687.0
1414.503444	689.0
1415.031499	686.25
1415.559499	699.75
1416.087444	686.25
1416.615333	689.75
1417.143167	685.0
1417.670947	685.25
1418.19867	686.25
1418.726339	687.25
1419.253952	684.75
1419.781511	687.25
1420.309014	684.0
1420.836461	685.0
1421.363854	683.75
1421.891191	681.0
1422.418474	679.75
1422.945701	688.0
1423.472872	681.75
1423.999989	686.5
1424.52705	684.0
1425.054057	688.25
1425.581008	682.25
1426.107904	686.75
1426.634745	689.25
1427.16153	686.25
1427.688261	685.5
1428.214936	681.75
1428.741556	684.0
1429.268121	680.75
1429.794631	681.75
1430.321085	685.0
1430.847485	682.5
1431.373829	681.25
1431.900118	682.0
1432.426353	682.25
1432.952532	681.5
1433.478655	681.25
1434.004724	677.5
1434.530738	682.75
1435.056696	679.0
1435.5826	680.5
1436.108448	677.5
1436.634241	679.25
1437.159979	677.0
1437.685662	680.25
1438.21129	679.75
1438.736863	676.25
1439.262381	677.75
1439.787843	674.5
1440.313251	683.25
1440.838603	677.25
1441.3639	677.75
1441.889143	677.25
1442.41433	676.5
1442.939462	678.25
1443.464539	679.5
1443.989561	676.25
1444.514528	676.0
1445.03944	675.25
1445.564297	675.5
1446.089099	678.25
1446.613846	673.75
1447.138537	676.25
1447.663174	675.5
1448.187756	676.25
1448.712282	677.5
1449.236754	678.25
1449.761171	675.0
1450.285532	674.0
1450.809839	675.5
1451.33409	673.25
1451.858287	675.25
1452.382428	672.25
1452.906515	671.5
1453.430546	675.25
1453.954523	673.0
1454.478444	675.25
1455.002311	674.25
1455.526123	674.0
1456.049879	675.75
1456.573581	675.25
1457.097227	673.25
1457.620819	676.0
1458.144356	675.75
1458.667837	674.75
1459.191264	673.5
1459.714636	673.0
1460.237952	671.5
1460.761214	674.0
1461.284421	672.25
1461.807573	675.0
1462.33067	674.75
1462.853712	677.5
1463.376699	690.5
1463.899632	675.0
1464.422509	672.75
1464.945331	677.0
1465.468099	675.5
1465.990811	671.0
1466.513469	671.0
1467.036071	676.75
1467.558619	670.75
1468.081112	674.75
1468.60355	672.75
1469.125933	673.25
1469.648261	674.25
1470.170534	675.0
1470.692752	673.25
1471.214916	672.75
1471.737024	671.75
1472.259078	672.75
1472.781077	669.75
1473.303021	670.5
1473.82491	673.75
1474.346744	672.25
1474.868523	674.75
1475.390248	674.5
1475.911917	667.25
1476.433532	670.25
1476.955092	672.0
1477.476597	673.0
1477.998047	671.75
1478.519442	673.0
1479.040783	672.75
1479.562068	670.5
1480.083299	671.0
1480.604475	672.75
1481.125596	671.75
1481.646663	673.5
1482.167674	670.5
1482.688631	665.75
1483.209533	674.75
1483.73038	670.5
1484.251172	672.25
1484.771909	672.25
1485.292592	670.25
1485.81322	673.75
1486.333793	670.25
1486.854311	669.75
1487.374775	667.75
1487.895183	670.5
1488.415537	671.75
1488.935836	672.0
1489.456081	668.75
1489.97627	671.25
1490.496405	672.75
1491.016485	671.0
1491.536511	671.0
1492.056481	668.5
1492.576397	668.75
1493.096258	669.75
1493.616064	671.5
1494.135816	671.75
1494.655513	670.0
1495.175155	670.5
1495.694742	670.25
1496.214274	671.25
1496.733752	671.0
1497.253175	672.5
1497.772544	669.75
1498.291858	671.5
1498.811116	673.25
1499.330321	669.5
1499.84947	680.25
1500.368565	669.75
1500.887605	670.75
1501.406591	671.0
1501.925521	668.0
1502.444397	670.5
1502.963219	671.25
1503.481985	672.25
1504.000697	672.0
1504.519355	672.0
1505.037957	670.0
1505.556505	670.0
1506.074999	671.25
1506.593437	668.25
1507.111821	667.5
1507.63015	671.0
1508.148425	672.75
1508.666645	668.75
1509.18481	673.25
1509.702921	672.25
1510.220977	670.75
1510.738979	680.5
1511.256925	670.0
1511.774817	669.75
1512.292655	674.5
1512.810438	671.25
1513.328166	670.0
1513.84584	666.75
1514.363459	672.0
1514.881023	674.25
1515.398533	665.75
1515.915988	673.5
1516.433389	670.0
1516.950734	669.75
1517.468026	667.75
1517.985263	669.0
1518.502445	672.25
1519.019572	669.0
1519.536645	669.25
1520.053664	668.5
1520.570628	668.25
1521.087537	672.25
1521.604392	674.25
1522.121192	669.5
1522.637937	670.0
1523.154628	672.0
1523.671265	674.25
1524.187847	672.5
1524.704374	673.5
1525.220847	670.0
1525.737265	673.75
1526.253629	683.25
1526.769938	678.75
1527.286192	669.25
1527.802392	671.75
1528.318538	670.75
1528.834629	671.0
1529.350666	672.0
1529.866648	671.75
1530.382575	667.75
1530.898448	670.25
1531.414266	673.75
1531.93003	669.5
1532.44574	672.25
1532.961395	670.75
1533.476995	668.25
1533.992541	668.25
1534.508033	667.75
1535.02347	669.5
1535.538852	670.0
1536.05418	674.0
1536.569454	669.5
1537.084673	669.0
1537.599837	670.25
1538.114947	667.25
1538.630003	669.75
1539.145004	672.25
1539.659951	675.5
1540.174843	669.75
1540.689681	669.25
1541.204465	672.75
1541.719194	670.75
1542.233868	669.5
1542.748488	669.75
1543.263054	669.75
1543.777565	670.5
1544.292022	670.5
1544.806424	668.75
1545.320772	670.75
1545.835066	671.25
1546.349305	669.25
1546.863489	671.75
1547.37762	667.5
1547.891696	670.75
1548.405717	672.0
1548.919684	674.0
1549.433597	671.75
1549.947455	673.25
1550.461259	668.5
1550.975009	669.0
1551.488704	673.0
1552.002345	670.0
1552.515931	672.0
1553.029463	672.75
1553.542941	670.75
1554.056364	671.75
1554.569733	671.0
1555.083048	668.5
1555.596308	669.5
1556.109514	671.25
1556.622665	669.5
1557.135762	670.75
1557.648805	671.5
1558.161794	671.0
1558.674728	671.75
1559.187608	674.25
1559.700433	673.5
1560.213205	672.75
1560.725921	671.5
1561.238584	669.75
1561.751192	671.0
1562.263746	669.75
1562.776246	671.75
1563.288691	671.0
1563.801082	668.5
1564.313419	671.25
1564.825701	669.75
1565.337929	669.75
1565.850103	673.0
1566.362223	671.25
1566.874288	670.5
1567.386299	673.0
1567.898256	670.25
1568.410158	671.0
1568.922007	673.5
1569.4338	674.0
1569.94554	667.25
1570.457226	669.5
1570.968857	667.75
1571.480434	669.75
1571.991956	667.75
1572.503425	670.0
1573.014839	672.5
1573.526199	669.75
1574.037505	669.75
1574.548756	671.0
1575.059953	669.75
1575.571096	670.5
1576.082185	669.25
1576.59322	670.25
1577.1042	670.5
1577.615126	672.0
1578.125998	672.25
1578.636816	671.25
1579.14758	668.75
1579.658289	668.25
1580.168944	672.5
1580.679545	668.25
1581.190092	674.0
1581.700585	670.5
1582.211023	671.5
1582.721407	673.0
1583.231737	668.5
1583.742013	670.0
1584.252235	670.25
1584.762403	669.75
1585.272516	667.25
1585.782575	672.75
1586.292581	670.5
1586.802532	670.25
1587.312428	671.5
1587.822271	667.0
1588.33206	667.75
1588.841794	667.75
1589.351474	671.0
1589.8611	668.0
1590.370672	669.25
1590.88019	668.75
1591.389654	670.5
1591.899064	670.5
1592.408419	670.0
