 1.057815782E+03	 7.276666870E+02
 1.058382733E+03	 7.263333130E+02
 1.058949625E+03	 7.363333130E+02
 1.059516457E+03	 7.543333130E+02
 1.060083231E+03	 7.476666870E+02
 1.060649945E+03	 7.266666870E+02
 1.061216600E+03	 7.216666870E+02
 1.061783197E+03	 7.266666870E+02
 1.062349734E+03	 7.156666870E+02
 1.062916211E+03	 7.170000000E+02
 1.063482630E+03	 7.143333130E+02
 1.064048990E+03	 7.230000000E+02
 1.064615290E+03	 7.236666870E+02
 1.065181532E+03	 7.236666870E+02
 1.065747714E+03	 7.216666870E+02
 1.066313837E+03	 7.216666870E+02
 1.066879901E+03	 7.213333130E+02
 1.067445906E+03	 7.216666870E+02
 1.068011852E+03	 7.230000000E+02
 1.068577739E+03	 7.250000000E+02
 1.069143567E+03	 7.213333130E+02
 1.069709336E+03	 7.233333130E+02
 1.070275046E+03	 7.230000000E+02
 1.070840696E+03	 7.156666870E+02
 1.071406288E+03	 7.126666870E+02
 1.071971820E+03	 7.170000000E+02
 1.072537294E+03	 7.156666870E+02
 1.073102708E+03	 7.160000000E+02
 1.073668064E+03	 7.233333130E+02
 1.074233360E+03	 7.190000000E+02
 1.074798598E+03	 7.136666870E+02
 1.075363776E+03	 7.150000000E+02
 1.075928896E+03	 7.183333130E+02
 1.076493956E+03	 7.153333130E+02
 1.077058957E+03	 7.093333130E+02
 1.077623900E+03	 7.103333130E+02
 1.078188783E+03	 7.096666870E+02
 1.078753607E+03	 7.116666870E+02
 1.079318373E+03	 7.073333130E+02
 1.079883079E+03	 7.100000000E+02
 1.080447727E+03	 7.110000000E+02
 1.081012315E+03	 7.170000000E+02
 1.081576845E+03	 7.183333130E+02
 1.082141315E+03	 7.143333130E+02
 1.082705727E+03	 7.110000000E+02
 1.083270079E+03	 7.130000000E+02
 1.083834373E+03	 7.140000000E+02
 1.084398608E+03	 7.100000000E+02
 1.084962784E+03	 7.100000000E+02
 1.085526900E+03	 7.116666870E+02
 1.086090958E+03	 7.126666870E+02
 1.086654957E+03	 7.156666870E+02
 1.087218897E+03	 7.143333130E+02
 1.087782779E+03	 7.156666870E+02
 1.088346601E+03	 7.133333130E+02
 1.088910364E+03	 7.173333130E+02
 1.089474069E+03	 7.160000000E+02
 1.090037714E+03	 7.110000000E+02
 1.090601301E+03	 7.166666870E+02
 1.091164829E+03	 7.166666870E+02
 1.091728298E+03	 7.126666870E+02
 1.092291708E+03	 7.156666870E+02
 1.092855059E+03	 7.140000000E+02
 1.093418351E+03	 7.153333130E+02
 1.093981584E+03	 7.126666870E+02
 1.094544759E+03	 7.086666870E+02
 1.095107875E+03	 7.110000000E+02
 1.095670932E+03	 7.123333130E+02
 1.096233930E+03	 7.123333130E+02
 1.096796869E+03	 7.133333130E+02
 1.097359749E+03	 7.126666870E+02
 1.097922570E+03	 7.120000000E+02
 1.098485333E+03	 7.090000000E+02
 1.099048037E+03	 7.096666870E+02
 1.099610682E+03	 7.093333130E+02
 1.100173268E+03	 7.096666870E+02
 1.100735796E+03	 7.100000000E+02
 1.101298264E+03	 7.203333130E+02
 1.101860674E+03	 7.160000000E+02
 1.102423025E+03	 7.213333130E+02
 1.102985317E+03	 7.180000000E+02
 1.103547551E+03	 7.160000000E+02
 1.104109725E+03	 7.113333130E+02
 1.104671841E+03	 7.126666870E+02
 1.105233898E+03	 7.140000000E+02
 1.105795897E+03	 7.180000000E+02
 1.106357836E+03	 7.093333130E+02
 1.106919717E+03	 7.103333130E+02
 1.107481539E+03	 7.070000000E+02
 1.108043302E+03	 7.066666870E+02
 1.108605007E+03	 7.210000000E+02
 1.109166653E+03	 7.206666870E+02
 1.109728240E+03	 7.360000000E+02
 1.110289768E+03	 8.050000000E+02
 1.110851238E+03	 8.450000000E+02
 1.111412649E+03	 7.843333130E+02
 1.111974001E+03	 7.290000000E+02
 1.112535294E+03	 7.183333130E+02
 1.113096529E+03	 7.106666870E+02
 1.113657705E+03	 7.120000000E+02
 1.114218823E+03	 7.116666870E+02
 1.114779881E+03	 7.106666870E+02
 1.115340881E+03	 7.076666870E+02
 1.115901823E+03	 7.116666870E+02
 1.116462705E+03	 7.090000000E+02
 1.117023529E+03	 7.076666870E+02
 1.117584295E+03	 7.103333130E+02
 1.118145001E+03	 7.103333130E+02
 1.118705649E+03	 7.120000000E+02
 1.119266239E+03	 7.143333130E+02
 1.119826769E+03	 7.133333130E+02
 1.120387241E+03	 7.253333130E+02
 1.120947655E+03	 7.760000000E+02
 1.121508009E+03	 8.540000000E+02
 1.122068305E+03	 8.426666870E+02
 1.122628543E+03	 9.566666870E+02
 1.123188722E+03	 1.462333374E+03
 1.123748842E+03	 1.586666626E+03
 1.124308904E+03	 1.082333374E+03
 1.124868907E+03	 8.203333130E+02
 1.125428851E+03	 7.463333130E+02
 1.125988737E+03	 7.233333130E+02
 1.126548564E+03	 7.160000000E+02
 1.127108333E+03	 7.133333130E+02
 1.127668043E+03	 7.126666870E+02
 1.128227694E+03	 7.216666870E+02
 1.128787287E+03	 7.220000000E+02
 1.129346821E+03	 7.183333130E+02
 1.129906297E+03	 7.156666870E+02
 1.130465714E+03	 7.143333130E+02
 1.131025073E+03	 7.170000000E+02
 1.131584373E+03	 7.216666870E+02
 1.132143615E+03	 7.160000000E+02
 1.132702797E+03	 7.150000000E+02
 1.133261922E+03	 7.163333130E+02
 1.133820988E+03	 7.240000000E+02
 1.134379995E+03	 7.256666870E+02
 1.134938944E+03	 7.173333130E+02
 1.135497834E+03	 7.166666870E+02
 1.136056666E+03	 7.150000000E+02
 1.136615439E+03	 7.173333130E+02
 1.137174154E+03	 7.216666870E+02
 1.137732810E+03	 7.163333130E+02
 1.138291408E+03	 7.203333130E+02
 1.138849948E+03	 7.206666870E+02
 1.139408428E+03	 7.326666870E+02
 1.139966851E+03	 7.363333130E+02
 1.140525214E+03	 7.380000000E+02
 1.141083520E+03	 7.906666870E+02
 1.141641767E+03	 8.850000000E+02
 1.142199955E+03	 8.550000000E+02
 1.142758085E+03	 7.610000000E+02
 1.143316157E+03	 7.266666870E+02
 1.143874170E+03	 7.183333130E+02
 1.144432124E+03	 7.116666870E+02
 1.144990020E+03	 7.156666870E+02
 1.145547858E+03	 7.116666870E+02
 1.146105637E+03	 7.163333130E+02
 1.146663358E+03	 7.253333130E+02
 1.147221021E+03	 7.203333130E+02
 1.147778625E+03	 7.116666870E+02
 1.148336170E+03	 7.256666870E+02
 1.148893657E+03	 7.383333130E+02
 1.149451086E+03	 7.403333130E+02
 1.150008457E+03	 7.263333130E+02
 1.150565769E+03	 7.206666870E+02
 1.151123022E+03	 7.163333130E+02
 1.151680217E+03	 7.320000000E+02
 1.152237354E+03	 7.406666870E+02
 1.152794433E+03	 7.466666870E+02
 1.153351453E+03	 7.453333130E+02
 1.153908414E+03	 7.326666870E+02
 1.154465318E+03	 7.240000000E+02
 1.155022163E+03	 7.256666870E+02
 1.155578949E+03	 7.243333130E+02
 1.156135678E+03	 7.220000000E+02
 1.156692348E+03	 7.276666870E+02
 1.157248959E+03	 7.170000000E+02
 1.157805512E+03	 7.160000000E+02
 1.158362007E+03	 7.273333130E+02
 1.158918444E+03	 7.223333130E+02
 1.159474822E+03	 7.163333130E+02
 1.160031142E+03	 7.176666870E+02
 1.160587404E+03	 7.100000000E+02
 1.161143607E+03	 7.156666870E+02
 1.161699752E+03	 7.213333130E+02
 1.162255839E+03	 7.230000000E+02
 1.162811867E+03	 7.193333130E+02
 1.163367837E+03	 7.086666870E+02
 1.163923749E+03	 7.173333130E+02
 1.164479603E+03	 7.150000000E+02
 1.165035398E+03	 7.166666870E+02
 1.165591135E+03	 7.140000000E+02
 1.166146814E+03	 7.146666870E+02
 1.166702434E+03	 7.266666870E+02
 1.167257997E+03	 7.203333130E+02
 1.167813500E+03	 7.200000000E+02
 1.168368946E+03	 7.176666870E+02
 1.168924334E+03	 7.173333130E+02
 1.169479663E+03	 7.160000000E+02
 1.170034934E+03	 7.130000000E+02
 1.170590147E+03	 7.113333130E+02
 1.171145301E+03	 7.113333130E+02
 1.171700398E+03	 7.113333130E+02
 1.172255436E+03	 7.083333130E+02
 1.172810416E+03	 7.143333130E+02
 1.173365337E+03	 7.123333130E+02
 1.173920201E+03	 7.143333130E+02
 1.174475006E+03	 7.136666870E+02
 1.175029753E+03	 7.136666870E+02
 1.175584442E+03	 7.176666870E+02
 1.176139073E+03	 7.166666870E+02
 1.176693645E+03	 7.133333130E+02
 1.177248160E+03	 7.146666870E+02
 1.177802616E+03	 7.140000000E+02
 1.178357014E+03	 7.136666870E+02
 1.178911354E+03	 7.120000000E+02
 1.179465635E+03	 7.126666870E+02
 1.180019859E+03	 7.076666870E+02
 1.180574024E+03	 7.076666870E+02
 1.181128132E+03	 7.070000000E+02
 1.181682181E+03	 7.130000000E+02
 1.182236172E+03	 7.143333130E+02
 1.182790105E+03	 7.126666870E+02
 1.183343979E+03	 7.066666870E+02
 1.183897796E+03	 7.083333130E+02
 1.184451555E+03	 7.113333130E+02
 1.185005255E+03	 7.130000000E+02
 1.185558897E+03	 7.170000000E+02
 1.186112481E+03	 7.133333130E+02
 1.186666008E+03	 7.160000000E+02
 1.187219476E+03	 7.110000000E+02
 1.187772885E+03	 7.070000000E+02
 1.188326237E+03	 7.123333130E+02
 1.188879531E+03	 7.060000000E+02
 1.189432767E+03	 7.123333130E+02
 1.189985944E+03	 7.116666870E+02
 1.190539064E+03	 7.113333130E+02
 1.191092125E+03	 7.093333130E+02
 1.191645129E+03	 7.093333130E+02
 1.192198074E+03	 7.106666870E+02
 1.192750962E+03	 7.066666870E+02
 1.193303791E+03	 7.113333130E+02
 1.193856562E+03	 7.053333130E+02
 1.194409275E+03	 7.126666870E+02
 1.194961930E+03	 7.096666870E+02
 1.195514528E+03	 7.096666870E+02
 1.196067067E+03	 7.066666870E+02
 1.196619548E+03	 7.070000000E+02
 1.197171971E+03	 7.043333130E+02
 1.197724336E+03	 7.070000000E+02
 1.198276643E+03	 7.043333130E+02
 1.198828892E+03	 7.020000000E+02
 1.199381084E+03	 7.056666870E+02
 1.199933217E+03	 7.076666870E+02
 1.200485292E+03	 7.060000000E+02
 1.201037309E+03	 7.063333130E+02
 1.201589268E+03	 7.123333130E+02
 1.202141170E+03	 7.090000000E+02
 1.202693013E+03	 7.070000000E+02
 1.203244798E+03	 7.066666870E+02
 1.203796526E+03	 7.083333130E+02
 1.204348195E+03	 7.156666870E+02
 1.204899806E+03	 7.093333130E+02
 1.205451360E+03	 7.080000000E+02
 1.206002856E+03	 7.093333130E+02
 1.206554293E+03	 7.100000000E+02
 1.207105673E+03	 7.106666870E+02
 1.207656995E+03	 7.116666870E+02
 1.208208259E+03	 7.103333130E+02
 1.208759465E+03	 7.086666870E+02
 1.209310613E+03	 7.096666870E+02
 1.209861703E+03	 7.123333130E+02
 1.210412735E+03	 7.126666870E+02
 1.210963710E+03	 7.220000000E+02
 1.211514626E+03	 7.123333130E+02
 1.212065485E+03	 7.136666870E+02
 1.212616286E+03	 7.116666870E+02
 1.213167028E+03	 7.100000000E+02
 1.213717713E+03	 7.103333130E+02
 1.214268341E+03	 7.063333130E+02
 1.214818910E+03	 7.136666870E+02
 1.215369421E+03	 7.120000000E+02
 1.215919875E+03	 7.063333130E+02
 1.216470270E+03	 7.093333130E+02
 1.217020608E+03	 7.143333130E+02
 1.217570888E+03	 7.110000000E+02
 1.218121111E+03	 7.086666870E+02
 1.218671275E+03	 7.110000000E+02
 1.219221381E+03	 7.126666870E+02
 1.219771430E+03	 7.173333130E+02
 1.220321421E+03	 7.256666870E+02
 1.220871354E+03	 7.233333130E+02
 1.221421229E+03	 7.146666870E+02
 1.221971047E+03	 7.123333130E+02
 1.222520807E+03	 7.266666870E+02
 1.223070508E+03	 7.286666870E+02
 1.223620153E+03	 7.366666870E+02
 1.224169739E+03	 7.350000000E+02
 1.224719267E+03	 7.566666870E+02
 1.225268738E+03	 8.303333130E+02
 1.225818151E+03	 1.151666626E+03
 1.226367506E+03	 1.385333374E+03
 1.226916804E+03	 1.095666626E+03
 1.227466044E+03	 8.303333130E+02
 1.228015225E+03	 7.443333130E+02
 1.228564350E+03	 7.243333130E+02
 1.229113416E+03	 7.186666870E+02
 1.229662425E+03	 7.196666870E+02
 1.230211376E+03	 7.203333130E+02
 1.230760269E+03	 7.156666870E+02
 1.231309105E+03	 7.120000000E+02
 1.231857883E+03	 7.156666870E+02
 1.232406603E+03	 7.143333130E+02
 1.232955265E+03	 7.206666870E+02
 1.233503870E+03	 7.156666870E+02
 1.234052417E+03	 7.090000000E+02
 1.234600906E+03	 7.073333130E+02
 1.235149338E+03	 7.086666870E+02
 1.235697712E+03	 7.123333130E+02
 1.236246028E+03	 7.123333130E+02
 1.236794286E+03	 7.140000000E+02
 1.237342487E+03	 7.166666870E+02
 1.237890631E+03	 7.133333130E+02
 1.238438716E+03	 7.120000000E+02
 1.238986744E+03	 7.106666870E+02
 1.239534714E+03	 7.110000000E+02
 1.240082627E+03	 7.090000000E+02
 1.240630482E+03	 7.126666870E+02
 1.241178279E+03	 7.130000000E+02
 1.241726019E+03	 7.123333130E+02
 1.242273701E+03	 7.140000000E+02
 1.242821325E+03	 7.116666870E+02
 1.243368892E+03	 7.076666870E+02
 1.243916401E+03	 7.103333130E+02
 1.244463853E+03	 7.116666870E+02
 1.245011247E+03	 7.126666870E+02
 1.245558583E+03	 7.120000000E+02
 1.246105862E+03	 7.120000000E+02
 1.246653083E+03	 7.153333130E+02
 1.247200246E+03	 7.170000000E+02
 1.247747352E+03	 7.190000000E+02
 1.248294401E+03	 7.186666870E+02
 1.248841392E+03	 7.333333130E+02
 1.249388325E+03	 7.390000000E+02
 1.249935201E+03	 7.346666870E+02
 1.250482019E+03	 7.183333130E+02
 1.251028779E+03	 7.150000000E+02
 1.251575482E+03	 7.093333130E+02
 1.252122128E+03	 7.110000000E+02
 1.252668716E+03	 7.100000000E+02
 1.253215246E+03	 7.050000000E+02
 1.253761719E+03	 7.120000000E+02
 1.254308134E+03	 7.113333130E+02
 1.254854492E+03	 7.093333130E+02
 1.255400792E+03	 7.076666870E+02
 1.255947035E+03	 7.050000000E+02
 1.256493220E+03	 7.076666870E+02
 1.257039348E+03	 7.103333130E+02
 1.257585418E+03	 7.073333130E+02
 1.258131431E+03	 7.096666870E+02
 1.258677386E+03	 7.056666870E+02
 1.259223284E+03	 7.106666870E+02
 1.259769124E+03	 7.076666870E+02
 1.260314907E+03	 7.066666870E+02
 1.260860632E+03	 7.090000000E+02
 1.261406300E+03	 7.056666870E+02
 1.261951910E+03	 7.063333130E+02
 1.262497463E+03	 7.040000000E+02
 1.263042959E+03	 7.050000000E+02
 1.263588397E+03	 7.030000000E+02
 1.264133777E+03	 7.056666870E+02
 1.264679100E+03	 7.096666870E+02
 1.265224366E+03	 7.080000000E+02
 1.265769574E+03	 7.066666870E+02
 1.266314725E+03	 7.020000000E+02
 1.266859818E+03	 7.056666870E+02
 1.267404854E+03	 7.070000000E+02
 1.267949833E+03	 7.096666870E+02
 1.268494754E+03	 7.030000000E+02
 1.269039618E+03	 7.066666870E+02
 1.269584424E+03	 7.053333130E+02
 1.270129173E+03	 7.080000000E+02
 1.270673865E+03	 7.060000000E+02
 1.271218499E+03	 7.030000000E+02
 1.271763076E+03	 7.060000000E+02
 1.272307595E+03	 7.076666870E+02
 1.272852057E+03	 7.076666870E+02
 1.273396462E+03	 7.053333130E+02
 1.273940809E+03	 7.066666870E+02
 1.274485099E+03	 7.060000000E+02
 1.275029331E+03	 7.023333130E+02
 1.275573507E+03	 7.063333130E+02
 1.276117625E+03	 7.090000000E+02
 1.276661685E+03	 7.066666870E+02
 1.277205688E+03	 7.076666870E+02
 1.277749634E+03	 7.063333130E+02
 1.278293523E+03	 7.040000000E+02
 1.278837354E+03	 7.026666870E+02
 1.279381128E+03	 7.076666870E+02
 1.279924844E+03	 7.086666870E+02
 1.280468504E+03	 7.120000000E+02
 1.281012106E+03	 7.116666870E+02
 1.281555650E+03	 7.076666870E+02
 1.282099138E+03	 7.036666870E+02
 1.282642568E+03	 7.120000000E+02
 1.283185940E+03	 7.073333130E+02
 1.283729256E+03	 7.103333130E+02
 1.284272514E+03	 7.096666870E+02
 1.284815715E+03	 7.103333130E+02
 1.285358859E+03	 7.096666870E+02
 1.285901945E+03	 7.133333130E+02
 1.286444974E+03	 7.100000000E+02
 1.286987946E+03	 7.096666870E+02
 1.287530861E+03	 7.100000000E+02
 1.288073718E+03	 7.070000000E+02
 1.288616519E+03	 7.060000000E+02
 1.289159262E+03	 7.103333130E+02
 1.289701947E+03	 7.080000000E+02
 1.290244576E+03	 7.043333130E+02
 1.290787147E+03	 7.063333130E+02
 1.291329661E+03	 7.106666870E+02
 1.291872118E+03	 7.060000000E+02
 1.292414518E+03	 7.033333130E+02
 1.292956860E+03	 7.143333130E+02
 1.293499145E+03	 7.080000000E+02
 1.294041373E+03	 7.090000000E+02
 1.294583544E+03	 7.046666870E+02
 1.295125658E+03	 7.066666870E+02
 1.295667714E+03	 7.100000000E+02
 1.296209713E+03	 7.130000000E+02
 1.296751656E+03	 7.090000000E+02
 1.297293541E+03	 7.096666870E+02
 1.297835368E+03	 7.036666870E+02
 1.298377139E+03	 7.103333130E+02
 1.298918852E+03	 7.096666870E+02
 1.299460509E+03	 7.103333130E+02
 1.300002108E+03	 7.100000000E+02
 1.300543650E+03	 7.096666870E+02
 1.301085135E+03	 7.096666870E+02
 1.301626563E+03	 7.076666870E+02
 1.302167933E+03	 7.073333130E+02
 1.302709247E+03	 7.073333130E+02
 1.303250503E+03	 7.093333130E+02
 1.303791703E+03	 7.150000000E+02
 1.304332845E+03	 7.246666870E+02
 1.304873930E+03	 7.310000000E+02
 1.305414958E+03	 7.280000000E+02
 1.305955929E+03	 7.136666870E+02
 1.306496843E+03	 7.170000000E+02
 1.307037700E+03	 7.266666870E+02
 1.307578499E+03	 7.523333130E+02
 1.308119242E+03	 7.290000000E+02
 1.308659927E+03	 7.180000000E+02
 1.309200556E+03	 7.190000000E+02
 1.309741127E+03	 7.110000000E+02
 1.310281642E+03	 7.186666870E+02
 1.310822099E+03	 7.380000000E+02
 1.311362499E+03	 7.570000000E+02
 1.311902842E+03	 7.433333130E+02
 1.312443128E+03	 7.240000000E+02
 1.312983358E+03	 7.400000000E+02
 1.313523530E+03	 7.540000000E+02
 1.314063645E+03	 7.306666870E+02
 1.314603703E+03	 7.380000000E+02
 1.315143704E+03	 7.690000000E+02
 1.315683648E+03	 8.486666870E+02
 1.316223535E+03	 1.032333374E+03
 1.316763365E+03	 1.215000000E+03
 1.317303138E+03	 1.077333374E+03
 1.317842854E+03	 8.790000000E+02
 1.318382513E+03	 8.050000000E+02
 1.318922115E+03	 7.713333130E+02
 1.319461660E+03	 7.440000000E+02
 1.320001148E+03	 7.330000000E+02
 1.320540580E+03	 7.340000000E+02
 1.321079954E+03	 7.206666870E+02
 1.321619271E+03	 7.133333130E+02
 1.322158531E+03	 7.176666870E+02
 1.322697735E+03	 7.180000000E+02
 1.323236881E+03	 7.196666870E+02
 1.323775970E+03	 7.166666870E+02
 1.324315003E+03	 7.140000000E+02
 1.324853978E+03	 7.256666870E+02
 1.325392897E+03	 7.166666870E+02
 1.325931759E+03	 7.150000000E+02
 1.326470564E+03	 7.116666870E+02
 1.327009311E+03	 7.130000000E+02
 1.327548002E+03	 7.173333130E+02
 1.328086636E+03	 7.116666870E+02
 1.328625214E+03	 7.100000000E+02
 1.329163734E+03	 7.150000000E+02
 1.329702197E+03	 7.100000000E+02
 1.330240604E+03	 7.110000000E+02
 1.330778953E+03	 7.100000000E+02
 1.331317246E+03	 7.110000000E+02
 1.331855482E+03	 7.133333130E+02
 1.332393661E+03	 7.200000000E+02
 1.332931783E+03	 7.090000000E+02
 1.333469848E+03	 7.110000000E+02
 1.334007857E+03	 7.153333130E+02
 1.334545808E+03	 7.093333130E+02
 1.335083703E+03	 7.150000000E+02
 1.335621541E+03	 7.073333130E+02
 1.336159322E+03	 7.100000000E+02
 1.336697046E+03	 7.056666870E+02
 1.337234714E+03	 7.120000000E+02
 1.337772324E+03	 7.090000000E+02
 1.338309878E+03	 7.070000000E+02
 1.338847375E+03	 7.096666870E+02
 1.339384815E+03	 7.076666870E+02
 1.339922198E+03	 7.073333130E+02
 1.340459525E+03	 7.096666870E+02
 1.340996795E+03	 7.080000000E+02
 1.341534008E+03	 7.083333130E+02
 1.342071164E+03	 7.066666870E+02
 1.342608263E+03	 7.083333130E+02
 1.343145306E+03	 7.100000000E+02
 1.343682292E+03	 7.096666870E+02
 1.344219221E+03	 7.076666870E+02
 1.344756093E+03	 7.053333130E+02
 1.345292909E+03	 7.066666870E+02
 1.345829667E+03	 7.083333130E+02
 1.346366370E+03	 7.126666870E+02
 1.346903015E+03	 7.136666870E+02
 1.347439603E+03	 7.063333130E+02
 1.347976135E+03	 7.106666870E+02
 1.348512610E+03	 7.090000000E+02
 1.349049029E+03	 7.133333130E+02
 1.349585390E+03	 7.080000000E+02
 1.350121695E+03	 7.150000000E+02
 1.350657944E+03	 7.176666870E+02
 1.351194135E+03	 7.176666870E+02
 1.351730270E+03	 7.200000000E+02
 1.352266348E+03	 7.210000000E+02
 1.352802370E+03	 7.166666870E+02
 1.353338334E+03	 7.156666870E+02
 1.353874242E+03	 7.146666870E+02
 1.354410094E+03	 7.163333130E+02
 1.354945888E+03	 7.076666870E+02
 1.355481626E+03	 7.156666870E+02
 1.356017308E+03	 7.110000000E+02
 1.356552933E+03	 7.113333130E+02
 1.357088501E+03	 7.140000000E+02
 1.357624012E+03	 7.133333130E+02
 1.358159467E+03	 7.156666870E+02
 1.358694865E+03	 7.150000000E+02
 1.359230206E+03	 7.143333130E+02
 1.359765491E+03	 7.076666870E+02
 1.360300719E+03	 7.093333130E+02
 1.360835891E+03	 7.113333130E+02
 1.361371006E+03	 7.106666870E+02
 1.361906064E+03	 7.096666870E+02
 1.362441066E+03	 7.060000000E+02
 1.362976011E+03	 7.086666870E+02
 1.363510900E+03	 7.096666870E+02
 1.364045732E+03	 7.110000000E+02
 1.364580507E+03	 7.080000000E+02
 1.365115226E+03	 7.063333130E+02
 1.365649888E+03	 7.120000000E+02
 1.366184494E+03	 7.143333130E+02
 1.366719043E+03	 7.126666870E+02
 1.367253535E+03	 7.106666870E+02
 1.367787971E+03	 7.100000000E+02
 1.368322350E+03	 7.146666870E+02
 1.368856673E+03	 7.143333130E+02
 1.369390939E+03	 7.143333130E+02
 1.369925149E+03	 7.110000000E+02
 1.370459302E+03	 7.120000000E+02
 1.370993399E+03	 7.190000000E+02
 1.371527439E+03	 7.150000000E+02
 1.372061423E+03	 7.120000000E+02
 1.372595350E+03	 7.143333130E+02
 1.373129220E+03	 7.153333130E+02
 1.373663034E+03	 7.143333130E+02
 1.374196792E+03	 7.263333130E+02
 1.374730493E+03	 7.186666870E+02
 1.375264137E+03	 7.226666870E+02
 1.375797725E+03	 7.306666870E+02
 1.376331257E+03	 7.216666870E+02
 1.376864732E+03	 7.183333130E+02
 1.377398150E+03	 7.226666870E+02
 1.377931512E+03	 7.363333130E+02
 1.378464818E+03	 7.336666870E+02
 1.378998067E+03	 7.160000000E+02
 1.379531260E+03	 7.223333130E+02
 1.380064396E+03	 7.146666870E+02
 1.380597475E+03	 7.230000000E+02
 1.381130499E+03	 7.360000000E+02
 1.381663466E+03	 7.460000000E+02
 1.382196376E+03	 7.633333130E+02
 1.382729230E+03	 7.786666870E+02
 1.383262028E+03	 7.613333130E+02
 1.383794769E+03	 7.473333130E+02
 1.384327453E+03	 7.246666870E+02
 1.384860082E+03	 7.240000000E+02
 1.385392653E+03	 7.193333130E+02
 1.385925169E+03	 7.140000000E+02
 1.386457628E+03	 7.153333130E+02
 1.386990031E+03	 7.123333130E+02
 1.387522377E+03	 7.160000000E+02
 1.388054667E+03	 7.103333130E+02
 1.388586900E+03	 7.106666870E+02
 1.389119077E+03	 7.193333130E+02
 1.389651198E+03	 7.100000000E+02
 1.390183262E+03	 7.116666870E+02
 1.390715270E+03	 7.126666870E+02
 1.391247222E+03	 7.166666870E+02
 1.391779117E+03	 7.116666870E+02
 1.392310956E+03	 7.090000000E+02
 1.392842739E+03	 7.103333130E+02
 1.393374465E+03	 7.213333130E+02
 1.393906135E+03	 7.150000000E+02
 1.394437748E+03	 7.130000000E+02
 1.394969306E+03	 7.110000000E+02
 1.395500806E+03	 7.236666870E+02
 1.396032251E+03	 7.226666870E+02
 1.396563639E+03	 7.260000000E+02
 1.397094971E+03	 7.123333130E+02
 1.397626247E+03	 7.173333130E+02
 1.398157466E+03	 7.143333130E+02
 1.398688629E+03	 7.176666870E+02
 1.399219736E+03	 7.263333130E+02
 1.399750786E+03	 7.353333130E+02
 1.400281781E+03	 7.370000000E+02
 1.400812718E+03	 7.220000000E+02
 1.401343600E+03	 7.223333130E+02
 1.401874425E+03	 7.286666870E+02
 1.402405194E+03	 7.363333130E+02
 1.402935907E+03	 7.533333130E+02
 1.403466564E+03	 7.943333130E+02
 1.403997164E+03	 9.600000000E+02
 1.404527708E+03	 1.875000000E+03
 1.405058196E+03	 3.506666748E+03
 1.405588628E+03	 3.099666748E+03
 1.406119003E+03	 1.679333374E+03
 1.406649322E+03	 1.088333374E+03
 1.407179585E+03	 8.346666870E+02
 1.407709791E+03	 7.550000000E+02
 1.408239942E+03	 7.310000000E+02
 1.408770036E+03	 7.360000000E+02
 1.409300074E+03	 7.283333130E+02
 1.409830056E+03	 7.183333130E+02
 1.410359982E+03	 7.176666870E+02
 1.410889851E+03	 7.170000000E+02
 1.411419664E+03	 7.143333130E+02
 1.411949421E+03	 7.166666870E+02
 1.412479122E+03	 7.113333130E+02
 1.413008767E+03	 7.140000000E+02
 1.413538356E+03	 7.090000000E+02
 1.414067888E+03	 7.133333130E+02
 1.414597364E+03	 7.160000000E+02
 1.415126784E+03	 7.153333130E+02
 1.415656148E+03	 7.163333130E+02
 1.416185456E+03	 7.100000000E+02
 1.416714707E+03	 7.150000000E+02
 1.417243903E+03	 7.156666870E+02
 1.417773042E+03	 7.120000000E+02
 1.418302126E+03	 7.130000000E+02
 1.418831153E+03	 7.130000000E+02
 1.419360124E+03	 7.166666870E+02
 1.419889038E+03	 7.173333130E+02
 1.420417897E+03	 7.200000000E+02
 1.420946700E+03	 7.180000000E+02
 1.421475446E+03	 7.176666870E+02
 1.422004137E+03	 7.130000000E+02
 1.422532771E+03	 7.126666870E+02
 1.423061349E+03	 7.183333130E+02
 1.423589872E+03	 7.186666870E+02
 1.424118338E+03	 7.190000000E+02
 1.424646748E+03	 7.230000000E+02
 1.425175102E+03	 7.173333130E+02
 1.425703400E+03	 7.213333130E+02
 1.426231641E+03	 7.253333130E+02
 1.426759827E+03	 7.193333130E+02
 1.427287957E+03	 7.183333130E+02
 1.427816031E+03	 7.216666870E+02
 1.428344048E+03	 7.253333130E+02
 1.428872010E+03	 7.213333130E+02
 1.429399915E+03	 7.230000000E+02
 1.429927765E+03	 7.230000000E+02
 1.430455558E+03	 7.320000000E+02
 1.430983296E+03	 7.216666870E+02
 1.431510977E+03	 7.176666870E+02
 1.432038603E+03	 7.273333130E+02
 1.432566172E+03	 7.206666870E+02
 1.433093686E+03	 7.280000000E+02
 1.433621143E+03	 7.300000000E+02
 1.434148545E+03	 7.416666870E+02
 1.434675890E+03	 7.663333130E+02
 1.435203180E+03	 7.873333130E+02
 1.435730413E+03	 7.620000000E+02
 1.436257591E+03	 7.340000000E+02
 1.436784712E+03	 7.203333130E+02
 1.437311778E+03	 7.193333130E+02
 1.437838788E+03	 7.220000000E+02
 1.438365741E+03	 7.196666870E+02
 1.438892639E+03	 7.136666870E+02
 1.439419481E+03	 7.186666870E+02
 1.439946267E+03	 7.146666870E+02
 1.440472997E+03	 7.263333130E+02
 1.440999671E+03	 7.480000000E+02
 1.441526289E+03	 8.453333130E+02
 1.442052851E+03	 1.075000000E+03
 1.442579357E+03	 1.062000000E+03
 1.443105807E+03	 8.543333130E+02
 1.443632202E+03	 7.550000000E+02
 1.444158540E+03	 7.290000000E+02
 1.444684823E+03	 7.216666870E+02
 1.445211050E+03	 7.180000000E+02
 1.445737220E+03	 7.200000000E+02
 1.446263335E+03	 7.200000000E+02
 1.446789394E+03	 7.266666870E+02
 1.447315398E+03	 7.216666870E+02
 1.447841345E+03	 7.293333130E+02
 1.448367236E+03	 7.403333130E+02
 1.448893072E+03	 7.403333130E+02
 1.449418852E+03	 7.483333130E+02
 1.449944575E+03	 7.550000000E+02
 1.450470243E+03	 7.733333130E+02
 1.450995856E+03	 8.060000000E+02
 1.451521412E+03	 8.903333130E+02
 1.452046912E+03	 1.238666626E+03
 1.452572357E+03	 2.220333252E+03
 1.453097746E+03	 5.941666504E+03
 1.453623079E+03	 1.295866699E+04
 1.454148356E+03	 1.133900000E+04
 1.454673577E+03	 4.503000000E+03
 1.455198743E+03	 1.762666626E+03
 1.455723853E+03	 1.021000000E+03
 1.456248906E+03	 8.450000000E+02
 1.456773905E+03	 7.923333130E+02
 1.457298847E+03	 7.673333130E+02
 1.457823733E+03	 7.526666870E+02
 1.458348564E+03	 7.446666870E+02
 1.458873339E+03	 7.373333130E+02
 1.459398058E+03	 7.343333130E+02
 1.459922722E+03	 7.276666870E+02
 1.460447330E+03	 7.250000000E+02
 1.460971882E+03	 7.206666870E+02
 1.461496378E+03	 7.253333130E+02
 1.462020818E+03	 7.186666870E+02
 1.462545203E+03	 7.200000000E+02
 1.463069532E+03	 7.180000000E+02
 1.463593805E+03	 7.090000000E+02
 1.464118022E+03	 7.133333130E+02
 1.464642184E+03	 7.130000000E+02
 1.465166290E+03	 7.116666870E+02
 1.465690341E+03	 7.123333130E+02
 1.466214335E+03	 7.106666870E+02
 1.466738274E+03	 7.126666870E+02
 1.467262157E+03	 7.153333130E+02
 1.467785985E+03	 7.126666870E+02
 1.468309756E+03	 7.123333130E+02
 1.468833472E+03	 7.093333130E+02
 1.469357133E+03	 7.156666870E+02
 1.469880738E+03	 7.093333130E+02
 1.470404287E+03	 7.113333130E+02
 1.470927780E+03	 7.166666870E+02
 1.471451218E+03	 7.273333130E+02
 1.471974600E+03	 7.233333130E+02
 1.472497926E+03	 7.186666870E+02
 1.473021197E+03	 7.113333130E+02
 1.473544412E+03	 7.103333130E+02
 1.474067571E+03	 7.076666870E+02
 1.474590675E+03	 7.130000000E+02
 1.475113723E+03	 7.140000000E+02
 1.475636716E+03	 7.153333130E+02
 1.476159653E+03	 7.106666870E+02
 1.476682534E+03	 7.123333130E+02
 1.477205359E+03	 7.086666870E+02
 1.477728129E+03	 7.050000000E+02
 1.478250844E+03	 7.116666870E+02
 1.478773503E+03	 7.106666870E+02
 1.479296106E+03	 7.120000000E+02
 1.479818653E+03	 7.080000000E+02
 1.480341145E+03	 7.113333130E+02
 1.480863582E+03	 7.090000000E+02
 1.481385963E+03	 7.110000000E+02
 1.481908288E+03	 7.063333130E+02
 1.482430558E+03	 7.063333130E+02
 1.482952772E+03	 7.090000000E+02
 1.483474930E+03	 7.106666870E+02
 1.483997033E+03	 7.103333130E+02
 1.484519081E+03	 7.086666870E+02
 1.485041073E+03	 7.093333130E+02
 1.485563009E+03	 7.103333130E+02
 1.486084890E+03	 7.086666870E+02
 1.486606715E+03	 7.160000000E+02
 1.487128485E+03	 7.026666870E+02
 1.487650199E+03	 7.150000000E+02
 1.488171858E+03	 7.153333130E+02
 1.488693461E+03	 7.193333130E+02
 1.489215008E+03	 7.170000000E+02
 1.489736501E+03	 7.206666870E+02
 1.490257937E+03	 7.216666870E+02
 1.490779318E+03	 7.183333130E+02
 1.491300644E+03	 7.143333130E+02
 1.491821914E+03	 7.146666870E+02
 1.492343129E+03	 7.083333130E+02
 1.492864288E+03	 7.126666870E+02
 1.493385392E+03	 7.210000000E+02
 1.493906440E+03	 7.213333130E+02
 1.494427432E+03	 7.160000000E+02
 1.494948370E+03	 7.073333130E+02
 1.495469252E+03	 7.143333130E+02
 1.495990078E+03	 7.166666870E+02
 1.496510849E+03	 7.186666870E+02
 1.497031564E+03	 7.183333130E+02
 1.497552224E+03	 7.243333130E+02
 1.498072829E+03	 7.186666870E+02
 1.498593378E+03	 7.180000000E+02
 1.499113872E+03	 7.153333130E+02
 1.499634310E+03	 7.153333130E+02
 1.500154693E+03	 7.113333130E+02
 1.500675020E+03	 7.170000000E+02
 1.501195292E+03	 7.140000000E+02
 1.501715509E+03	 7.150000000E+02
 1.502235670E+03	 7.133333130E+02
 1.502755776E+03	 7.213333130E+02
 1.503275826E+03	 7.170000000E+02
 1.503795821E+03	 7.203333130E+02
 1.504315761E+03	 7.123333130E+02
 1.504835645E+03	 7.093333130E+02
 1.505355474E+03	 7.086666870E+02
 1.505875248E+03	 7.070000000E+02
 1.506394966E+03	 7.183333130E+02
 1.506914629E+03	 7.103333130E+02
 1.507434236E+03	 7.123333130E+02
 1.507953788E+03	 7.110000000E+02
 1.508473285E+03	 7.163333130E+02
 1.508992726E+03	 7.130000000E+02
 1.509512112E+03	 7.113333130E+02
 1.510031443E+03	 7.176666870E+02
 1.510550719E+03	 7.130000000E+02
 1.511069939E+03	 7.166666870E+02
 1.511589103E+03	 7.126666870E+02
 1.512108213E+03	 7.140000000E+02
 1.512627267E+03	 7.153333130E+02
 1.513146266E+03	 7.133333130E+02
 1.513665209E+03	 7.146666870E+02
 1.514184097E+03	 7.156666870E+02
 1.514702930E+03	 7.136666870E+02
 1.515221708E+03	 7.126666870E+02
 1.515740430E+03	 7.163333130E+02
 1.516259097E+03	 7.110000000E+02
 1.516777709E+03	 7.180000000E+02
 1.517296265E+03	 7.173333130E+02
 1.517814767E+03	 7.136666870E+02
 1.518333213E+03	 7.160000000E+02
 1.518851603E+03	 7.160000000E+02
 1.519369939E+03	 7.160000000E+02
 1.519888219E+03	 7.206666870E+02
 1.520406444E+03	 7.180000000E+02
 1.520924614E+03	 7.160000000E+02
 1.521442728E+03	 7.136666870E+02
 1.521960787E+03	 7.206666870E+02
 1.522478791E+03	 7.173333130E+02
 1.522996740E+03	 7.170000000E+02
 1.523514634E+03	 7.123333130E+02
 1.524032472E+03	 7.136666870E+02
 1.524550255E+03	 7.183333130E+02
 1.525067983E+03	 7.193333130E+02
 1.525585656E+03	 7.190000000E+02
 1.526103274E+03	 7.153333130E+02
 1.526620836E+03	 7.130000000E+02
 1.527138343E+03	 7.170000000E+02
 1.527655795E+03	 7.173333130E+02
 1.528173192E+03	 7.226666870E+02
 1.528690533E+03	 7.156666870E+02
 1.529207820E+03	 7.133333130E+02
 1.529725051E+03	 7.150000000E+02
 1.530242227E+03	 7.176666870E+02
 1.530759348E+03	 7.156666870E+02
 1.531276414E+03	 7.126666870E+02
 1.531793425E+03	 7.163333130E+02
 1.532310380E+03	 7.060000000E+02
 1.532827281E+03	 7.120000000E+02
 1.533344126E+03	 7.100000000E+02
 1.533860916E+03	 7.103333130E+02
 1.534377651E+03	 7.083333130E+02
 1.534894331E+03	 7.166666870E+02
 1.535410956E+03	 7.146666870E+02
 1.535927525E+03	 7.153333130E+02
 1.536444040E+03	 7.143333130E+02
 1.536960499E+03	 7.203333130E+02
 1.537476904E+03	 7.163333130E+02
 1.537993253E+03	 7.110000000E+02
 1.538509547E+03	 7.106666870E+02
 1.539025786E+03	 7.140000000E+02
 1.539541970E+03	 7.190000000E+02
 1.540058099E+03	 7.176666870E+02
 1.540574173E+03	 7.170000000E+02
 1.541090192E+03	 7.200000000E+02
 1.541606155E+03	 7.246666870E+02
 1.542122064E+03	 7.243333130E+02
 1.542637918E+03	 7.240000000E+02
 1.543153716E+03	 7.230000000E+02
 1.543669460E+03	 7.193333130E+02
 1.544185148E+03	 7.146666870E+02
 1.544700782E+03	 7.186666870E+02
 1.545216360E+03	 7.206666870E+02
 1.545731883E+03	 7.260000000E+02
 1.546247352E+03	 7.213333130E+02
 1.546762765E+03	 7.180000000E+02
 1.547278123E+03	 7.153333130E+02
 1.547793427E+03	 7.213333130E+02
 1.548308675E+03	 7.256666870E+02
 1.548823868E+03	 7.273333130E+02
 1.549339006E+03	 7.316666870E+02
 1.549854090E+03	 7.373333130E+02
 1.550369118E+03	 7.390000000E+02
 1.550884091E+03	 7.390000000E+02
 1.551399010E+03	 7.416666870E+02
 1.551913873E+03	 7.486666870E+02
 1.552428682E+03	 7.510000000E+02
 1.552943435E+03	 7.533333130E+02
 1.553458133E+03	 7.390000000E+02
 1.553972777E+03	 7.363333130E+02
 1.554487366E+03	 7.460000000E+02
 1.555001899E+03	 7.550000000E+02
 1.555516378E+03	 7.653333130E+02
 1.556030802E+03	 7.546666870E+02
 1.556545170E+03	 7.416666870E+02
 1.557059484E+03	 7.266666870E+02
 1.557573743E+03	 7.423333130E+02
 1.558087947E+03	 7.400000000E+02
 1.558602096E+03	 7.323333130E+02
 1.559116191E+03	 7.263333130E+02
 1.559630230E+03	 7.233333130E+02
 1.560144214E+03	 7.303333130E+02
 1.560658144E+03	 7.253333130E+02
 1.561172018E+03	 7.336666870E+02
 1.561685838E+03	 7.260000000E+02
 1.562199603E+03	 7.210000000E+02
 1.562713313E+03	 7.343333130E+02
 1.563226968E+03	 7.350000000E+02
 1.563740568E+03	 7.300000000E+02
 1.564254113E+03	 7.286666870E+02
 1.564767604E+03	 7.380000000E+02
 1.565281039E+03	 7.293333130E+02
 1.565794420E+03	 7.250000000E+02
 1.566307746E+03	 7.296666870E+02
 1.566821017E+03	 7.413333130E+02
 1.567334233E+03	 7.363333130E+02
 1.567847394E+03	 7.343333130E+02
 1.568360501E+03	 7.343333130E+02
 1.568873553E+03	 7.450000000E+02
 1.569386549E+03	 7.350000000E+02
 1.569899491E+03	 7.280000000E+02
 1.570412379E+03	 7.516666870E+02
 1.570925211E+03	 7.806666870E+02
 1.571437989E+03	 8.913333130E+02
 1.571950711E+03	 1.162666626E+03
 1.572463379E+03	 1.961333374E+03
 1.572975993E+03	 2.776000000E+03
 1.573488551E+03	 2.191000000E+03
 1.574001055E+03	 1.385666626E+03
 1.574513503E+03	 1.034000000E+03
 1.575025897E+03	 8.300000000E+02
 1.575538237E+03	 7.880000000E+02
 1.576050521E+03	 7.926666870E+02
 1.576562751E+03	 7.530000000E+02
 1.577074926E+03	 7.680000000E+02
 1.577587046E+03	 7.630000000E+02
 1.578099112E+03	 7.533333130E+02
 1.578611123E+03	 7.663333130E+02
 1.579123079E+03	 7.536666870E+02
 1.579634980E+03	 7.656666870E+02
 1.580146826E+03	 7.466666870E+02
 1.580658618E+03	 7.436666870E+02
 1.581170355E+03	 7.523333130E+02
 1.581682038E+03	 7.500000000E+02
 1.582193665E+03	 7.513333130E+02
 1.582705238E+03	 7.480000000E+02
 1.583216756E+03	 7.356666870E+02
 1.583728220E+03	 7.410000000E+02
 1.584239629E+03	 7.380000000E+02
 1.584750983E+03	 7.403333130E+02
 1.585262282E+03	 7.416666870E+02
 1.585773527E+03	 7.473333130E+02
 1.586284717E+03	 7.300000000E+02
 1.586795852E+03	 7.406666870E+02
 1.587306933E+03	 7.390000000E+02
 1.587817959E+03	 7.313333130E+02
 1.588328931E+03	 7.353333130E+02
 1.588839847E+03	 7.453333130E+02
 1.589350709E+03	 7.446666870E+02
 1.589861517E+03	 7.336666870E+02
 1.590372270E+03	 7.433333130E+02
 1.590882968E+03	 7.343333130E+02
 1.591393611E+03	 7.440000000E+02
 1.591904200E+03	 7.543333130E+02
 1.592414734E+03	 7.733333130E+02
 1.592925214E+03	 8.903333130E+02
 1.593435639E+03	 1.027666626E+03
 1.593946009E+03	 9.510000000E+02
 1.594456325E+03	 8.156666870E+02
 1.594966586E+03	 7.553333130E+02
 1.595476793E+03	 7.326666870E+02
 1.595986945E+03	 7.506666870E+02
 1.596497042E+03	 7.476666870E+02
 1.597007085E+03	 7.523333130E+02
 1.597517073E+03	 7.566666870E+02
 1.598027006E+03	 7.590000000E+02
 1.598536885E+03	 7.593333130E+02
 1.599046710E+03	 7.690000000E+02
 1.599556480E+03	 7.626666870E+02
 1.600066195E+03	 7.583333130E+02
 1.600575856E+03	 7.640000000E+02
 1.601085462E+03	 7.703333130E+02
 1.601595014E+03	 7.886666870E+02
 1.602104511E+03	 7.803333130E+02
 1.602613953E+03	 7.650000000E+02
 1.603123341E+03	 7.443333130E+02
 1.603632675E+03	 7.503333130E+02
 1.604141954E+03	 7.560000000E+02
 1.604651178E+03	 7.636666870E+02
 1.605160348E+03	 7.716666870E+02
 1.605669463E+03	 7.710000000E+02
 1.606178524E+03	 7.793333130E+02
 1.606687530E+03	 7.740000000E+02
 1.607196482E+03	 7.616666870E+02
 1.607705380E+03	 7.760000000E+02
