1489.3312	521.61292
1488.8615	521.5
1488.3937	540.11292
1487.924	504
1487.4541	472.24826
1486.9863	524.5
1486.5165	531.61292
1486.0465	552.86121
1485.5767	536.24823
1485.1086	547.36121
1484.6388	540.24823
1484.1688	534.24823
1483.6987	519
1483.2307	546.86121
1482.7606	534.61292
1482.2906	544.11292
1481.8206	520.61292
1481.3503	531.11292
1480.8822	531.36121
1480.412	556.5
1479.9419	547
1479.4717	537.24823
1479.0013	525.61292
1478.5331	558.24823
1478.0627	516.11292
1477.5925	540.36121
1477.1221	532.36121
1476.6517	529.61292
1476.1814	535.11292
1475.7129	543.11292
1475.2424	528.5
1474.772	518.11292
1474.3015	520.36121
1473.8311	516.11292
1473.3605	516.5
1472.8899	520.36121
1472.4193	520.11292
1471.9487	520.61292
1471.48	541.11292
1471.0094	539.11292
1470.5387	524.24823
1470.068	554.24823
1469.5973	541.86121
1469.1265	516.24823
1468.6556	520.36121
1468.1849	496.24826
1467.714	507.5
1467.2432	526.11292
1466.7723	560.61292
1466.3014	531.11292
1465.8304	541.86121
1465.3595	509.11292
1464.8885	533.24823
1464.4175	512.24823
1463.9465	535.61292
1463.4755	526.11292
1463.0044	529.24823
1462.5332	531.36121
1462.0621	510.11295
1461.5909	558.24823
1461.1198	541.61292
1460.6486	518.61292
1460.1774	542.11292
1459.7061	530.61292
1459.2347	531.5
1458.7635	523.11292
1458.2921	542.36121
1457.8188	526.86121
1457.3474	503.24826
1456.8761	520.5
1456.4047	524.11292
1455.9332	523
1455.4617	528.5
1454.9902	533.61292
1454.5187	569.36121
1454.0471	544.61292
1453.5736	547
1453.1019	526.36121
1452.6304	509.24826
1452.1587	539.86121
1451.687	524.24823
1451.2153	502.61295
1450.7416	544.61292
1450.2699	512.24823
1449.7981	556.61292
1449.3263	533.24823
1448.8545	538.11292
1448.3806	533.61292
1447.9088	527.11292
1447.4369	539.86121
1446.965	531.86121
1446.493	519.61292
1446.019	539.36121
1445.547	509.86118
1445.0751	534
1444.603	564.86121
1444.1289	522.5
1443.6569	545.11292
1443.1847	537.24823
1442.7125	540.86121
1442.2384	520.24823
1441.7662	526.36121
1441.2941	527.61292
1440.8198	530.61292
1440.3475	555
1439.8752	557.5
1439.4009	516.5
1438.9286	540.61292
1438.4562	530.5
1437.9818	551.61292
1437.5094	532.5
1437.037	546.11292
1436.5625	531.24823
1436.0901	528.61292
1435.6176	518.5
1435.1429	519.11292
1434.6704	521
1434.1979	513.24823
1433.7233	543.86121
1433.2506	515.36121
1432.776	536.61292
1432.3032	544.61292
1431.8306	547.5
1431.3558	523.86121
1430.8831	530.36121
1430.4083	547.11292
1429.9354	530
1429.4607	537.36121
1428.9878	525.11292
1428.5129	538.36121
1428.04	548.61292
1427.567	542.24823
1427.0922	529.24823
1426.6191	499.61295
1426.1442	543.5
1425.671	542.5
1425.196	525.86121
1424.7229	542.11292
1424.2478	528.5
1423.7747	524.36121
1423.2996	513.24823
1422.8264	538.61292
1422.3512	538.11292
1421.876	533.86121
1421.4027	540.61292
1420.9274	542.36121
1420.4541	520.11292
1419.9788	510.11295
1419.5054	508.11292
1419.03	481.24826
1418.5566	506.24826
1418.0812	529.36121
1417.6057	528.61292
1417.1323	513.11292
1416.6567	510.24826
1416.1832	531.11292
1415.7076	494.24826
1415.2321	554.61292
1414.7585	513
1414.2828	535.61292
1413.8073	530.24823
1413.3335	551.61292
1412.8578	531.11292
1412.3821	531.5
1411.9083	537.61292
1411.4326	555
1410.9568	525.36121
1410.4829	532
1410.0071	555.61292
1409.5313	599
1409.0574	562.86121
1408.5814	523.24823
1408.1055	541.11292
1407.6315	549.11292
1407.1555	504.11292
1406.6794	531.11292
1406.2034	545.61292
1405.7292	530.11292
1405.2532	522.5
1404.7771	529.11292
1404.3009	515.61292
1403.8268	520.61292
1403.3506	517.24823
1402.8743	525.86121
1402.3981	521.86121
1401.9238	532.24823
1401.4475	538.11292
1400.9712	495.24826
1400.4948	511
1400.0184	550.11292
1399.5441	512.24823
1399.0676	528.24823
1398.5912	524.86121
1398.1146	497.36118
1397.6382	536.24823
1397.1616	514.86121
1396.6871	497.24826
1396.2104	517.11292
1395.7339	536.61292
1395.2573	521.61292
1394.7806	504.61295
1394.304	527.36121
1393.8273	548.86121
1393.3505	541.61292
1392.8757	539.24823
1392.3989	554.36121
1391.9221	535.5
1391.4453	554.11292
1390.9685	530.5
1390.4916	534.86121
1390.0146	533.36121
1389.5377	555.24823
1389.0608	680.61292
1388.5839	1582.6129
1388.1068	1297.5
1387.6298	742
1387.1527	565.11292
1386.6757	543.61292
1386.1986	532.24823
1385.7214	517.86121
1385.2443	551.11292
1384.7671	527.61292
1384.2899	522
1383.8126	539.86121
1383.3354	514.61292
1382.8582	519.86121
1382.3809	538.11292
1381.9034	535.11292
1381.4261	530.61292
1380.9487	505.5
1380.4713	522.5
1379.9939	542.61292
1379.5165	550.24823
1379.0389	509.24826
1378.5614	545.11292
1378.0839	545.11292
1377.6063	541.61292
1377.1288	519.24823
1376.6511	528.5
1376.1736	516.86121
1375.6938	512.86121
1375.2162	543.61292
1374.7385	516.61292
1374.2607	541.36121
1373.783	511.11292
1373.3052	544.86121
1372.8274	517.24823
1372.3496	507.36118
1371.8698	524.36121
1371.3918	499.24826
1370.9139	495.86118
1370.4359	519.24823
1369.958	533
1369.48	547.11292
1369	526.61292
1368.522	522.11292
1368.0439	484.5
1367.5658	534.61292
1367.0876	523.24823
1366.6075	533.61292
1366.1294	523.86121
1365.6512	520.11292
1365.173	526.24823
1364.6927	547.11292
1364.2145	515.24823
1363.7362	504.36118
1363.2578	526.11292
1362.7775	524.11292
1362.2992	553.61292
1361.8208	527.24823
1361.3423	516.11292
1360.8619	527.11292
1360.3834	494.61292
1359.9049	519.61292
1359.4244	528.5
1358.9459	515.5
1358.4673	511.11292
1357.9867	522.11292
1357.5081	515.61292
1357.0294	536.11292
1356.5487	545.11292
1356.0701	513.24823
1355.5913	510.61295
1355.1106	534
1354.6318	524.24823
1354.153	510.11292
1353.6722	542.61292
1353.1934	511.61292
1352.7145	509.24826
1352.2335	521
1351.7546	514.36121
1351.2737	502.11292
1350.7947	548.5
1350.3157	516.36121
1349.8347	519.24823
1349.3556	547.61292
1348.8745	512.11292
1348.3954	534.24823
1347.9143	516.86121
1347.4352	523.61292
1346.9559	502.11292
1346.4747	504
1345.9955	534
1345.5143	504.61292
1345.035	547.11292
1344.5537	515.36121
1344.0743	500.24826
1343.593	529.11292
1343.1136	516.5
1342.6322	509.24826
1342.1527	503.24826
1341.6713	530.24823
1341.1918	551.11292
1340.7103	520.5
1340.2307	519.61292
1339.7493	523.11292
1339.2676	523.11292
1338.788	519.86121
1338.3064	515.61292
1337.8267	534.61292
1337.345	480.86118
1336.8652	515.24823
1336.3835	535.86121
1335.9017	512.11292
1335.422	520.61292
1334.9402	517.86121
1334.4603	530.11292
1333.9785	519.24823
1333.4966	512.11292
1333.0166	494.24826
1332.5347	526.61292
1332.0547	508.11292
1331.5728	495.61292
1331.0907	483.24826
1330.6106	534.24823
1330.1285	517.24823
1329.6465	514.11292
1329.1664	549.24823
1328.6842	560.11292
1328.202	540.61292
1327.7218	510
1327.2396	500.5
1326.7573	485.24826
1326.2771	519.24823
1325.7948	519.5
1325.3124	538.86121
1324.8301	510.24826
1324.3497	519.61292
1323.8673	515.24823
1323.3849	529.11292
1322.9023	528.11292
1322.4219	489.24826
1321.9395	517.11292
1321.4569	512.24823
1320.9742	521.24823
1320.4937	491.11292
1320.0111	540.11292
1319.5284	533.5
1319.0458	530.36121
1318.5651	504.24826
1318.0824	532.61292
1317.5996	509.11292
1317.1168	490.24826
1316.634	501.24826
1316.1512	518.86121
1315.6704	541.24823
1315.1875	525.11292
1314.7047	505.61292
1314.2217	523.24823
1313.7388	518.61292
1313.2559	509
1312.7748	490.61292
1312.2917	534.86121
1311.8087	498.61292
1311.3257	551.61292
1310.8425	532.11292
1310.3595	531.11292
1309.8763	526.61292
1309.3931	530.24823
1308.9099	520.11292
1308.4287	513.61292
1307.9454	527.86121
1307.4622	552.24823
1306.9789	499.61292
1306.4955	503.61292
1306.0121	513.61292
1305.5288	519.36121
1305.0453	522.61292
1304.5619	539.24823
1304.0785	484.11292
1303.595	533.11292
1303.1115	503.24826
1302.6279	511.11295
1302.1443	526
1301.6608	530.11292
1301.1771	534.11292
1300.6935	528.24823
1300.2098	515.36121
1299.7261	527.86121
1299.2424	525.61292
1298.7587	539
1298.2749	523.61292
1297.791	538.24823
1297.3073	507
1296.8234	540.61292
1296.3395	505.61295
1295.8556	539.11292
1295.3717	527.24823
1294.8877	514.61292
1294.4038	528.36121
1293.9198	517.36121
1293.4337	484.24826
1292.9497	504.24826
1292.4656	511.36118
1291.9814	514.86121
1291.4973	487.24826
1291.0132	518
1290.5291	532.61292
1290.0448	500
1289.5605	505.61292
1289.0742	530
1288.59	548.36121
1288.1057	548.61292
1287.6213	522.24823
1287.137	538.11292
1286.6526	574.36121
1286.1661	812
1285.6816	1242.8612
1285.1973	840.61292
1284.7128	588.61292
1284.2281	523.24823
1283.7417	540.24823
1283.2571	513
1282.7725	515.61292
1282.2878	552.11292
1281.8032	516.36121
1281.3165	534
1280.8318	536
1280.347	517.11292
1279.8623	529.61292
1279.3755	521.24823
1278.8907	508.11292
1278.4059	513.11292
1277.921	527.61292
1277.4341	532.86121
1276.9492	512.24823
1276.4642	518.24823
1275.9773	518.24823
1275.4923	521.61292
1275.0073	528.61292
1274.5203	504.86118
1274.0352	551.61292
1273.55	505.5
1273.0649	508.86118
1272.5778	528.11292
1272.0927	520.5
1271.6055	512.24823
1271.1202	528.11292
1270.635	506.61292
1270.1477	530.11292
1269.6624	502.86118
1269.177	536
1268.6897	529
1268.2043	525.11292
1267.7189	550.24823
1267.2314	523.11292
1266.746	514.11292
1266.2585	540.11292
1265.7729	561
1265.2854	551.11292
1264.7999	536.11292
1264.3143	546.61292
1263.8267	525.61292
1263.3411	522.5
1262.8534	532
1262.3677	527.61292
1261.8799	536.11292
1261.3942	538.24823
1260.9064	537
1260.4207	521.5
1259.9348	527
1259.4469	551.61292
1258.9611	531.11292
1258.4731	534.61292
1257.9872	537.86121
1257.4993	544.5
1257.0112	526.24823
1256.5253	550.11292
1256.0372	589.11292
1255.5511	554.61292
1255.0631	514.11292
1254.5769	546.11292
1254.0889	537
1253.6027	533
1253.1145	535.24823
1252.6283	554.24823
1252.14	533.61292
1251.6517	517.61292
1251.1654	566.24823
1250.6771	530
1250.1908	533.24823
1249.7024	535.5
1249.214	529.61292
1248.7275	532.5
1248.239	548.24823
1247.7526	563.24823
1247.264	541.61292
1246.7755	520
1246.2889	535.11292
1245.8004	507
1245.3118	550.61292
1244.8252	562.61292
1244.3364	565.24823
1243.8478	528.5
1243.3611	522
1242.8723	564.11292
1242.3835	536.61292
1241.8967	541.5
1241.408	551.24823
1240.9191	518.61292
1240.4323	556.5
1239.9432	568.61292
1239.4543	539.24823
1238.9653	507.24826
1238.4784	531.5
1237.9894	547.11292
1237.5004	551.5
1237.0133	524.61292
1236.5242	575.86121
1236.0352	552.24823
1235.5459	532.11292
1235.0588	542.11292
1234.5696	581
1234.0803	551.5
1233.5912	503.24826
1233.1018	559.61292
1232.6146	570.5
1232.1252	565
1231.6359	587.11292
1231.1465	555.86121
1230.6571	553.11292
1230.1697	526
1229.6802	541.11292
1229.1907	575.24823
1228.7012	570.11292
1228.2117	575.11292
1227.7222	551.11292
1227.2325	566.11292
1226.7449	528.24823
1226.2552	537.24823
1225.7656	538.61292
1225.2759	552.61292
1224.7861	537.24823
1224.2964	545.61292
1223.8066	570.61292
1223.3169	542.36121
1222.827	549.36121
1222.3392	575.61292
1221.8494	557.61292
1221.3594	576.61292
1220.8695	556.24823
1220.3795	553.24823
1219.8895	577.86121
1219.3995	575
1218.9094	537.24823
1218.4194	608.61292
1217.9293	574.36121
1217.4392	550.61292
1216.949	555.5
1216.4589	568.86121
1215.9686	547.11292
1215.4784	549.86121
1214.9882	574.61292
1214.4979	562.11292
1214.0076	553.36121
1213.5172	550.11292
1213.0269	580.24823
1212.5365	558.61292
1212.0461	570.11292
1211.5557	587.36121
1211.0652	561.24823
1210.5747	573.61292
1210.0842	571.61292
1209.5936	537.24823
1209.1031	600.86121
1208.6125	571.61292
1208.1218	592.36121
1207.6312	533.11292
1207.1405	565.86121
1206.6478	568.86121
1206.1571	559
1205.6664	566.5
1205.1755	574.24823
1204.6848	581.11292
1204.194	600.11292
1203.7031	584.24823
1203.2122	542.36121
1202.7192	562.24823
1202.2283	561.24823
1201.7373	563.61292
1201.2463	564.86121
1200.7554	578.11292
1200.2643	556.5
1199.7732	553.24823
1199.2802	582.61292
1198.7889	578.5
1198.2979	582
1197.8066	572.11292
1197.3154	581.11292
1196.8221	569.24823
1196.3309	528.24823
1195.8396	544.61292
1195.3484	607.24823
1194.8569	571.11292
1194.3636	580.11292
1193.8722	589.11292
1193.3807	563.24823
1192.8894	576.61292
1192.3959	567
1191.9044	580.36121
1191.4128	568.61292
1190.9213	591.86121
1190.4277	576.61292
1189.936	603.24823
1189.4445	586.61292
1188.9508	566.24823
1188.4591	543.61292
1187.9674	588.5
1187.4757	591.11292
1186.9818	591.11292
1186.4901	584.36121
1185.9983	568.24823
1185.5044	575.5
1185.0126	576.24823
1184.5206	601.11292
1184.0267	576.11292
1183.5348	578.24823
1183.0427	597.11292
1182.5487	579.5
1182.0566	554.61292
1181.5626	585.61292
1181.0706	563.11292
1180.5784	594.61292
1180.0842	577.11292
1179.5922	571.24823
1179.0979	565.36121
1178.6057	575.11292
1178.1134	593
1177.6191	548.24823
1177.1268	588.86121
1176.6324	577.24823
1176.1401	561.24823
1175.6458	590.36121
1175.1533	588.36121
1174.6609	593.86121
1174.1664	597.61292
1173.674	574.61292
1173.1794	586.24823
1172.6869	582.24823
1172.1923	625.5
1171.6997	538.11292
1171.2051	581.86121
1170.7124	581.11292
1170.2178	564.11292
1169.725	571.11292
1169.2302	580.61292
1168.7375	589.24823
1168.2427	564.24823
1167.7499	578.24823
1167.2551	588
1166.7622	555.24823
1166.2673	568.36121
1165.7744	567.24823
1165.2794	563.11292
1164.7844	552.5
1164.2915	575.24823
1163.7964	552.24823
1163.3033	568.36121
1162.8082	545.5
1162.3152	566.86121
1161.8201	542.36121
1161.3248	571.11292
1160.8317	557.11292
1160.3364	564.86121
1159.8433	583.61292
1159.3479	566.61292
1158.8527	563.24823
1158.3593	580.24823
1157.8639	564.24823
1157.3685	573.5
1156.8751	581.61292
1156.3798	520.24823
1155.8843	603.11292
1155.3907	543.24823
1154.8953	531.36121
1154.3997	576.86121
1153.9061	582.61292
1153.4105	565.24823
1152.9149	533.61292
1152.4213	566.61292
1151.9255	550.11292
1151.4298	551.86121
1150.9341	552.11292
1150.4404	578.24823
1149.9446	587.86121
1149.4487	560.24823
1148.955	563.61292
1148.4591	548.11292
1147.9631	596.61292
1147.4672	548.24823
1146.9733	555.86121
1146.4773	558.36121
1145.9813	562.24823
1145.4852	579.24823
1144.9891	573.5
1144.4951	575.61292
1143.999	590.36121
1143.5028	585.61292
1143.0067	586.36121
1142.5126	577.24823
1142.0164	558.11292
1141.52	564.36121
1141.0238	564.61292
1140.5275	557.11292
1140.0311	532.24823
1139.5367	574.5
1139.0404	557.24823
1138.5439	539.11292
1138.0475	557.11292
1137.551	560.61292
1137.0546	559.24823
1136.5581	560.61292
1136.0636	547.5
1135.567	586.61292
1135.0703	588.61292
1134.5737	563
1134.077	584.24823
1133.5803	535.24823
1133.0836	688.11292
1132.5869	564.5
1132.0902	562.11292
1131.5934	555
1131.0966	543.11292
1130.6017	576.61292
1130.1049	582.86121
1129.6079	560.11292
1129.1111	601.11292
1128.614	567.61292
1128.1171	571.11292
1127.6201	557.5
1127.123	539.11292
1126.626	547.11292
1126.1289	560.5
1125.6317	558.11292
1125.1346	539.11292
1124.6375	528.5
1124.1403	538.61292
1123.6431	542.36121
1123.1458	542.36121
1122.6484	579.86121
1122.1512	546.36121
1121.6538	552.11292
1121.1565	579.61292
1120.6591	517.11292
1120.1617	522.61292
1119.6642	582.11292
1119.1647	560.61292
1118.6672	565.5
1118.1697	538.24823
1117.6721	557.86121
1117.1746	559.11292
1116.677	559.11292
1116.1793	552.5
1115.6816	533.11292
1115.184	568.61292
1114.6863	570.11292
1114.1886	592.61292
1113.6887	580.61292
1113.1909	567.5
1112.6931	581.24823
1112.1953	547.11292
1111.6974	550.11292
1111.1995	570.11292
1110.7015	535.36121
1110.2015	566.11292
1109.7036	568.86121
1109.2056	546.24823
1108.7075	547.86121
1108.2095	561.11292
1107.7114	581
1107.2112	599.5
1106.713	544.11292
1106.2148	548.61292
1105.7167	580.36121
1105.2164	554.24823
1104.7181	568.61292
1104.2198	573.86121
1103.7216	594.61292
1103.2233	554.61292
1102.7228	562.24823
1102.2244	604.61292
1101.726	540.24823
1101.2275	557.11292
1100.7271	583.11292
1100.2285	571.11292
1099.73	562.5
1099.2314	611
1098.7308	611
1098.2322	558.24823
1097.7335	570.36121
1097.2329	600.11292
1096.7341	588.5
1096.2355	638
1095.7346	601.5
1095.2358	618.61292
1094.7371	599.24823
1094.2362	564.61292
1093.7374	620.36121
1093.2385	613
1092.7375	626.86121
1092.2386	597.11292
1091.7396	600.24823
1091.2386	588.11292
1090.7396	611.24823
1090.2406	628.24823
1089.7394	607.86121
1089.2404	642
1088.7391	625.24823
1088.24	608.11292
1087.7408	636.24823
1087.2395	609.61292
1086.7404	616.5
1086.239	601.24823
1085.7397	621.61292
1085.2404	607.5
1084.739	613.36121
1084.2396	638.5
1083.7382	631.24823
1083.2388	645
1082.7373	635.11292
1082.2378	625.11292
1081.7362	635.24823
1081.2367	657.5
1080.7351	631.61292
1080.2355	653.24823
1079.7338	642.61292
1079.2341	634.5
1078.7324	654.5
1078.2328	597.24823
1077.731	663.11292
1077.2312	610.24823
1076.7294	627.11292
1076.2296	631.61292
1075.7277	660.11292
1075.2278	665.11292
1074.726	633.61292
1074.226	670.11292
1073.724	625.24823
1073.224	598.61292
1072.7219	662.61292
1072.2198	646
1071.7198	688.5
1071.2177	629.61292
1070.7177	630.24823
1070.2155	671.61292
1069.7152	638.86121
1069.213	661.86121
1068.7107	664
1068.2104	659.61292
1067.7081	690.11292
1067.2079	679.11292
1066.7054	648.61292
1066.2031	672.61292
1065.7026	675.61292
1065.2002	692
1064.6978	684.36121
1064.1973	679.11292
1063.6947	687.61292
1063.1921	672.11292
1062.6917	686.36121
1062.189	683.11292
1061.6863	690.11292
1061.1857	680.86121
1060.683	648.86121
1060.1803	681.24823
1059.6796	642.61292
1059.1768	678.36121
1058.674	690.11292
1058.171	658.11292
1057.6703	667.11292
1057.1674	606.5
1056.6644	656.11292
1056.1615	673.61292
1055.6605	661.61292
1055.1575	672.86121
1054.6545	678.24823
1054.1514	692.61292
1053.6504	669.11292
1053.1472	656.24823
1052.6442	673.5
1052.1409	690.61292
1051.6398	712.11292
1051.1366	715.24823
1050.6333	696.61292
1050.13	692.24823
1049.6267	707.86121
1049.1254	724.11292
1048.6221	692.86121
1048.1187	693.86121
1047.6152	696
1047.1117	697.24823
1046.6083	689.11292
1046.1068	660.24823
1045.6033	676.24823
1045.0997	693
1044.5961	719.11292
1044.0925	724.61292
1043.5889	713.11292
1043.0852	695.11292
1042.5835	704
1042.0798	674.24823
1041.576	725.5
1041.0723	686.24823
1040.5685	707.86121
1040.0646	698.24823
1039.5608	665.24823
1039.0569	684.61292
1038.553	711.5
1038.049	703.36121
1037.545	702
1037.041	710.36121
1036.5391	694.61292
1036.0349	682.11292
1035.5309	695.61292
1035.0267	700.24823
1034.5226	694
1034.0184	693.61292
1033.5143	679.11292
1033.01	679.11292
1032.5057	711.11292
1032.0015	682.86121
1031.4972	651.11292
1030.9928	687.24823
1030.4884	691.36121
1029.984	733.36121
1029.4796	688.24823
1028.9752	679.36121
1028.4707	687.86121
1027.9662	665.36121
1027.4617	671.11292
1026.9572	717.61292
1026.4504	680.5
1025.9458	682.36121
1025.4412	679.86121
1024.9365	682.61292
1024.4319	689.11292
1023.9271	699.24823
1023.4224	686.5
1022.9176	665.86121
1022.4128	667.61292
1021.908	668.61292
1021.4031	689
1020.8982	689
1020.3912	653.11292
1019.8862	641.24823
1019.3813	669.24823
1018.8763	653.24823
1018.3713	714.11292
1017.8662	650.24823
1017.3611	654.11292
1016.856	656.11292
1016.3488	688.24823
1015.8436	630.61292
1015.3384	659.24823
1014.8332	675.5
1014.3279	678.24823
1013.8206	682.61292
1013.3153	668.24823
1012.8099	692.24823
1012.3046	677.86121
1011.7992	665.36121
1011.2938	653.24823
1010.7863	692.11292
1010.2808	671.24823
1009.7753	686.11292
1009.2698	664.24823
1008.7621	689.11292
1008.2565	690.5
1007.7509	710.11292
1007.2453	696.24823
1006.7375	645.24823
1006.2319	660.5
1005.7261	649.24823
1005.2204	695.61292
1004.7125	642.5
1004.2067	674.11292
1003.7009	653.24823
1003.1929	650.11292
1002.6871	681.11292
1002.1812	703.86121
1001.6752	647.61292
1001.1672	665.61292
1000.6611	680.36121
1000.1552	660
999.64697	671.24823
