1489.3312	548
1488.8615	542.46515
1488.3937	558.75073
1487.924	552.28558
1487.4541	575.46515
1486.9863	537.75073
1486.5165	569
1486.0465	567.46515
1485.5767	555.28558
1485.1086	556.75073
1484.6388	551.78558
1484.1688	560
1483.6987	541.46515
1483.2307	556.75073
1482.7606	522.78558
1482.2906	574.46515
1481.8206	549.25073
1481.3503	561.25073
1480.8822	541.5
1480.412	548.46515
1479.9419	549.46515
1479.4717	579.28558
1479.0013	535.78558
1478.5331	549.78558
1478.0627	538
1477.5925	559.46515
1477.1221	544.78558
1476.6517	546.28558
1476.1814	519.46515
1475.7129	556.46515
1475.2424	550.25073
1474.772	563
1474.3015	534.46515
1473.8311	531.46515
1473.3605	533.75073
1472.8899	547.46515
1472.4193	552.46515
1471.9487	550.46515
1471.48	554
1471.0094	567.5
1470.5387	526.25073
1470.068	530
1469.5973	520.5
1469.1265	521.25073
1468.6556	526.28558
1468.1849	532.78558
1467.714	504.5
1467.2432	549.25073
1466.7723	547.78558
1466.3014	532
1465.8304	569.28558
1465.3595	531.75073
1464.8885	534.46515
1464.4175	547.46515
1463.9465	547.46515
1463.4755	567.28558
1463.0044	562.46515
1462.5332	529.46515
1462.0621	562.28558
1461.5909	556.75073
1461.1198	542.28558
1460.6486	557.28558
1460.1774	555.25073
1459.7061	546.46515
1459.2347	534.78558
1458.7635	516.28558
1458.2921	524.46515
1457.8188	509.46518
1457.3474	520.46515
1456.8761	527.78558
1456.4047	551.25073
1455.9332	537.28558
1455.4617	541.46515
1454.9902	527.46515
1454.5187	530.78558
1454.0471	532.5
1453.5736	543.75073
1453.1019	551.25073
1452.6304	546.78558
1452.1587	528.75073
1451.687	513.78558
1451.2153	554.25073
1450.7416	566.28558
1450.2699	524.46515
1449.7981	552
1449.3263	526.46515
1448.8545	553.5
1448.3806	537.28558
1447.9088	504.46518
1447.4369	539.46515
1446.965	541
1446.493	532.46515
1446.019	558.46515
1445.547	528.75073
1445.0751	541.28558
1444.603	516.46515
1444.1289	541.46515
1443.6569	545.78558
1443.1847	549
1442.7125	528.46515
1442.2384	534.46515
1441.7662	545.28558
1441.2941	546.28558
1440.8198	527.25073
1440.3475	548.46515
1439.8752	523.46515
1439.4009	525.46515
1438.9286	522.78558
1438.4562	565.78558
1437.9818	537.46515
1437.5094	530.46515
1437.037	536.46515
1436.5625	522.46515
1436.0901	549.78558
1435.6176	529.46515
1435.1429	570.78558
1434.6704	541.78558
1434.1979	549.75073
1433.7233	554.25073
1433.2506	547.25073
1432.776	542.46515
1432.3032	545.46515
1431.8306	535.46515
1431.3558	553.78558
1430.8831	532.28558
1430.4083	551.75073
1429.9354	538.28558
1429.4607	521.46515
1428.9878	526.46515
1428.5129	559.75073
1428.04	524.28558
1427.567	523.5
1427.0922	576.75073
1426.6191	541.28558
1426.1442	577.5
1425.671	533.5
1425.196	521.46515
1424.7229	529.46515
1424.2478	541.46515
1423.7747	526.46515
1423.2996	547
1422.8264	536
1422.3512	554
1421.876	531.46515
1421.4027	552.28558
1420.9274	539.5
1420.4541	538
1419.9788	526.28558
1419.5054	528.28558
1419.03	515.46515
1418.5566	519.28558
1418.0812	550
1417.6057	504.46518
1417.1323	574.75073
1416.6567	520.46515
1416.1832	519.46515
1415.7076	554.78558
1415.2321	544.46515
1414.7585	544.28558
1414.2828	548.78558
1413.8073	532
1413.3335	562.46515
1412.8578	545.78558
1412.3821	537.25073
1411.9083	545.28558
1411.4326	557.28558
1410.9568	550.5
1410.4829	537.46515
1410.0071	544.28558
1409.5313	569.46515
1409.0574	530.46515
1408.5814	538.28558
1408.1055	537.25073
1407.6315	514.25073
1407.1555	514.46515
1406.6794	552.28558
1406.2034	557.28558
1405.7292	536.28558
1405.2532	546.46515
1404.7771	542.46515
1404.3009	519.25073
1403.8268	525.78558
1403.3506	539
1402.8743	544.46515
1402.3981	558.75073
1401.9238	506.46518
1401.4475	520
1400.9712	520.78558
1400.4948	567.28558
1400.0184	561.75073
1399.5441	549.78558
1399.0676	543.5
1398.5912	553.46515
1398.1146	525.46515
1397.6382	561.46515
1397.1616	522.78558
1396.6871	508.46518
1396.2104	513.25073
1395.7339	543.46515
1395.2573	529.5
1394.7806	527.25073
1394.304	538.46515
1393.8273	529.78558
1393.3505	519.46515
1392.8757	552.78558
1392.3989	583.75073
1391.9221	526.46515
1391.4453	521.46515
1390.9685	545.78558
1390.4916	540.28558
1390.0146	529
1389.5377	543.28558
1389.0608	617.5
1388.5839	943.46515
1388.1068	822.25073
1387.6298	594.25073
1387.1527	527
1386.6757	554.25073
1386.1986	540.46515
1385.7214	532.46515
1385.2443	531.78558
1384.7671	543.25073
1384.2899	531
1383.8126	511.46518
1383.3354	551.46515
1382.8582	548.25073
1382.3809	561.78558
1381.9034	521.46515
1381.4261	528.5
1380.9487	517.78558
1380.4713	567.46515
1379.9939	552.46515
1379.5165	543.28558
1379.0389	555.46515
1378.5614	520.75073
1378.0839	520.46515
1377.6063	572.46515
1377.1288	529.28558
1376.6511	519.46515
1376.1736	531.28558
1375.6938	541
1375.2162	519.46515
1374.7385	526.5
1374.2607	533
1373.783	566.46515
1373.3052	532.28558
1372.8274	544.28558
1372.3496	544
1371.8698	522.46515
1371.3918	551.28558
1370.9139	538.25073
1370.4359	544.78558
1369.958	506.46518
1369.48	543.46515
1369	547
1368.522	522.5
1368.0439	539.75073
1367.5658	564.75073
1367.0876	533.46515
1366.6075	547.46515
1366.1294	541.46515
1365.6512	518.5
1365.173	539.28558
1364.6927	525.75073
1364.2145	529.5
1363.7362	523.46515
1363.2578	541.78558
1362.7775	537.46515
1362.2992	544.78558
1361.8208	516.46515
1361.3423	546.5
1360.8619	526.46515
1360.3834	529.5
1359.9049	510.46518
1359.4244	554.28558
1358.9459	545
1358.4673	551.28558
1357.9867	528.28558
1357.5081	524.46515
1357.0294	514.46515
1356.5487	534
1356.0701	517.46515
1355.5913	550.28558
1355.1106	522.28558
1354.6318	547.46515
1354.153	560.28558
1353.6722	533.5
1353.1934	526.46515
1352.7145	506.28558
1352.2335	524.5
1351.7546	529.28558
1351.2737	528.28558
1350.7947	512.78558
1350.3157	550.78558
1349.8347	516.46515
1349.3556	486.46518
1348.8745	509.25073
1348.3954	502.46518
1347.9143	531.46515
1347.4352	551.78558
1346.9559	545.46515
1346.4747	538.28558
1345.9955	505
1345.5143	524.28558
1345.035	541.46515
1344.5537	525.5
1344.0743	508.78558
1343.593	519.46515
1343.1136	525.28558
1342.6322	513.78558
1342.1527	527.46515
1341.6713	510
1341.1918	524.78558
1340.7103	546.46515
1340.2307	540.46515
1339.7493	553.46515
1339.2676	529
1338.788	528.46515
1338.3064	515.28558
1337.8267	534.25073
1337.345	513.46515
1336.8652	513.5
1336.3835	533
1335.9017	509.28558
1335.422	501.46518
1334.9402	519.46515
1334.4603	550.46515
1333.9785	494.46518
1333.4966	525.46515
1333.0166	537.78558
1332.5347	523.75073
1332.0547	537
1331.5728	505.46518
1331.0907	530.78558
1330.6106	534.46515
1330.1285	517.28558
1329.6465	509.78558
1329.1664	542.78558
1328.6842	524.75073
1328.202	536.75073
1327.7218	530.28558
1327.2396	528.78558
1326.7573	520.46515
1326.2771	518.78558
1325.7948	553.78558
1325.3124	529
1324.8301	499.25073
1324.3497	532.78558
1323.8673	560.5
1323.3849	515.46515
1322.9023	520.46515
1322.4219	521.28558
1321.9395	516.78558
1321.4569	551.25073
1320.9742	490.46518
1320.4937	539.46515
1320.0111	505.28558
1319.5284	535.75073
1319.0458	521.28558
1318.5651	564.78558
1318.0824	505
1317.5996	511.46518
1317.1168	481.28558
1316.634	533.46515
1316.1512	539
1315.6704	530.28558
1315.1875	548.25073
1314.7047	520.46515
1314.2217	535.46515
1313.7388	551.5
1313.2559	502.5
1312.7748	509.46518
1312.2917	516.78558
1311.8087	547.46515
1311.3257	521.28558
1310.8425	512
1310.3595	549.78558
1309.8763	531.78558
1309.3931	533.5
1308.9099	522.46515
1308.4287	504.46518
1307.9454	518
1307.4622	522.5
1306.9789	533.5
1306.4955	526.78558
1306.0121	498.75073
1305.5288	528
1305.0453	544.46515
1304.5619	540.78558
1304.0785	524.46515
1303.595	504.46518
1303.1115	522.46515
1302.6279	533.78558
1302.1443	518.78558
1301.6608	546.46515
1301.1771	523.46515
1300.6935	540.25073
1300.2098	497.46518
1299.7261	510.25073
1299.2424	506.46518
1298.7587	516.46515
1298.2749	500.78558
1297.791	483.46518
1297.3073	499.46518
1296.8234	528.25073
1296.3395	532.5
1295.8556	520.78558
1295.3717	531.5
1294.8877	516
1294.4038	529.46515
1293.9198	520.75073
1293.4337	531.28558
1292.9497	524.46515
1292.4656	531.28558
1291.9814	549.46515
1291.4973	520
1291.0132	513.78558
1290.5291	525.78558
1290.0448	547.25073
1289.5605	480.46518
1289.0742	525.46515
1288.59	541.46515
1288.1057	537.75073
1287.6213	559
1287.137	555.46515
1286.6526	538.75073
1286.1661	649.46515
1285.6816	776
1285.1973	623.46515
1284.7128	542.78558
1284.2281	510.25076
1283.7417	517.25073
1283.2571	526.5
1282.7725	537.46515
1282.2878	494.25073
1281.8032	473
1281.3165	528.25073
1280.8318	526.75073
1280.347	538.75073
1279.8623	487.46518
1279.3755	519.46515
1278.8907	517.28558
1278.4059	480.46518
1277.921	494.46518
1277.4341	534.28558
1276.9492	500.46518
1276.4642	519.5
1275.9773	523.78558
1275.4923	551
1275.0073	512.46515
1274.5203	522.28558
1274.0352	528.46515
1273.55	526.46515
1273.0649	522.75073
1272.5778	531.78558
1272.0927	548.78558
1271.6055	517.5
1271.1202	510.46518
1270.635	525.5
1270.1477	514.75073
1269.6624	521.78558
1269.177	520.28558
1268.6897	543.25073
1268.2043	527.28558
1267.7189	523.5
1267.2314	483.46518
1266.746	480.46518
1266.2585	532.28558
1265.7729	554.78558
1265.2854	553.46515
1264.7999	537.78558
1264.3143	537
1263.8267	503.25073
1263.3411	528.46515
1262.8534	537.75073
1262.3677	548.28558
1261.8799	560.78558
1261.3942	509.46518
1260.9064	550.46515
1260.4207	528.25073
1259.9348	529.28558
1259.4469	525.78558
1258.9611	551.78558
1258.4731	542.46515
1257.9872	545.75073
1257.4993	546.25073
1257.0112	562.5
1256.5253	545.75073
1256.0372	562
1255.5511	578.28558
1255.0631	514.46515
1254.5769	540.28558
1254.0889	543.46515
1253.6027	545.75073
1253.1145	528.46515
1252.6283	565.25073
1252.14	515
1251.6517	522.46515
1251.1654	546
1250.6771	549.75073
1250.1908	524.46515
1249.7024	531.25073
1249.214	527.46515
1248.7275	570
1248.239	544.75073
1247.7526	563.78558
1247.264	542.78558
1246.7755	555.46515
1246.2889	524.78558
1245.8004	535.78558
1245.3118	542.5
1244.8252	529.25073
1244.3364	567.46515
1243.8478	544.75073
1243.3611	523.46515
1242.8723	528.46515
1242.3835	543.25073
1241.8967	547.28558
1241.408	570.78558
1240.9191	545
1240.4323	533.46515
1239.9432	567
1239.4543	567
1238.9653	548.25073
1238.4784	537.5
1237.9894	541.78558
1237.5004	562.78558
1237.0133	509.46518
1236.5242	554.28558
1236.0352	563.78558
1235.5459	566.46515
1235.0588	581.5
1234.5696	555.78558
1234.0803	548.5
1233.5912	555.78558
1233.1018	567.78558
1232.6146	567.46515
1232.1252	533.46515
1231.6359	543.46515
1231.1465	581
1230.6571	545.25073
1230.1697	575.78558
1229.6802	577.78558
1229.1907	520.46515
1228.7012	558.78558
1228.2117	540.46515
1227.7222	531.25073
1227.2325	572.28558
1226.7449	559.28558
1226.2552	531.28558
1225.7656	538.5
1225.2759	588.46515
1224.7861	568
1224.2964	571.46515
1223.8066	581.28558
1223.3169	571.78558
1222.827	578.75073
1222.3392	532.46515
1221.8494	579.25073
1221.3594	541.46515
1220.8695	588.46515
1220.3795	572.78558
1219.8895	546.46515
1219.3995	554.28558
1218.9094	538.46515
1218.4194	546.78558
1217.9293	592.75073
1217.4392	524.46515
1216.949	555.28558
1216.4589	567.75073
1215.9686	572.28558
1215.4784	542.28558
1214.9882	594
1214.4979	530.28558
1214.0076	576.46515
1213.5172	538.46515
1213.0269	580.46515
1212.5365	568.78558
1212.0461	553.28558
1211.5557	571.78558
1211.0652	605.28558
1210.5747	597.46515
1210.0842	573.46515
1209.5936	531.46515
1209.1031	594.46515
1208.6125	610.75073
1208.1218	548.46515
1207.6312	585.28558
1207.1405	587.28558
1206.6478	553.46515
1206.1571	557.5
1205.6664	580.5
1205.1755	605.28558
1204.6848	568.46515
1204.194	571
1203.7031	588.46515
1203.2122	599.25073
1202.7192	573.46515
1202.2283	574.46515
1201.7373	579.46515
1201.2463	575.46515
1200.7554	560
1200.2643	556.46515
1199.7732	581.46515
1199.2802	580.78558
1198.7889	579.78558
1198.2979	598.75073
1197.8066	555.28558
1197.3154	579.46515
1196.8221	580.46515
1196.3309	578.46515
1195.8396	616.46515
1195.3484	585.28558
1194.8569	562.78558
1194.3636	566.75073
1193.8722	606.25073
1193.3807	585.46515
1192.8894	568.5
1192.3959	588.28558
1191.9044	590.46515
1191.4128	608.46515
1190.9213	578
1190.4277	618.25073
1189.936	586
1189.4445	592.46515
1188.9508	558.28558
1188.4591	597.28558
1187.9674	578.46515
1187.4757	597.78558
1186.9818	562.46515
1186.4901	576.78558
1185.9983	615.25073
1185.5044	580.78558
1185.0126	564.46515
1184.5206	576.25073
1184.0267	575.5
1183.5348	588.75073
1183.0427	571.25073
1182.5487	603.75073
1182.0566	571.28558
1181.5626	598.46515
1181.0706	538.46515
1180.5784	571.46515
1180.0842	593
1179.5922	575.46515
1179.0979	595.75073
1178.6057	610.5
1178.1134	551.46515
1177.6191	592.78558
1177.1268	556.25073
1176.6324	544.46515
1176.1401	598.46515
1175.6458	574.78558
1175.1533	587.78558
1174.6609	598.5
1174.1664	568.46515
1173.674	600.46515
1173.1794	599.25073
1172.6869	615.46515
1172.1923	609.46515
1171.6997	592.28558
1171.2051	569.78558
1170.7124	575.78558
1170.2178	604.78558
1169.725	590.75073
1169.2302	606.46515
1168.7375	595.78558
1168.2427	584.75073
1167.7499	588.5
1167.2551	612.75073
1166.7622	552.28558
1166.2673	593.46515
1165.7744	562.78558
1165.2794	574.78558
1164.7844	578.78558
1164.2915	561.25073
1163.7964	573.5
1163.3033	578.28558
1162.8082	547.46515
1162.3152	576.46515
1161.8201	561.46515
1161.3248	588
1160.8317	583.46515
1160.3364	573.46515
1159.8433	593.25073
1159.3479	561.46515
1158.8527	568
1158.3593	597.75073
1157.8639	575.28558
1157.3685	605.78558
1156.8751	569
1156.3798	607.78558
1155.8843	568.75073
1155.3907	555.28558
1154.8953	580.46515
1154.3997	576.78558
1153.9061	557.25073
1153.4105	569
1152.9149	597.46515
1152.4213	545.78558
1151.9255	562.28558
1151.4298	594.28558
1150.9341	588.46515
1150.4404	563.78558
1149.9446	561.75073
1149.4487	575.78558
1148.955	589.28558
1148.4591	578.75073
1147.9631	561.28558
1147.4672	565.46515
1146.9733	543.75073
1146.4773	553.25073
1145.9813	587.28558
1145.4852	592.28558
1144.9891	569.46515
1144.4951	558.25073
1143.999	583.78558
1143.5028	565.78558
1143.0067	598.78558
1142.5126	557.46515
1142.0164	589.5
1141.52	585.28558
1141.0238	570.46515
1140.5275	515.46515
1140.0311	572.46515
1139.5367	552.25073
1139.0404	569.28558
1138.5439	562.25073
1138.0475	562.78558
1137.551	543.46515
1137.0546	578.78558
1136.5581	584.78558
1136.0636	550.46515
1135.567	585.25073
1135.0703	567.46515
1134.5737	556.28558
1134.077	600.28558
1133.5803	573.78558
1133.0836	704.28558
1132.5869	565.78558
1132.0902	516.46515
1131.5934	556.28558
1131.0966	561.25073
1130.6017	532.46515
1130.1049	550.28558
1129.6079	562.28558
1129.1111	571.78558
1128.614	560.25073
1128.1171	565.28558
1127.6201	562.25073
1127.123	545.46515
1126.626	565.75073
1126.1289	559.28558
1125.6317	567.5
1125.1346	550.75073
1124.6375	537.46515
1124.1403	543.5
1123.6431	549.78558
1123.1458	577.46515
1122.6484	589.75073
1122.1512	550.5
1121.6538	562.46515
1121.1565	549.78558
1120.6591	574.28558
1120.1617	574.28558
1119.6642	522.78558
1119.1647	538.78558
1118.6672	522.46515
1118.1697	563
1117.6721	551.78558
1117.1746	574.46515
1116.677	582.75073
1116.1793	553
1115.6816	554.46515
1115.184	573.5
1114.6863	588.25073
1114.1886	560.28558
1113.6887	570.46515
1113.1909	554.78558
1112.6931	565.25073
1112.1953	548.46515
1111.6974	549.46515
1111.1995	581.5
1110.7015	552.46515
1110.2015	554
1109.7036	588.46515
1109.2056	571.5
1108.7075	572.28558
1108.2095	562.28558
1107.7114	586.46515
1107.2112	590.28558
1106.713	552.46515
1106.2148	555.46515
1105.7167	580.5
1105.2164	555.75073
1104.7181	620.28558
1104.2198	574.46515
1103.7216	576.78558
1103.2233	557.78558
1102.7228	552.78558
1102.2244	605
1101.726	593.46515
1101.2275	605.25073
1100.7271	591.46515
1100.2285	623
1099.73	587.78558
1099.2314	588.28558
1098.7308	587.46515
1098.2322	630
1097.7335	607.46515
1097.2329	616.28558
1096.7341	597.28558
1096.2355	598.25073
1095.7346	592.46515
1095.2358	617
1094.7371	602.75073
1094.2362	600.78558
1093.7374	621.28558
1093.2385	641.46515
1092.7375	606.46515
1092.2386	606.28558
1091.7396	615
1091.2386	605.46515
1090.7396	613.46515
1090.2406	605.28558
1089.7394	651.25073
1089.2404	594
1088.7391	661.46515
1088.24	621.78558
1087.7408	639.78558
1087.2395	626.75073
1086.7404	637.78558
1086.239	621.46515
1085.7397	643.28558
1085.2404	620
1084.739	621.46515
1084.2396	635.28558
1083.7382	630.5
1083.2388	681.28558
1082.7373	613.75073
1082.2378	632.78558
1081.7362	600.46515
1081.2367	614.46515
1080.7351	626.28558
1080.2355	623.46515
1079.7338	664.5
1079.2341	619.78558
1078.7324	631.28558
1078.2328	638.46515
1077.731	656.28558
1077.2312	676.75073
1076.7294	679.75073
1076.2296	687.46515
1075.7277	667.46515
1075.2278	643.78558
1074.726	667.78558
1074.226	679.25073
1073.724	668
1073.224	557.46515
1072.7219	661.78558
1072.2198	640.25073
1071.7198	667.78558
1071.2177	693.25073
1070.7177	637.28558
1070.2155	679.75073
1069.7152	659
1069.213	700.46515
1068.7107	664.75073
1068.2104	691
1067.7081	685
1067.2079	691.25073
1066.7054	692.46515
1066.2031	684.46515
1065.7026	678.46515
1065.2002	684.25073
1064.6978	688.75073
1064.1973	671.28558
1063.6947	699.28558
1063.1921	676.5
1062.6917	701.78558
1062.189	686.46515
1061.6863	692.46515
1061.1857	662.46515
1060.683	669.46515
1060.1803	666.46515
1059.6796	666
1059.1768	694.46515
1058.674	706.25073
1058.171	668.78558
1057.6703	670.46515
1057.1674	603.28558
1056.6644	657.46515
1056.1615	723.25073
1055.6605	704.25073
1055.1575	681.46515
1054.6545	696
1054.1514	675.75073
1053.6504	681.78558
1053.1472	678
1052.6442	710.75073
1052.1409	703.25073
1051.6398	694.46515
1051.1366	692.46515
1050.6333	660.28558
1050.13	738.78558
1049.6267	671.46515
1049.1254	692.5
1048.6221	706.46515
1048.1187	683.25073
1047.6152	669.46515
1047.1117	683.46515
1046.6083	713.28558
1046.1068	676.46515
1045.6033	685.46515
1045.0997	662.46515
1044.5961	717.28558
1044.0925	700.75073
1043.5889	679.46515
1043.0852	697.28558
1042.5835	697.28558
1042.0798	674.46515
1041.576	721.75073
1041.0723	665.78558
1040.5685	706.28558
1040.0646	719
1039.5608	685.46515
1039.0569	696.25073
1038.553	652.46515
1038.049	688.28558
1037.545	712.75073
1037.041	685.46515
1036.5391	704.78558
1036.0349	709
1035.5309	724.25073
1035.0267	665.46515
1034.5226	674.25073
1034.0184	698.5
1033.5143	686.28558
1033.01	683.28558
1032.5057	686.78558
1032.0015	727.78558
1031.4972	725.46515
1030.9928	701.5
1030.4884	641.46515
1029.984	726.78558
1029.4796	663.5
1028.9752	655.28558
1028.4707	672
1027.9662	710.5
1027.4617	647.46515
1026.9572	702.75073
1026.4504	678.78558
1025.9458	683
1025.4412	675.25073
1024.9365	705.28558
1024.4319	660.28558
1023.9271	673.25073
1023.4224	667.5
1022.9176	675.78558
1022.4128	675.78558
1021.908	699.46515
1021.4031	684.78558
1020.8982	665.28558
1020.3912	651.46515
1019.8862	654.28558
1019.3813	670.75073
1018.8763	652.78558
1018.3713	656
1017.8662	662.28558
1017.3611	597.46515
1016.856	646.46515
1016.3488	708.5
1015.8436	659.46515
1015.3384	667.78558
1014.8332	690.46515
1014.3279	664.78558
1013.8206	658.46515
1013.3153	638.75073
1012.8099	623.46515
1012.3046	647.25073
1011.7992	654.28558
1011.2938	666.46515
1010.7863	630.46515
1010.2808	688.25073
1009.7753	685
1009.2698	691.78558
1008.7621	637.46515
1008.2565	660.28558
1007.7509	625.75073
1007.2453	646.46515
1006.7375	678.78558
1006.2319	667.5
1005.7261	646.28558
1005.2204	619.46515
1004.7125	603.46515
1004.2067	604.46515
1003.7009	672.46515
1003.1929	669.46515
1002.6871	669
1002.1812	646.46515
1001.6752	648.28558
1001.1672	619.46515
1000.6611	686
1000.1552	646.25073
999.64697	638.75073
