 1.042555005E+03	 9.478200195E+03
 1.043121438E+03	 9.567799805E+03
 1.043687813E+03	 9.517799805E+03
 1.044254131E+03	 9.463599609E+03
 1.044820391E+03	 9.473799805E+03
 1.045386593E+03	 9.512400391E+03
 1.045952737E+03	 9.482200195E+03
 1.046518824E+03	 9.500000000E+03
 1.047084853E+03	 9.488599609E+03
 1.047650824E+03	 9.467799805E+03
 1.048216738E+03	 9.479200195E+03
 1.048782593E+03	 9.449599609E+03
 1.049348392E+03	 9.443799805E+03
 1.049914132E+03	 9.450400391E+03
 1.050479815E+03	 9.460000000E+03
 1.051045440E+03	 9.429000000E+03
 1.051611007E+03	 9.440400391E+03
 1.052176517E+03	 9.402400391E+03
 1.052741968E+03	 9.410200195E+03
 1.053307363E+03	 9.433200195E+03
 1.053872699E+03	 9.443599609E+03
 1.054437978E+03	 9.389200195E+03
 1.055003199E+03	 9.421599609E+03
 1.055568363E+03	 9.361400391E+03
 1.056133469E+03	 9.404400391E+03
 1.056698517E+03	 9.375799805E+03
 1.057263508E+03	 9.395000000E+03
 1.057828440E+03	 9.352200195E+03
 1.058393316E+03	 9.387200195E+03
 1.058958133E+03	 9.322799805E+03
 1.059522893E+03	 9.365400391E+03
 1.060087596E+03	 9.284599609E+03
 1.060652241E+03	 9.365000000E+03
 1.061216828E+03	 9.308400391E+03
 1.061781357E+03	 9.307000000E+03
 1.062345829E+03	 9.302400391E+03
 1.062910243E+03	 9.249000000E+03
 1.063474600E+03	 9.274799805E+03
 1.064038899E+03	 9.257400391E+03
 1.064603140E+03	 9.256000000E+03
 1.065167324E+03	 9.295200195E+03
 1.065731451E+03	 9.270400391E+03
 1.066295519E+03	 9.314200195E+03
 1.066859530E+03	 9.262200195E+03
 1.067423484E+03	 9.260799805E+03
 1.067987380E+03	 9.278000000E+03
 1.068551218E+03	 9.221400391E+03
 1.069114999E+03	 9.171200195E+03
 1.069678722E+03	 9.260799805E+03
 1.070242388E+03	 9.179000000E+03
 1.070805996E+03	 9.216200195E+03
 1.071369546E+03	 9.206400391E+03
 1.071933039E+03	 9.220000000E+03
 1.072496475E+03	 9.231000000E+03
 1.073059853E+03	 9.179200195E+03
 1.073623173E+03	 9.152000000E+03
 1.074186436E+03	 9.148200195E+03
 1.074749641E+03	 9.141200195E+03
 1.075312789E+03	 9.184599609E+03
 1.075875879E+03	 9.102799805E+03
 1.076438912E+03	 9.182200195E+03
 1.077001887E+03	 9.121599609E+03
 1.077564805E+03	 9.133599609E+03
 1.078127665E+03	 9.122200195E+03
 1.078690468E+03	 9.120200195E+03
 1.079253213E+03	 9.097400391E+03
 1.079815901E+03	 9.066000000E+03
 1.080378531E+03	 9.104799805E+03
 1.080941104E+03	 9.104200195E+03
 1.081503620E+03	 9.037599609E+03
 1.082066077E+03	 9.056400391E+03
 1.082628478E+03	 8.981799805E+03
 1.083190821E+03	 9.048400391E+03
 1.083753106E+03	 9.007400391E+03
 1.084315334E+03	 9.013400391E+03
 1.084877505E+03	 8.967000000E+03
 1.085439618E+03	 9.025200195E+03
 1.086001673E+03	 8.925599609E+03
 1.086563671E+03	 8.988200195E+03
 1.087125612E+03	 8.906599609E+03
 1.087687495E+03	 8.951000000E+03
 1.088249321E+03	 8.913799805E+03
 1.088811090E+03	 9.016599609E+03
 1.089372801E+03	 8.885799805E+03
 1.089934454E+03	 8.970799805E+03
 1.090496050E+03	 8.907000000E+03
 1.091057589E+03	 8.932200195E+03
 1.091619071E+03	 8.846200195E+03
 1.092180495E+03	 8.920799805E+03
 1.092741861E+03	 8.838599609E+03
 1.093303170E+03	 8.904400391E+03
 1.093864422E+03	 8.852599609E+03
 1.094425616E+03	 8.874000000E+03
 1.094986753E+03	 8.818000000E+03
 1.095547833E+03	 8.873400391E+03
 1.096108855E+03	 8.768000000E+03
 1.096669820E+03	 8.812599609E+03
 1.097230728E+03	 8.763000000E+03
 1.097791578E+03	 8.851799805E+03
 1.098352370E+03	 8.748200195E+03
 1.098913106E+03	 8.809799805E+03
 1.099473784E+03	 8.750000000E+03
 1.100034405E+03	 8.853599609E+03
 1.100594968E+03	 8.727799805E+03
 1.101155474E+03	 8.772799805E+03
 1.101715923E+03	 8.696400391E+03
 1.102276314E+03	 8.789599609E+03
 1.102836648E+03	 8.704599609E+03
 1.103396925E+03	 8.868000000E+03
 1.103957144E+03	 8.721599609E+03
 1.104517306E+03	 8.715200195E+03
 1.105077411E+03	 8.601200195E+03
 1.105637459E+03	 8.699000000E+03
 1.106197449E+03	 8.560599609E+03
 1.106757382E+03	 8.677599609E+03
 1.107317257E+03	 8.578400391E+03
 1.107877075E+03	 8.707400391E+03
 1.108436836E+03	 8.575400391E+03
 1.108996540E+03	 8.645000000E+03
 1.109556187E+03	 8.522799805E+03
 1.110115776E+03	 8.643400391E+03
 1.110675308E+03	 8.597799805E+03
 1.111234782E+03	 8.600200195E+03
 1.111794200E+03	 8.528400391E+03
 1.112353560E+03	 8.585000000E+03
 1.112912862E+03	 8.442200195E+03
 1.113472108E+03	 8.652599609E+03
 1.114031296E+03	 8.561799805E+03
 1.114590427E+03	 8.641799805E+03
 1.115149501E+03	 8.524000000E+03
 1.115708518E+03	 8.701599609E+03
 1.116267477E+03	 8.573200195E+03
 1.116826379E+03	 8.685200195E+03
 1.117385224E+03	 8.514400391E+03
 1.117944012E+03	 8.547200195E+03
 1.118502743E+03	 8.432200195E+03
 1.119061416E+03	 8.539000000E+03
 1.119620032E+03	 8.438000000E+03
 1.120178591E+03	 8.525400391E+03
 1.120737092E+03	 8.437799805E+03
 1.121295537E+03	 8.482200195E+03
 1.121853924E+03	 8.415000000E+03
 1.122412254E+03	 8.504400391E+03
 1.122970527E+03	 8.400400391E+03
 1.123528743E+03	 8.483400391E+03
 1.124086901E+03	 8.384200195E+03
 1.124645003E+03	 8.403200195E+03
 1.125203047E+03	 8.363400391E+03
 1.125761034E+03	 8.463799805E+03
 1.126318964E+03	 8.384599609E+03
 1.126876836E+03	 8.443000000E+03
 1.127434652E+03	 8.400200195E+03
 1.127992410E+03	 8.432400391E+03
 1.128550112E+03	 8.356400391E+03
 1.129107756E+03	 8.421599609E+03
 1.129665343E+03	 8.370599609E+03
 1.130222873E+03	 8.426400391E+03
 1.130780345E+03	 8.357799805E+03
 1.131337761E+03	 8.403799805E+03
 1.131895119E+03	 8.332400391E+03
 1.132452421E+03	 8.367200195E+03
 1.133009665E+03	 8.379599609E+03
 1.133566852E+03	 8.377799805E+03
 1.134123982E+03	 8.455599609E+03
 1.134681055E+03	 8.488599609E+03
 1.135238071E+03	 8.400599609E+03
 1.135795030E+03	 8.421799805E+03
 1.136351931E+03	 8.325000000E+03
 1.136908776E+03	 8.384599609E+03
 1.137465563E+03	 8.329200195E+03
 1.138022294E+03	 8.349000000E+03
 1.138578967E+03	 8.366799805E+03
 1.139135583E+03	 8.327599609E+03
 1.139692142E+03	 8.331000000E+03
 1.140248645E+03	 8.328799805E+03
 1.140805090E+03	 8.339400391E+03
 1.141361478E+03	 8.338599609E+03
 1.141917809E+03	 8.361799805E+03
 1.142474083E+03	 8.337000000E+03
 1.143030299E+03	 8.360599609E+03
 1.143586459E+03	 8.337599609E+03
 1.144142562E+03	 8.286599609E+03
 1.144698608E+03	 8.300400391E+03
 1.145254596E+03	 8.336000000E+03
 1.145810528E+03	 8.302799805E+03
 1.146366403E+03	 8.302000000E+03
 1.146922221E+03	 8.317599609E+03
 1.147477981E+03	 8.300000000E+03
 1.148033685E+03	 8.282200195E+03
 1.148589332E+03	 8.316200195E+03
 1.149144921E+03	 8.277000000E+03
 1.149700454E+03	 8.308400391E+03
 1.150255929E+03	 8.277799805E+03
 1.150811348E+03	 8.317200195E+03
 1.151366710E+03	 8.287799805E+03
 1.151922014E+03	 8.307599609E+03
 1.152477262E+03	 8.304000000E+03
 1.153032453E+03	 8.319599609E+03
 1.153587587E+03	 8.301400391E+03
 1.154142664E+03	 8.278400391E+03
 1.154697683E+03	 8.236000000E+03
 1.155252646E+03	 8.281200195E+03
 1.155807552E+03	 8.295799805E+03
 1.156362401E+03	 8.313200195E+03
 1.156917193E+03	 8.278000000E+03
 1.157471928E+03	 8.260599609E+03
 1.158026607E+03	 8.225799805E+03
 1.158581228E+03	 8.317799805E+03
 1.159135792E+03	 8.295400391E+03
 1.159690299E+03	 8.288599609E+03
 1.160244750E+03	 8.233200195E+03
 1.160799143E+03	 8.320400391E+03
 1.161353480E+03	 8.224599609E+03
 1.161907760E+03	 8.263799805E+03
 1.162461983E+03	 8.257599609E+03
 1.163016149E+03	 8.295799805E+03
 1.163570258E+03	 8.162000000E+03
 1.164124310E+03	 8.232599609E+03
 1.164678305E+03	 8.224599609E+03
 1.165232243E+03	 8.237599609E+03
 1.165786125E+03	 8.143399902E+03
 1.166339949E+03	 8.209599609E+03
 1.166893717E+03	 8.221200195E+03
 1.167447428E+03	 8.281799805E+03
 1.168001082E+03	 8.164799805E+03
 1.168554679E+03	 8.226000000E+03
 1.169108219E+03	 8.178799805E+03
 1.169661702E+03	 8.160799805E+03
 1.170215129E+03	 8.145600098E+03
 1.170768498E+03	 8.176200195E+03
 1.171321811E+03	 8.155000000E+03
 1.171875067E+03	 8.172399902E+03
 1.172428266E+03	 8.181600098E+03
 1.172981409E+03	 8.158399902E+03
 1.173534494E+03	 8.150200195E+03
 1.174087523E+03	 8.158000000E+03
 1.174640495E+03	 8.159000000E+03
 1.175193410E+03	 8.143600098E+03
 1.175746268E+03	 8.188000000E+03
 1.176299069E+03	 8.118600098E+03
 1.176851814E+03	 8.116799805E+03
 1.177404501E+03	 8.123399902E+03
 1.177957132E+03	 8.149399902E+03
 1.178509707E+03	 8.174000000E+03
 1.179062224E+03	 8.158399902E+03
 1.179614685E+03	 8.095799805E+03
 1.180167088E+03	 8.092399902E+03
 1.180719435E+03	 8.089000000E+03
 1.181271726E+03	 8.106000000E+03
 1.181823959E+03	 8.078000000E+03
 1.182376136E+03	 8.075200195E+03
 1.182928256E+03	 8.100000000E+03
 1.183480319E+03	 8.111600098E+03
 1.184032325E+03	 8.101799805E+03
 1.184584275E+03	 8.071200195E+03
 1.185136168E+03	 8.068600098E+03
 1.185688004E+03	 8.054399902E+03
 1.186239784E+03	 8.043200195E+03
 1.186791506E+03	 8.062799805E+03
 1.187343172E+03	 8.057200195E+03
 1.187894781E+03	 8.054000000E+03
 1.188446334E+03	 8.025200195E+03
 1.188997830E+03	 8.023200195E+03
 1.189549269E+03	 8.012000000E+03
 1.190100651E+03	 7.996000000E+03
 1.190651977E+03	 8.016600098E+03
 1.191203246E+03	 8.031399902E+03
 1.191754458E+03	 8.022799805E+03
 1.192305613E+03	 8.038200195E+03
 1.192856712E+03	 7.982000000E+03
 1.193407754E+03	 8.050600098E+03
 1.193958740E+03	 7.956000000E+03
 1.194509669E+03	 8.019399902E+03
 1.195060541E+03	 7.996399902E+03
 1.195611356E+03	 7.953600098E+03
 1.196162115E+03	 7.946799805E+03
 1.196712817E+03	 7.977600098E+03
 1.197263462E+03	 7.924799805E+03
 1.197814051E+03	 7.934600098E+03
 1.198364583E+03	 7.973200195E+03
 1.198915058E+03	 7.941600098E+03
 1.199465477E+03	 7.918600098E+03
 1.200015839E+03	 7.932399902E+03
 1.200566145E+03	 7.876600098E+03
 1.201116394E+03	 7.911600098E+03
 1.201666586E+03	 7.901399902E+03
 1.202216721E+03	 7.952600098E+03
 1.202766800E+03	 7.889600098E+03
 1.203316823E+03	 7.912799805E+03
 1.203866788E+03	 7.908600098E+03
 1.204416697E+03	 7.910799805E+03
 1.204966550E+03	 7.877200195E+03
 1.205516346E+03	 7.854600098E+03
 1.206066085E+03	 7.917399902E+03
 1.206615768E+03	 7.848200195E+03
 1.207165394E+03	 7.872200195E+03
 1.207714963E+03	 7.818799805E+03
 1.208264476E+03	 7.880799805E+03
 1.208813932E+03	 7.830600098E+03
 1.209363332E+03	 7.858399902E+03
 1.209912675E+03	 7.833600098E+03
 1.210461962E+03	 7.843200195E+03
 1.211011192E+03	 7.846399902E+03
 1.211560365E+03	 7.867799805E+03
 1.212109482E+03	 7.797600098E+03
 1.212658542E+03	 7.804000000E+03
 1.213207546E+03	 7.768399902E+03
 1.213756493E+03	 7.803399902E+03
 1.214305384E+03	 7.812600098E+03
 1.214854218E+03	 7.803799805E+03
 1.215402995E+03	 7.778000000E+03
 1.215951716E+03	 7.818799805E+03
 1.216500381E+03	 7.776600098E+03
 1.217048989E+03	 7.796000000E+03
 1.217597540E+03	 7.822000000E+03
 1.218146035E+03	 7.747200195E+03
 1.218694473E+03	 7.786200195E+03
 1.219242855E+03	 7.855399902E+03
 1.219791180E+03	 7.853600098E+03
 1.220339449E+03	 7.768000000E+03
 1.220887662E+03	 7.798600098E+03
 1.221435817E+03	 7.739399902E+03
 1.221983917E+03	 7.703799805E+03
 1.222531959E+03	 7.724200195E+03
 1.223079946E+03	 7.718600098E+03
 1.223627876E+03	 7.696200195E+03
 1.224175749E+03	 7.723399902E+03
 1.224723566E+03	 7.752600098E+03
 1.225271326E+03	 7.684399902E+03
 1.225819030E+03	 7.678399902E+03
 1.226366678E+03	 7.723600098E+03
 1.226914269E+03	 7.692600098E+03
 1.227461803E+03	 7.666399902E+03
 1.228009281E+03	 7.687600098E+03
 1.228556703E+03	 7.685399902E+03
 1.229104068E+03	 7.676200195E+03
 1.229651377E+03	 7.632200195E+03
 1.230198629E+03	 7.653200195E+03
 1.230745825E+03	 7.675200195E+03
 1.231292965E+03	 7.669000000E+03
 1.231840048E+03	 7.634600098E+03
 1.232387074E+03	 7.642399902E+03
 1.232934044E+03	 7.644000000E+03
 1.233480958E+03	 7.620200195E+03
 1.234027815E+03	 7.608200195E+03
 1.234574616E+03	 7.637000000E+03
 1.235121361E+03	 7.607200195E+03
 1.235668049E+03	 7.624000000E+03
 1.236214681E+03	 7.589000000E+03
 1.236761256E+03	 7.588600098E+03
 1.237307775E+03	 7.547000000E+03
 1.237854237E+03	 7.625200195E+03
 1.238400643E+03	 7.583600098E+03
 1.238946993E+03	 7.578600098E+03
 1.239493287E+03	 7.597200195E+03
 1.240039524E+03	 7.545200195E+03
 1.240585704E+03	 7.575000000E+03
 1.241131828E+03	 7.584799805E+03
 1.241677896E+03	 7.587600098E+03
 1.242223908E+03	 7.560200195E+03
 1.242769863E+03	 7.589200195E+03
 1.243315762E+03	 7.565399902E+03
 1.243861604E+03	 7.557799805E+03
 1.244407390E+03	 7.584399902E+03
 1.244953120E+03	 7.527000000E+03
 1.245498794E+03	 7.553399902E+03
 1.246044411E+03	 7.526799805E+03
 1.246589972E+03	 7.549399902E+03
 1.247135476E+03	 7.564799805E+03
 1.247680924E+03	 7.469200195E+03
 1.248226316E+03	 7.515000000E+03
 1.248771652E+03	 7.510799805E+03
 1.249316931E+03	 7.567000000E+03
 1.249862154E+03	 7.517399902E+03
 1.250407320E+03	 7.516600098E+03
 1.250952430E+03	 7.517200195E+03
 1.251497484E+03	 7.536600098E+03
 1.252042482E+03	 7.469000000E+03
 1.252587423E+03	 7.509799805E+03
 1.253132309E+03	 7.489600098E+03
 1.253677137E+03	 7.405399902E+03
 1.254221910E+03	 7.506600098E+03
 1.254766626E+03	 7.455600098E+03
 1.255311286E+03	 7.506799805E+03
 1.255855890E+03	 7.473200195E+03
 1.256400437E+03	 7.432000000E+03
 1.256944929E+03	 7.436600098E+03
 1.257489363E+03	 7.465600098E+03
 1.258033742E+03	 7.464600098E+03
 1.258578065E+03	 7.479399902E+03
 1.259122331E+03	 7.393600098E+03
 1.259666541E+03	 7.415600098E+03
 1.260210694E+03	 7.384799805E+03
 1.260754792E+03	 7.455600098E+03
 1.261298833E+03	 7.404799805E+03
 1.261842818E+03	 7.440799805E+03
 1.262386747E+03	 7.407399902E+03
 1.262930619E+03	 7.410600098E+03
 1.263474436E+03	 7.383200195E+03
 1.264018196E+03	 7.405200195E+03
 1.264561900E+03	 7.418399902E+03
 1.265105548E+03	 7.409600098E+03
 1.265649139E+03	 7.372200195E+03
 1.266192674E+03	 7.372399902E+03
 1.266736154E+03	 7.330000000E+03
 1.267279576E+03	 7.412000000E+03
 1.267822943E+03	 7.365399902E+03
 1.268366254E+03	 7.386799805E+03
 1.268909508E+03	 7.351200195E+03
 1.269452706E+03	 7.393200195E+03
 1.269995848E+03	 7.355000000E+03
 1.270538934E+03	 7.320799805E+03
 1.271081964E+03	 7.313399902E+03
 1.271624937E+03	 7.326799805E+03
 1.272167855E+03	 7.352399902E+03
 1.272710716E+03	 7.355600098E+03
 1.273253521E+03	 7.351200195E+03
 1.273796270E+03	 7.369000000E+03
 1.274338962E+03	 7.403799805E+03
 1.274881599E+03	 7.270399902E+03
 1.275424180E+03	 7.315600098E+03
 1.275966704E+03	 7.269000000E+03
 1.276509172E+03	 7.318799805E+03
 1.277051584E+03	 7.305200195E+03
 1.277593940E+03	 7.279399902E+03
 1.278136240E+03	 7.323200195E+03
 1.278678484E+03	 7.265399902E+03
 1.279220671E+03	 7.297799805E+03
 1.279762803E+03	 7.289600098E+03
 1.280304878E+03	 7.271200195E+03
 1.280846897E+03	 7.277200195E+03
 1.281388861E+03	 7.212399902E+03
 1.281930768E+03	 7.251000000E+03
 1.282472619E+03	 7.189799805E+03
 1.283014414E+03	 7.257600098E+03
 1.283556152E+03	 7.222799805E+03
 1.284097835E+03	 7.239600098E+03
 1.284639462E+03	 7.203799805E+03
 1.285181032E+03	 7.235200195E+03
 1.285722547E+03	 7.233600098E+03
 1.286264005E+03	 7.289200195E+03
 1.286805408E+03	 7.232200195E+03
 1.287346754E+03	 7.198600098E+03
 1.287888044E+03	 7.184399902E+03
 1.288429278E+03	 7.211399902E+03
 1.288970457E+03	 7.171799805E+03
 1.289511579E+03	 7.181799805E+03
 1.290052645E+03	 7.154200195E+03
 1.290593655E+03	 7.176799805E+03
 1.291134609E+03	 7.158200195E+03
 1.291675507E+03	 7.143399902E+03
 1.292216349E+03	 7.181600098E+03
 1.292757135E+03	 7.134200195E+03
 1.293297865E+03	 7.167799805E+03
 1.293838539E+03	 7.151600098E+03
 1.294379156E+03	 7.121799805E+03
 1.294919718E+03	 7.123799805E+03
 1.295460224E+03	 7.128399902E+03
 1.296000674E+03	 7.081000000E+03
 1.296541068E+03	 7.109000000E+03
 1.297081406E+03	 7.090000000E+03
 1.297621688E+03	 7.154600098E+03
 1.298161913E+03	 7.104000000E+03
 1.298702083E+03	 7.118200195E+03
 1.299242197E+03	 7.109799805E+03
 1.299782255E+03	 7.062399902E+03
 1.300322257E+03	 7.134799805E+03
 1.300862203E+03	 7.100000000E+03
 1.301402093E+03	 7.083000000E+03
 1.301941927E+03	 7.054000000E+03
 1.302481705E+03	 7.064799805E+03
 1.303021427E+03	 7.053200195E+03
 1.303561094E+03	 7.039399902E+03
 1.304100704E+03	 7.014799805E+03
 1.304640258E+03	 7.065000000E+03
 1.305179756E+03	 7.031000000E+03
 1.305719199E+03	 7.091000000E+03
 1.306258585E+03	 7.023799805E+03
 1.306797916E+03	 6.998799805E+03
 1.307337190E+03	 7.036000000E+03
 1.307876409E+03	 6.997000000E+03
 1.308415572E+03	 7.048000000E+03
 1.308954679E+03	 7.061399902E+03
 1.309493730E+03	 7.056200195E+03
 1.310032725E+03	 7.136799805E+03
 1.310571664E+03	 7.055200195E+03
 1.311110547E+03	 7.052600098E+03
 1.311649374E+03	 7.046399902E+03
 1.312188146E+03	 7.000000000E+03
 1.312726861E+03	 6.929799805E+03
 1.313265521E+03	 6.978799805E+03
 1.313804125E+03	 6.953000000E+03
 1.314342672E+03	 6.967399902E+03
 1.314881164E+03	 6.945799805E+03
 1.315419601E+03	 6.926799805E+03
 1.315957981E+03	 6.956000000E+03
 1.316496305E+03	 6.947399902E+03
 1.317034574E+03	 6.983600098E+03
 1.317572786E+03	 6.933399902E+03
 1.318110943E+03	 6.952600098E+03
 1.318649044E+03	 6.906399902E+03
 1.319187089E+03	 6.912200195E+03
 1.319725078E+03	 6.907600098E+03
 1.320263012E+03	 6.923799805E+03
 1.320800889E+03	 6.865200195E+03
 1.321338711E+03	 6.920200195E+03
 1.321876477E+03	 6.888600098E+03
 1.322414187E+03	 6.881000000E+03
 1.322951841E+03	 6.865000000E+03
 1.323489439E+03	 6.907600098E+03
 1.324026982E+03	 6.894799805E+03
 1.324564469E+03	 6.864399902E+03
 1.325101899E+03	 6.824600098E+03
 1.325639275E+03	 6.837000000E+03
 1.326176594E+03	 6.885200195E+03
 1.326713857E+03	 6.894000000E+03
 1.327251065E+03	 6.869000000E+03
 1.327788217E+03	 6.859799805E+03
 1.328325313E+03	 6.861399902E+03
 1.328862353E+03	 6.861399902E+03
 1.329399338E+03	 6.834399902E+03
 1.329936267E+03	 6.811600098E+03
 1.330473140E+03	 6.848200195E+03
 1.331009957E+03	 6.847000000E+03
 1.331546718E+03	 6.858399902E+03
 1.332083424E+03	 6.807600098E+03
 1.332620074E+03	 6.823399902E+03
 1.333156668E+03	 6.790399902E+03
 1.333693207E+03	 6.843799805E+03
 1.334229689E+03	 6.808000000E+03
 1.334766116E+03	 6.801399902E+03
 1.335302487E+03	 6.815600098E+03
 1.335838803E+03	 6.807600098E+03
 1.336375062E+03	 6.779799805E+03
 1.336911266E+03	 6.803200195E+03
 1.337447414E+03	 6.786000000E+03
 1.337983507E+03	 6.838799805E+03
 1.338519543E+03	 6.797799805E+03
 1.339055524E+03	 6.773600098E+03
 1.339591450E+03	 6.753399902E+03
 1.340127319E+03	 6.758200195E+03
 1.340663133E+03	 6.732799805E+03
 1.341198891E+03	 6.760200195E+03
 1.341734594E+03	 6.762799805E+03
 1.342270240E+03	 6.739600098E+03
 1.342805831E+03	 6.759600098E+03
 1.343341367E+03	 6.744000000E+03
 1.343876846E+03	 6.774000000E+03
 1.344412270E+03	 6.711399902E+03
 1.344947639E+03	 6.740600098E+03
 1.345482951E+03	 6.720200195E+03
 1.346018208E+03	 6.769200195E+03
 1.346553409E+03	 6.716200195E+03
 1.347088555E+03	 6.695600098E+03
 1.347623645E+03	 6.695799805E+03
 1.348158679E+03	 6.716399902E+03
 1.348693658E+03	 6.695600098E+03
 1.349228580E+03	 6.710000000E+03
 1.349763448E+03	 6.691799805E+03
 1.350298259E+03	 6.717799805E+03
 1.350833015E+03	 6.739200195E+03
 1.351367716E+03	 6.673000000E+03
 1.351902360E+03	 6.642600098E+03
 1.352436949E+03	 6.675799805E+03
 1.352971483E+03	 6.659600098E+03
 1.353505960E+03	 6.707600098E+03
 1.354040383E+03	 6.662799805E+03
 1.354574749E+03	 6.637000000E+03
 1.355109060E+03	 6.660000000E+03
 1.355643315E+03	 6.619799805E+03
 1.356177515E+03	 6.698600098E+03
 1.356711659E+03	 6.604799805E+03
 1.357245747E+03	 6.655799805E+03
 1.357779780E+03	 6.649000000E+03
 1.358313757E+03	 6.684000000E+03
 1.358847679E+03	 6.618200195E+03
 1.359381545E+03	 6.617000000E+03
 1.359915356E+03	 6.606000000E+03
 1.360449110E+03	 6.592799805E+03
 1.360982810E+03	 6.614399902E+03
 1.361516453E+03	 6.634799805E+03
 1.362050042E+03	 6.619000000E+03
 1.362583574E+03	 6.586600098E+03
 1.363117051E+03	 6.628600098E+03
 1.363650473E+03	 6.581799805E+03
 1.364183838E+03	 6.588399902E+03
 1.364717149E+03	 6.595399902E+03
 1.365250404E+03	 6.604200195E+03
 1.365783603E+03	 6.600799805E+03
 1.366316746E+03	 6.618799805E+03
 1.366849834E+03	 6.555600098E+03
 1.367382867E+03	 6.588399902E+03
 1.367915844E+03	 6.567399902E+03
 1.368448766E+03	 6.631600098E+03
 1.368981631E+03	 6.582600098E+03
 1.369514442E+03	 6.605399902E+03
 1.370047197E+03	 6.559399902E+03
 1.370579896E+03	 6.550200195E+03
 1.371112540E+03	 6.573600098E+03
 1.371645128E+03	 6.554200195E+03
 1.372177661E+03	 6.552000000E+03
 1.372710139E+03	 6.537799805E+03
 1.373242560E+03	 6.596799805E+03
 1.373774927E+03	 6.558399902E+03
 1.374307238E+03	 6.609399902E+03
 1.374839493E+03	 6.500200195E+03
 1.375371693E+03	 6.622399902E+03
 1.375903837E+03	 6.526799805E+03
 1.376435926E+03	 6.566600098E+03
 1.376967959E+03	 6.530600098E+03
 1.377499937E+03	 6.551799805E+03
 1.378031860E+03	 6.498600098E+03
 1.378563727E+03	 6.557799805E+03
 1.379095538E+03	 6.502600098E+03
 1.379627294E+03	 6.501600098E+03
 1.380158995E+03	 6.553000000E+03
 1.380690640E+03	 6.452200195E+03
 1.381222229E+03	 6.539200195E+03
 1.381753764E+03	 6.478000000E+03
 1.382285242E+03	 6.494000000E+03
 1.382816666E+03	 6.457200195E+03
 1.383348033E+03	 6.513799805E+03
 1.383879346E+03	 6.429600098E+03
 1.384410603E+03	 6.552399902E+03
 1.384941804E+03	 6.509200195E+03
 1.385472951E+03	 6.503200195E+03
 1.386004041E+03	 6.465200195E+03
 1.386535077E+03	 6.487000000E+03
 1.387066056E+03	 6.491600098E+03
 1.387596981E+03	 6.479399902E+03
 1.388127850E+03	 6.473000000E+03
 1.388658664E+03	 6.471600098E+03
 1.389189422E+03	 6.557000000E+03
 1.389720125E+03	 6.411399902E+03
 1.390250772E+03	 6.482399902E+03
 1.390781364E+03	 6.402600098E+03
 1.391311901E+03	 6.421399902E+03
 1.391842382E+03	 6.398200195E+03
 1.392372808E+03	 6.443799805E+03
 1.392903178E+03	 6.378399902E+03
 1.393433494E+03	 6.425399902E+03
 1.393963753E+03	 6.414000000E+03
 1.394493958E+03	 6.441399902E+03
 1.395024107E+03	 6.455000000E+03
 1.395554200E+03	 6.423799805E+03
 1.396084239E+03	 6.433399902E+03
 1.396614222E+03	 6.412799805E+03
 1.397144149E+03	 6.425200195E+03
 1.397674021E+03	 6.455200195E+03
 1.398203838E+03	 6.474799805E+03
 1.398733600E+03	 6.484799805E+03
 1.399263306E+03	 6.546200195E+03
 1.399792957E+03	 6.477799805E+03
 1.400322552E+03	 6.461600098E+03
 1.400852093E+03	 6.392399902E+03
 1.401381577E+03	 6.420799805E+03
 1.401911007E+03	 6.406200195E+03
 1.402440381E+03	 6.363200195E+03
 1.402969700E+03	 6.390799805E+03
 1.403498964E+03	 6.387200195E+03
 1.404028172E+03	 6.391000000E+03
 1.404557325E+03	 6.387600098E+03
 1.405086423E+03	 6.394000000E+03
 1.405615465E+03	 6.346600098E+03
 1.406144452E+03	 6.390200195E+03
 1.406673384E+03	 6.345399902E+03
 1.407202260E+03	 6.391399902E+03
 1.407731082E+03	 6.397600098E+03
 1.408259847E+03	 6.411799805E+03
 1.408788558E+03	 6.388200195E+03
 1.409317213E+03	 6.401399902E+03
 1.409845814E+03	 6.372000000E+03
 1.410374358E+03	 6.389799805E+03
 1.410902848E+03	 6.347399902E+03
 1.411431282E+03	 6.377600098E+03
 1.411959661E+03	 6.388000000E+03
 1.412487985E+03	 6.343399902E+03
 1.413016253E+03	 6.328399902E+03
 1.413544467E+03	 6.347000000E+03
 1.414072625E+03	 6.334200195E+03
 1.414600727E+03	 6.332600098E+03
 1.415128775E+03	 6.338600098E+03
 1.415656767E+03	 6.291600098E+03
 1.416184704E+03	 6.333000000E+03
 1.416712586E+03	 6.309399902E+03
 1.417240413E+03	 6.370200195E+03
 1.417768184E+03	 6.316200195E+03
 1.418295900E+03	 6.292000000E+03
 1.418823561E+03	 6.293799805E+03
 1.419351167E+03	 6.334200195E+03
 1.419878717E+03	 6.345799805E+03
 1.420406213E+03	 6.340600098E+03
 1.420933653E+03	 6.376600098E+03
 1.421461038E+03	 6.320600098E+03
 1.421988367E+03	 6.356200195E+03
 1.422515642E+03	 6.305600098E+03
 1.423042861E+03	 6.339399902E+03
 1.423570025E+03	 6.270600098E+03
 1.424097134E+03	 6.342600098E+03
 1.424624188E+03	 6.294600098E+03
 1.425151187E+03	 6.322799805E+03
 1.425678130E+03	 6.291000000E+03
 1.426205018E+03	 6.326200195E+03
 1.426731851E+03	 6.294799805E+03
 1.427258629E+03	 6.287000000E+03
 1.427785352E+03	 6.267799805E+03
 1.428312020E+03	 6.285799805E+03
 1.428838632E+03	 6.318399902E+03
 1.429365189E+03	 6.277000000E+03
 1.429891692E+03	 6.274000000E+03
 1.430418139E+03	 6.277600098E+03
 1.430944530E+03	 6.289200195E+03
 1.431470867E+03	 6.239600098E+03
 1.431997149E+03	 6.314000000E+03
 1.432523375E+03	 6.243000000E+03
 1.433049546E+03	 6.250000000E+03
 1.433575663E+03	 6.250200195E+03
 1.434101724E+03	 6.227799805E+03
 1.434627730E+03	 6.269200195E+03
 1.435153680E+03	 6.306000000E+03
 1.435679576E+03	 6.323799805E+03
 1.436205417E+03	 6.311600098E+03
 1.436731202E+03	 6.268200195E+03
 1.437256933E+03	 6.218200195E+03
 1.437782608E+03	 6.201200195E+03
 1.438308228E+03	 6.187399902E+03
 1.438833793E+03	 6.259000000E+03
 1.439359303E+03	 6.171200195E+03
 1.439884758E+03	 6.250600098E+03
 1.440410158E+03	 6.226799805E+03
 1.440935503E+03	 6.230000000E+03
 1.441460793E+03	 6.218799805E+03
 1.441986027E+03	 6.200000000E+03
 1.442511207E+03	 6.239600098E+03
 1.443036331E+03	 6.209399902E+03
 1.443561401E+03	 6.234799805E+03
 1.444086415E+03	 6.223600098E+03
 1.444611374E+03	 6.190000000E+03
 1.445136279E+03	 6.206799805E+03
 1.445661128E+03	 6.256200195E+03
 1.446185922E+03	 6.199600098E+03
 1.446710661E+03	 6.226000000E+03
 1.447235345E+03	 6.224200195E+03
 1.447759974E+03	 6.254399902E+03
 1.448284548E+03	 6.246000000E+03
 1.448809067E+03	 6.276600098E+03
 1.449333531E+03	 6.224200195E+03
 1.449857940E+03	 6.175200195E+03
 1.450382294E+03	 6.187000000E+03
 1.450906593E+03	 6.144799805E+03
 1.451430837E+03	 6.143000000E+03
 1.451955026E+03	 6.148799805E+03
 1.452479160E+03	 6.098600098E+03
 1.453003239E+03	 6.122600098E+03
 1.453527263E+03	 6.109600098E+03
 1.454051231E+03	 6.117399902E+03
 1.454575145E+03	 6.141200195E+03
 1.455099004E+03	 6.121399902E+03
 1.455622808E+03	 6.118000000E+03
 1.456146557E+03	 6.104399902E+03
 1.456670251E+03	 6.105000000E+03
 1.457193890E+03	 6.209000000E+03
 1.457717474E+03	 6.126000000E+03
 1.458241003E+03	 6.102799805E+03
 1.458764477E+03	 6.127000000E+03
 1.459287896E+03	 6.050200195E+03
 1.459811260E+03	 6.105799805E+03
 1.460334569E+03	 6.058000000E+03
 1.460857824E+03	 6.122799805E+03
 1.461381023E+03	 6.085000000E+03
 1.461904167E+03	 6.095000000E+03
 1.462427257E+03	 6.048200195E+03
 1.462950291E+03	 6.082399902E+03
 1.463473271E+03	 6.072799805E+03
 1.463996195E+03	 6.094399902E+03
 1.464519065E+03	 6.064600098E+03
 1.465041879E+03	 6.124799805E+03
 1.465564639E+03	 6.098399902E+03
 1.466087344E+03	 6.130799805E+03
 1.466609994E+03	 6.067399902E+03
 1.467132589E+03	 6.036600098E+03
 1.467655129E+03	 6.094200195E+03
 1.468177614E+03	 6.045000000E+03
 1.468700045E+03	 6.074000000E+03
 1.469222420E+03	 6.011600098E+03
 1.469744741E+03	 5.994399902E+03
 1.470267006E+03	 6.029799805E+03
 1.470789217E+03	 6.002600098E+03
 1.471311373E+03	 5.977399902E+03
 1.471833474E+03	 5.973600098E+03
 1.472355520E+03	 6.013000000E+03
 1.472877511E+03	 6.009600098E+03
 1.473399447E+03	 5.998399902E+03
 1.473921329E+03	 5.990200195E+03
 1.474443155E+03	 5.992799805E+03
 1.474964927E+03	 5.977600098E+03
 1.475486644E+03	 5.982200195E+03
 1.476008306E+03	 5.949799805E+03
 1.476529913E+03	 5.997000000E+03
 1.477051465E+03	 5.975399902E+03
 1.477572962E+03	 5.983399902E+03
 1.478094405E+03	 6.001399902E+03
 1.478615793E+03	 5.970200195E+03
 1.479137126E+03	 5.966200195E+03
 1.479658404E+03	 5.960000000E+03
 1.480179627E+03	 5.925200195E+03
 1.480700795E+03	 5.953799805E+03
 1.481221909E+03	 5.988399902E+03
 1.481742967E+03	 5.918799805E+03
 1.482263971E+03	 5.994600098E+03
 1.482784920E+03	 5.971000000E+03
 1.483305815E+03	 6.018200195E+03
 1.483826654E+03	 5.942399902E+03
 1.484347439E+03	 5.911000000E+03
 1.484868169E+03	 5.933200195E+03
 1.485388844E+03	 5.884600098E+03
 1.485909464E+03	 5.922000000E+03
 1.486430030E+03	 5.903399902E+03
 1.486950540E+03	 5.930000000E+03
 1.487470996E+03	 5.892200195E+03
 1.487991397E+03	 5.899600098E+03
 1.488511744E+03	 5.861200195E+03
 1.489032035E+03	 5.905799805E+03
 1.489552272E+03	 5.919200195E+03
 1.490072454E+03	 5.901399902E+03
 1.490592581E+03	 5.916600098E+03
 1.491112654E+03	 5.898600098E+03
 1.491632671E+03	 5.902000000E+03
 1.492152634E+03	 5.883399902E+03
 1.492672542E+03	 5.861399902E+03
 1.493192396E+03	 5.862200195E+03
 1.493712195E+03	 5.859000000E+03
 1.494231939E+03	 5.864000000E+03
 1.494751628E+03	 5.857200195E+03
 1.495271262E+03	 5.806399902E+03
 1.495790842E+03	 5.858799805E+03
 1.496310367E+03	 5.798000000E+03
 1.496829837E+03	 5.824799805E+03
 1.497349253E+03	 5.869399902E+03
 1.497868614E+03	 5.799799805E+03
 1.498387920E+03	 5.826000000E+03
 1.498907171E+03	 5.839200195E+03
 1.499426368E+03	 5.824399902E+03
 1.499945510E+03	 5.801799805E+03
 1.500464597E+03	 5.812600098E+03
 1.500983630E+03	 5.789399902E+03
 1.501502607E+03	 5.830799805E+03
 1.502021531E+03	 5.782000000E+03
 1.502540399E+03	 5.768000000E+03
 1.503059213E+03	 5.808399902E+03
 1.503577972E+03	 5.804799805E+03
 1.504096676E+03	 5.836000000E+03
 1.504615326E+03	 5.755399902E+03
 1.505133921E+03	 5.763000000E+03
 1.505652462E+03	 5.769600098E+03
 1.506170947E+03	 5.812200195E+03
 1.506689378E+03	 5.762000000E+03
 1.507207755E+03	 5.735399902E+03
 1.507726077E+03	 5.752399902E+03
 1.508244344E+03	 5.783399902E+03
 1.508762556E+03	 5.760399902E+03
 1.509280714E+03	 5.772399902E+03
 1.509798817E+03	 5.750000000E+03
 1.510316865E+03	 5.844600098E+03
 1.510834859E+03	 5.766799805E+03
 1.511352799E+03	 5.749799805E+03
 1.511870683E+03	 5.782600098E+03
 1.512388513E+03	 5.712200195E+03
 1.512906288E+03	 5.729399902E+03
 1.513424009E+03	 5.724600098E+03
 1.513941675E+03	 5.766399902E+03
 1.514459287E+03	 5.730399902E+03
 1.514976843E+03	 5.717000000E+03
 1.515494346E+03	 5.730000000E+03
 1.516011793E+03	 5.723000000E+03
 1.516529186E+03	 5.717799805E+03
 1.517046525E+03	 5.716600098E+03
 1.517563809E+03	 5.704399902E+03
 1.518081038E+03	 5.716799805E+03
 1.518598212E+03	 5.725799805E+03
 1.519115332E+03	 5.699799805E+03
 1.519632398E+03	 5.695399902E+03
 1.520149409E+03	 5.689399902E+03
 1.520666365E+03	 5.703399902E+03
 1.521183267E+03	 5.699399902E+03
 1.521700114E+03	 5.700200195E+03
 1.522216907E+03	 5.683600098E+03
 1.522733645E+03	 5.740000000E+03
 1.523250328E+03	 5.655399902E+03
 1.523766957E+03	 5.695600098E+03
 1.524283531E+03	 5.727399902E+03
 1.524800051E+03	 5.697200195E+03
 1.525316516E+03	 5.700000000E+03
 1.525832927E+03	 5.718799805E+03
 1.526349283E+03	 5.675799805E+03
 1.526865585E+03	 5.689600098E+03
 1.527381832E+03	 5.703000000E+03
 1.527898025E+03	 5.750000000E+03
 1.528414163E+03	 5.754600098E+03
 1.528930246E+03	 5.767799805E+03
 1.529446275E+03	 5.737200195E+03
 1.529962250E+03	 5.683799805E+03
 1.530478170E+03	 5.686600098E+03
 1.530994035E+03	 5.658600098E+03
 1.531509846E+03	 5.708200195E+03
 1.532025602E+03	 5.692399902E+03
 1.532541304E+03	 5.678000000E+03
 1.533056952E+03	 5.686399902E+03
 1.533572545E+03	 5.702399902E+03
 1.534088083E+03	 5.655200195E+03
 1.534603567E+03	 5.678600098E+03
 1.535118997E+03	 5.679200195E+03
 1.535634372E+03	 5.674000000E+03
 1.536149692E+03	 5.650399902E+03
 1.536664958E+03	 5.690200195E+03
 1.537180170E+03	 5.659200195E+03
 1.537695327E+03	 5.643600098E+03
 1.538210429E+03	 5.703799805E+03
 1.538725477E+03	 5.664600098E+03
 1.539240471E+03	 5.694399902E+03
 1.539755410E+03	 5.686399902E+03
 1.540270295E+03	 5.646399902E+03
 1.540785126E+03	 5.662200195E+03
 1.541299901E+03	 5.676000000E+03
 1.541814623E+03	 5.684799805E+03
 1.542329290E+03	 5.683799805E+03
 1.542843903E+03	 5.724000000E+03
 1.543358461E+03	 5.599399902E+03
 1.543872964E+03	 5.682000000E+03
 1.544387414E+03	 5.690399902E+03
 1.544901809E+03	 5.636399902E+03
 1.545416149E+03	 5.631600098E+03
 1.545930435E+03	 5.649000000E+03
 1.546444667E+03	 5.654000000E+03
 1.546958844E+03	 5.621799805E+03
 1.547472967E+03	 5.682200195E+03
 1.547987035E+03	 5.640799805E+03
 1.548501049E+03	 5.661200195E+03
 1.549015009E+03	 5.638000000E+03
 1.549528914E+03	 5.634799805E+03
 1.550042765E+03	 5.655200195E+03
 1.550556561E+03	 5.644399902E+03
 1.551070303E+03	 5.618399902E+03
 1.551583991E+03	 5.630799805E+03
 1.552097624E+03	 5.641000000E+03
 1.552611203E+03	 5.685000000E+03
 1.553124728E+03	 5.684600098E+03
 1.553638198E+03	 5.695799805E+03
 1.554151614E+03	 5.638000000E+03
 1.554664975E+03	 5.667200195E+03
 1.555178282E+03	 5.640200195E+03
 1.555691535E+03	 5.607000000E+03
 1.556204733E+03	 5.591200195E+03
 1.556717877E+03	 5.589399902E+03
 1.557230967E+03	 5.628399902E+03
 1.557744003E+03	 5.647200195E+03
 1.558256984E+03	 5.633200195E+03
 1.558769910E+03	 5.641000000E+03
 1.559282783E+03	 5.645799805E+03
 1.559795601E+03	 5.644000000E+03
 1.560308364E+03	 5.606799805E+03
 1.560821074E+03	 5.637399902E+03
 1.561333729E+03	 5.620000000E+03
 1.561846330E+03	 5.638600098E+03
 1.562358876E+03	 5.635399902E+03
 1.562871368E+03	 5.603799805E+03
 1.563383806E+03	 5.645799805E+03
 1.563896190E+03	 5.621000000E+03
 1.564408519E+03	 5.654799805E+03
 1.564920794E+03	 5.657200195E+03
 1.565433015E+03	 5.659000000E+03
 1.565945181E+03	 5.649399902E+03
 1.566457293E+03	 5.679399902E+03
 1.566969351E+03	 5.650200195E+03
 1.567481355E+03	 5.717000000E+03
 1.567993304E+03	 5.666000000E+03
 1.568505199E+03	 5.653000000E+03
 1.569017040E+03	 5.634200195E+03
 1.569528826E+03	 5.604600098E+03
 1.570040558E+03	 5.604000000E+03
 1.570552236E+03	 5.654600098E+03
 1.571063860E+03	 5.680600098E+03
 1.571575429E+03	 5.658799805E+03
 1.572086945E+03	 5.615000000E+03
 1.572598406E+03	 5.638000000E+03
 1.573109812E+03	 5.559399902E+03
 1.573621165E+03	 5.635000000E+03
 1.574132463E+03	 5.585799805E+03
 1.574643707E+03	 5.598600098E+03
 1.575154897E+03	 5.590799805E+03
 1.575666033E+03	 5.600399902E+03
 1.576177114E+03	 5.610399902E+03
 1.576688141E+03	 5.614799805E+03
 1.577199114E+03	 5.639600098E+03
 1.577710033E+03	 5.656799805E+03
 1.578220897E+03	 5.661600098E+03
 1.578731708E+03	 5.609200195E+03
 1.579242464E+03	 5.639200195E+03
 1.579753166E+03	 5.588399902E+03
 1.580263813E+03	 5.568200195E+03
 1.580774407E+03	 5.567799805E+03
 1.581284946E+03	 5.584200195E+03
 1.581795432E+03	 5.548799805E+03
 1.582305863E+03	 5.567000000E+03
 1.582816239E+03	 5.567200195E+03
 1.583326562E+03	 5.541600098E+03
 1.583836831E+03	 5.534399902E+03
 1.584347045E+03	 5.548600098E+03
 1.584857205E+03	 5.546200195E+03
 1.585367311E+03	 5.529799805E+03
 1.585877363E+03	 5.582399902E+03
 1.586387361E+03	 5.523200195E+03
 1.586897304E+03	 5.602399902E+03
 1.587407194E+03	 5.617600098E+03
 1.587917029E+03	 5.590600098E+03
 1.588426810E+03	 5.583799805E+03
 1.588936537E+03	 5.552799805E+03
 1.589446210E+03	 5.578200195E+03
 1.589955829E+03	 5.585399902E+03
 1.590465393E+03	 5.550799805E+03
 1.590974904E+03	 5.549600098E+03
 1.591484360E+03	 5.566200195E+03
 1.591993762E+03	 5.580200195E+03
 1.592503110E+03	 5.552799805E+03
