 1.068661358E+03	 7.087999878E+02
 1.069225567E+03	 7.145999756E+02
 1.069789718E+03	 7.065999756E+02
 1.070353811E+03	 7.124000244E+02
 1.070917846E+03	 7.122000122E+02
 1.071481823E+03	 7.037999878E+02
 1.072045743E+03	 7.045999756E+02
 1.072609604E+03	 7.054000244E+02
 1.073173408E+03	 7.060000000E+02
 1.073737153E+03	 7.012000122E+02
 1.074300841E+03	 7.052000122E+02
 1.074864471E+03	 7.044000244E+02
 1.075428043E+03	 7.072000122E+02
 1.075991557E+03	 7.030000000E+02
 1.076555013E+03	 7.045999756E+02
 1.077118411E+03	 7.057999878E+02
 1.077681751E+03	 7.054000244E+02
 1.078245033E+03	 6.965999756E+02
 1.078808258E+03	 7.015999756E+02
 1.079371424E+03	 7.035999756E+02
 1.079934533E+03	 7.002000122E+02
 1.080497584E+03	 7.042000122E+02
 1.081060577E+03	 7.024000244E+02
 1.081623512E+03	 7.022000122E+02
 1.082186389E+03	 7.024000244E+02
 1.082749209E+03	 7.050000000E+02
 1.083311970E+03	 6.987999878E+02
 1.083874674E+03	 7.034000244E+02
 1.084437319E+03	 7.030000000E+02
 1.084999907E+03	 7.022000122E+02
 1.085562438E+03	 7.017999878E+02
 1.086124910E+03	 6.972000122E+02
 1.086687324E+03	 7.017999878E+02
 1.087249681E+03	 7.004000244E+02
 1.087811980E+03	 7.037999878E+02
 1.088374221E+03	 7.024000244E+02
 1.088936404E+03	 7.030000000E+02
 1.089498529E+03	 7.014000244E+02
 1.090060597E+03	 6.985999756E+02
 1.090622607E+03	 7.017999878E+02
 1.091184559E+03	 7.020000000E+02
 1.091746453E+03	 7.004000244E+02
 1.092308289E+03	 6.994000244E+02
 1.092870068E+03	 7.022000122E+02
 1.093431789E+03	 7.022000122E+02
 1.093993452E+03	 6.994000244E+02
 1.094555057E+03	 7.004000244E+02
 1.095116604E+03	 6.994000244E+02
 1.095678094E+03	 7.027999878E+02
 1.096239526E+03	 7.037999878E+02
 1.096800900E+03	 7.000000000E+02
 1.097362217E+03	 7.015999756E+02
 1.097923475E+03	 7.000000000E+02
 1.098484676E+03	 6.992000122E+02
 1.099045819E+03	 6.987999878E+02
 1.099606905E+03	 6.980000000E+02
 1.100167932E+03	 7.025999756E+02
 1.100728902E+03	 7.027999878E+02
 1.101289815E+03	 7.040000000E+02
 1.101850669E+03	 6.985999756E+02
 1.102411466E+03	 6.992000122E+02
 1.102972205E+03	 7.035999756E+02
 1.103532886E+03	 7.024000244E+02
 1.104093510E+03	 7.007999878E+02
 1.104654076E+03	 7.022000122E+02
 1.105214584E+03	 7.002000122E+02
 1.105775035E+03	 6.980000000E+02
 1.106335428E+03	 6.987999878E+02
 1.106895763E+03	 7.014000244E+02
 1.107456041E+03	 7.055999756E+02
 1.108016260E+03	 7.037999878E+02
 1.108576423E+03	 7.074000244E+02
 1.109136527E+03	 7.057999878E+02
 1.109696574E+03	 7.034000244E+02
 1.110256563E+03	 7.052000122E+02
 1.110816494E+03	 7.042000122E+02
 1.111376368E+03	 7.122000122E+02
 1.111936184E+03	 7.065999756E+02
 1.112495943E+03	 7.024000244E+02
 1.113055644E+03	 7.040000000E+02
 1.113615287E+03	 7.092000122E+02
 1.114174873E+03	 7.040000000E+02
 1.114734401E+03	 7.102000122E+02
 1.115293871E+03	 7.014000244E+02
 1.115853284E+03	 7.092000122E+02
 1.116412639E+03	 7.037999878E+02
 1.116971936E+03	 7.027999878E+02
 1.117531176E+03	 7.015999756E+02
 1.118090359E+03	 6.982000122E+02
 1.118649483E+03	 7.037999878E+02
 1.119208550E+03	 6.990000000E+02
 1.119767560E+03	 6.992000122E+02
 1.120326512E+03	 7.022000122E+02
 1.120885406E+03	 7.002000122E+02
 1.121444243E+03	 7.027999878E+02
 1.122003022E+03	 7.002000122E+02
 1.122561743E+03	 7.002000122E+02
 1.123120407E+03	 7.097999878E+02
 1.123679014E+03	 7.015999756E+02
 1.124237562E+03	 6.994000244E+02
 1.124796054E+03	 6.985999756E+02
 1.125354487E+03	 6.972000122E+02
 1.125912864E+03	 7.015999756E+02
 1.126471182E+03	 6.984000244E+02
 1.127029443E+03	 7.007999878E+02
 1.127587647E+03	 7.020000000E+02
 1.128145793E+03	 7.012000122E+02
 1.128703881E+03	 7.010000000E+02
 1.129261912E+03	 6.974000244E+02
 1.129819886E+03	 6.990000000E+02
 1.130377801E+03	 6.954000244E+02
 1.130935660E+03	 6.974000244E+02
 1.131493461E+03	 7.040000000E+02
 1.132051204E+03	 6.980000000E+02
 1.132608890E+03	 6.990000000E+02
 1.133166518E+03	 7.007999878E+02
 1.133724089E+03	 6.992000122E+02
 1.134281602E+03	 7.004000244E+02
 1.134839058E+03	 6.972000122E+02
 1.135396457E+03	 7.035999756E+02
 1.135953798E+03	 6.975999756E+02
 1.136511081E+03	 6.997999878E+02
 1.137068307E+03	 7.015999756E+02
 1.137625475E+03	 6.985999756E+02
 1.138182586E+03	 6.990000000E+02
 1.138739640E+03	 6.975999756E+02
 1.139296636E+03	 6.985999756E+02
 1.139853575E+03	 6.980000000E+02
 1.140410456E+03	 6.940000000E+02
 1.140967280E+03	 6.994000244E+02
 1.141524046E+03	 6.980000000E+02
 1.142080755E+03	 7.005999756E+02
 1.142637406E+03	 7.002000122E+02
 1.143194000E+03	 7.000000000E+02
 1.143750537E+03	 6.977999878E+02
 1.144307016E+03	 7.005999756E+02
 1.144863438E+03	 6.970000000E+02
 1.145419802E+03	 6.990000000E+02
 1.145976109E+03	 7.015999756E+02
 1.146532358E+03	 7.002000122E+02
 1.147088550E+03	 7.014000244E+02
 1.147644685E+03	 6.980000000E+02
 1.148200762E+03	 7.012000122E+02
 1.148756782E+03	 6.992000122E+02
 1.149312745E+03	 7.002000122E+02
 1.149868650E+03	 7.022000122E+02
 1.150424498E+03	 6.992000122E+02
 1.150980288E+03	 6.977999878E+02
 1.151536021E+03	 6.984000244E+02
 1.152091697E+03	 6.984000244E+02
 1.152647315E+03	 6.984000244E+02
 1.153202876E+03	 6.990000000E+02
 1.153758380E+03	 6.972000122E+02
 1.154313826E+03	 6.970000000E+02
 1.154869215E+03	 6.984000244E+02
 1.155424546E+03	 6.954000244E+02
 1.155979821E+03	 6.992000122E+02
 1.156535037E+03	 6.982000122E+02
 1.157090197E+03	 7.020000000E+02
 1.157645299E+03	 6.970000000E+02
 1.158200344E+03	 6.960000000E+02
 1.158755332E+03	 7.015999756E+02
 1.159310262E+03	 6.995999756E+02
 1.159865135E+03	 6.947999878E+02
 1.160419951E+03	 6.964000244E+02
 1.160974709E+03	 6.977999878E+02
 1.161529410E+03	 6.980000000E+02
 1.162084054E+03	 6.992000122E+02
 1.162638640E+03	 7.002000122E+02
 1.163193169E+03	 7.005999756E+02
 1.163747641E+03	 7.025999756E+02
 1.164302056E+03	 6.967999878E+02
 1.164856413E+03	 6.980000000E+02
 1.165410713E+03	 6.984000244E+02
 1.165964956E+03	 6.994000244E+02
 1.166519142E+03	 6.967999878E+02
 1.167073270E+03	 7.004000244E+02
 1.167627341E+03	 7.010000000E+02
 1.168181355E+03	 6.944000244E+02
 1.168735311E+03	 7.015999756E+02
 1.169289210E+03	 6.964000244E+02
 1.169843052E+03	 7.035999756E+02
 1.170396837E+03	 6.977999878E+02
 1.170950565E+03	 7.005999756E+02
 1.171504235E+03	 6.997999878E+02
 1.172057848E+03	 7.005999756E+02
 1.172611404E+03	 6.984000244E+02
 1.173164903E+03	 7.020000000E+02
 1.173718344E+03	 6.985999756E+02
 1.174271729E+03	 6.980000000E+02
 1.174825056E+03	 6.994000244E+02
 1.175378326E+03	 7.010000000E+02
 1.175931538E+03	 6.970000000E+02
 1.176484694E+03	 6.950000000E+02
 1.177037792E+03	 7.045999756E+02
 1.177590833E+03	 7.005999756E+02
 1.178143817E+03	 6.960000000E+02
 1.178696744E+03	 6.987999878E+02
 1.179249613E+03	 6.987999878E+02
 1.179802426E+03	 6.992000122E+02
 1.180355181E+03	 7.030000000E+02
 1.180907879E+03	 7.030000000E+02
 1.181460520E+03	 7.052000122E+02
 1.182013104E+03	 7.034000244E+02
 1.182565631E+03	 7.035999756E+02
 1.183118100E+03	 7.054000244E+02
 1.183670512E+03	 7.055999756E+02
 1.184222868E+03	 7.045999756E+02
 1.184775166E+03	 7.007999878E+02
 1.185327407E+03	 7.064000244E+02
 1.185879590E+03	 7.030000000E+02
 1.186431717E+03	 7.032000122E+02
 1.186983787E+03	 7.047999878E+02
 1.187535799E+03	 7.052000122E+02
 1.188087755E+03	 7.067999878E+02
 1.188639653E+03	 7.037999878E+02
 1.189191494E+03	 7.034000244E+02
 1.189743278E+03	 7.040000000E+02
 1.190295005E+03	 7.042000122E+02
 1.190846675E+03	 6.987999878E+02
 1.191398288E+03	 7.014000244E+02
 1.191949844E+03	 7.050000000E+02
 1.192501342E+03	 6.994000244E+02
 1.193052784E+03	 7.015999756E+02
 1.193604168E+03	 7.002000122E+02
 1.194155496E+03	 7.005999756E+02
 1.194706766E+03	 7.034000244E+02
 1.195257979E+03	 6.994000244E+02
 1.195809136E+03	 6.995999756E+02
 1.196360235E+03	 7.035999756E+02
 1.196911277E+03	 7.000000000E+02
 1.197462262E+03	 6.945999756E+02
 1.198013190E+03	 6.997999878E+02
 1.198564061E+03	 7.005999756E+02
 1.199114876E+03	 6.997999878E+02
 1.199665633E+03	 6.970000000E+02
 1.200216333E+03	 6.992000122E+02
 1.200766976E+03	 6.962000122E+02
 1.201317561E+03	 6.975999756E+02
 1.201868090E+03	 7.002000122E+02
 1.202418562E+03	 7.010000000E+02
 1.202968977E+03	 7.014000244E+02
 1.203519335E+03	 6.995999756E+02
 1.204069636E+03	 7.024000244E+02
 1.204619880E+03	 6.957999878E+02
 1.205170067E+03	 6.944000244E+02
 1.205720197E+03	 7.005999756E+02
 1.206270270E+03	 7.002000122E+02
 1.206820286E+03	 6.995999756E+02
 1.207370245E+03	 6.994000244E+02
 1.207920148E+03	 7.027999878E+02
 1.208469993E+03	 6.997999878E+02
 1.209019781E+03	 7.002000122E+02
 1.209569512E+03	 7.002000122E+02
 1.210119186E+03	 7.044000244E+02
 1.210668804E+03	 7.004000244E+02
 1.211218364E+03	 6.997999878E+02
 1.211767868E+03	 7.005999756E+02
 1.212317314E+03	 7.005999756E+02
 1.212866704E+03	 7.007999878E+02
 1.213416037E+03	 7.047999878E+02
 1.213965312E+03	 7.034000244E+02
 1.214514531E+03	 7.015999756E+02
 1.215063693E+03	 7.044000244E+02
 1.215612798E+03	 7.020000000E+02
 1.216161846E+03	 7.060000000E+02
 1.216710837E+03	 7.054000244E+02
 1.217259772E+03	 7.034000244E+02
 1.217808649E+03	 7.012000122E+02
 1.218357470E+03	 7.024000244E+02
 1.218906233E+03	 7.190000000E+02
 1.219454940E+03	 7.022000122E+02
 1.220003590E+03	 7.015999756E+02
 1.220552183E+03	 7.060000000E+02
 1.221100719E+03	 7.047999878E+02
 1.221649198E+03	 7.065999756E+02
 1.222197621E+03	 7.064000244E+02
 1.222745986E+03	 7.007999878E+02
 1.223294295E+03	 7.035999756E+02
 1.223842547E+03	 7.035999756E+02
 1.224390742E+03	 7.050000000E+02
 1.224938880E+03	 7.042000122E+02
 1.225486961E+03	 7.104000244E+02
 1.226034986E+03	 7.035999756E+02
 1.226582954E+03	 7.032000122E+02
 1.227130864E+03	 7.084000244E+02
 1.227678718E+03	 7.065999756E+02
 1.228226516E+03	 7.100000000E+02
 1.228774256E+03	 7.064000244E+02
 1.229321940E+03	 7.104000244E+02
 1.229869566E+03	 7.062000122E+02
 1.230417136E+03	 7.075999756E+02
 1.230964649E+03	 7.054000244E+02
 1.231512106E+03	 7.045999756E+02
 1.232059505E+03	 7.044000244E+02
 1.232606848E+03	 7.082000122E+02
 1.233154134E+03	 7.060000000E+02
 1.233701363E+03	 7.082000122E+02
 1.234248536E+03	 7.094000244E+02
 1.234795651E+03	 7.062000122E+02
 1.235342710E+03	 7.015999756E+02
 1.235889712E+03	 7.017999878E+02
 1.236436658E+03	 7.044000244E+02
 1.236983546E+03	 7.125999756E+02
 1.237530378E+03	 7.102000122E+02
 1.238077153E+03	 7.074000244E+02
 1.238623872E+03	 7.072000122E+02
 1.239170534E+03	 7.057999878E+02
 1.239717138E+03	 7.072000122E+02
 1.240263687E+03	 7.104000244E+02
 1.240810178E+03	 7.095999756E+02
 1.241356613E+03	 7.072000122E+02
 1.241902991E+03	 7.092000122E+02
 1.242449312E+03	 7.080000000E+02
 1.242995577E+03	 7.074000244E+02
 1.243541785E+03	 7.092000122E+02
 1.244087936E+03	 7.084000244E+02
 1.244634030E+03	 7.052000122E+02
 1.245180068E+03	 7.072000122E+02
 1.245726049E+03	 7.112000122E+02
 1.246271973E+03	 7.095999756E+02
 1.246817841E+03	 7.114000244E+02
 1.247363652E+03	 7.140000000E+02
 1.247909407E+03	 7.122000122E+02
 1.248455104E+03	 7.112000122E+02
 1.249000745E+03	 7.114000244E+02
 1.249546330E+03	 7.080000000E+02
 1.250091857E+03	 7.135999756E+02
 1.250637328E+03	 7.127999878E+02
 1.251182743E+03	 7.125999756E+02
 1.251728100E+03	 7.132000122E+02
 1.252273402E+03	 7.117999878E+02
 1.252818646E+03	 7.154000244E+02
 1.253363834E+03	 7.095999756E+02
 1.253908965E+03	 7.125999756E+02
 1.254454040E+03	 7.104000244E+02
 1.254999057E+03	 7.177999878E+02
 1.255544019E+03	 7.145999756E+02
 1.256088923E+03	 7.162000122E+02
 1.256633772E+03	 7.187999878E+02
 1.257178563E+03	 7.227999878E+02
 1.257723298E+03	 7.302000122E+02
 1.258267976E+03	 7.332000122E+02
 1.258812598E+03	 7.315999756E+02
 1.259357163E+03	 7.360000000E+02
 1.259901671E+03	 7.380000000E+02
 1.260446123E+03	 7.360000000E+02
 1.260990519E+03	 7.462000122E+02
 1.261534857E+03	 7.545999756E+02
 1.262079139E+03	 7.652000122E+02
 1.262623365E+03	 7.752000122E+02
 1.263167534E+03	 7.844000244E+02
 1.263711647E+03	 7.717999878E+02
 1.264255702E+03	 7.604000244E+02
 1.264799702E+03	 7.507999878E+02
 1.265343645E+03	 7.452000122E+02
 1.265887531E+03	 7.430000000E+02
 1.266431361E+03	 7.354000244E+02
 1.266975134E+03	 7.320000000E+02
 1.267518850E+03	 7.305999756E+02
 1.268062511E+03	 7.277999878E+02
 1.268606114E+03	 7.245999756E+02
 1.269149661E+03	 7.362000122E+02
 1.269693152E+03	 7.295999756E+02
 1.270236586E+03	 7.300000000E+02
 1.270779963E+03	 7.310000000E+02
 1.271323284E+03	 7.282000122E+02
 1.271866549E+03	 7.277999878E+02
 1.272409757E+03	 7.265999756E+02
 1.272952909E+03	 7.287999878E+02
 1.273496004E+03	 7.300000000E+02
 1.274039042E+03	 7.287999878E+02
 1.274582024E+03	 7.342000122E+02
 1.275124950E+03	 7.332000122E+02
 1.275667819E+03	 7.347999878E+02
 1.276210632E+03	 7.370000000E+02
 1.276753388E+03	 7.390000000E+02
 1.277296088E+03	 7.407999878E+02
 1.277838731E+03	 7.385999756E+02
 1.278381318E+03	 7.484000244E+02
 1.278923848E+03	 7.632000122E+02
 1.279466322E+03	 7.697999878E+02
 1.280008739E+03	 7.920000000E+02
 1.280551101E+03	 8.324000244E+02
 1.281093405E+03	 9.024000244E+02
 1.281635653E+03	 1.064400024E+03
 1.282177845E+03	 1.395599976E+03
 1.282719980E+03	 1.869599976E+03
 1.283262059E+03	 2.039000000E+03
 1.283804082E+03	 1.667800049E+03
 1.284346048E+03	 1.230000000E+03
 1.284887958E+03	 9.874000244E+02
 1.285429811E+03	 8.875999756E+02
 1.285971608E+03	 8.225999756E+02
 1.286513348E+03	 7.892000122E+02
 1.287055032E+03	 7.732000122E+02
 1.287596660E+03	 7.584000244E+02
 1.288138231E+03	 7.527999878E+02
 1.288679746E+03	 7.440000000E+02
 1.289221205E+03	 7.407999878E+02
 1.289762607E+03	 7.345999756E+02
 1.290303953E+03	 7.374000244E+02
 1.290845242E+03	 7.312000122E+02
 1.291386475E+03	 7.367999878E+02
 1.291927652E+03	 7.334000244E+02
 1.292468773E+03	 7.257999878E+02
 1.293009837E+03	 7.305999756E+02
 1.293550844E+03	 7.290000000E+02
 1.294091796E+03	 7.297999878E+02
 1.294632691E+03	 7.232000122E+02
 1.295173529E+03	 7.214000244E+02
 1.295714312E+03	 7.244000244E+02
 1.296255038E+03	 7.260000000E+02
 1.296795708E+03	 7.285999756E+02
 1.297336321E+03	 7.262000122E+02
 1.297876878E+03	 7.220000000E+02
 1.298417379E+03	 7.172000122E+02
 1.298957823E+03	 7.214000244E+02
 1.299498212E+03	 7.190000000E+02
 1.300038543E+03	 7.202000122E+02
 1.300578819E+03	 7.175999756E+02
 1.301119038E+03	 7.207999878E+02
 1.301659201E+03	 7.195999756E+02
 1.302199308E+03	 7.177999878E+02
 1.302739359E+03	 7.147999878E+02
 1.303279353E+03	 7.184000244E+02
 1.303819291E+03	 7.190000000E+02
 1.304359173E+03	 7.184000244E+02
 1.304898998E+03	 7.150000000E+02
 1.305438767E+03	 7.137999878E+02
 1.305978480E+03	 7.150000000E+02
 1.306518137E+03	 7.190000000E+02
 1.307057737E+03	 7.102000122E+02
 1.307597281E+03	 7.172000122E+02
 1.308136769E+03	 7.135999756E+02
 1.308676201E+03	 7.182000122E+02
 1.309215576E+03	 7.120000000E+02
 1.309754896E+03	 7.120000000E+02
 1.310294159E+03	 7.112000122E+02
 1.310833365E+03	 7.137999878E+02
 1.311372516E+03	 7.160000000E+02
 1.311911610E+03	 7.164000244E+02
 1.312450649E+03	 7.127999878E+02
 1.312989631E+03	 7.152000122E+02
 1.313528556E+03	 7.150000000E+02
 1.314067426E+03	 7.117999878E+02
 1.314606239E+03	 7.150000000E+02
 1.315144997E+03	 7.122000122E+02
 1.315683698E+03	 7.127999878E+02
 1.316222343E+03	 7.102000122E+02
 1.316760931E+03	 7.092000122E+02
 1.317299464E+03	 7.144000244E+02
 1.317837940E+03	 7.107999878E+02
 1.318376360E+03	 7.155999756E+02
 1.318914724E+03	 7.105999756E+02
 1.319453032E+03	 7.100000000E+02
 1.319991284E+03	 7.094000244E+02
 1.320529480E+03	 7.152000122E+02
 1.321067619E+03	 7.140000000E+02
 1.321605702E+03	 7.092000122E+02
 1.322143729E+03	 7.100000000E+02
 1.322681701E+03	 7.070000000E+02
 1.323219615E+03	 7.102000122E+02
 1.323757474E+03	 7.100000000E+02
 1.324295277E+03	 7.117999878E+02
 1.324833023E+03	 7.074000244E+02
 1.325370714E+03	 7.125999756E+02
 1.325908348E+03	 7.105999756E+02
 1.326445927E+03	 7.090000000E+02
 1.326983449E+03	 7.112000122E+02
 1.327520915E+03	 7.115999756E+02
 1.328058325E+03	 7.132000122E+02
 1.328595679E+03	 7.090000000E+02
 1.329132976E+03	 7.055999756E+02
 1.329670218E+03	 7.140000000E+02
 1.330207404E+03	 7.067999878E+02
 1.330744533E+03	 7.154000244E+02
 1.331281607E+03	 7.082000122E+02
 1.331818624E+03	 7.095999756E+02
 1.332355586E+03	 7.097999878E+02
 1.332892491E+03	 7.107999878E+02
 1.333429340E+03	 7.154000244E+02
 1.333966134E+03	 7.060000000E+02
 1.334502871E+03	 7.117999878E+02
 1.335039552E+03	 7.094000244E+02
 1.335576177E+03	 7.120000000E+02
 1.336112746E+03	 7.140000000E+02
 1.336649259E+03	 7.094000244E+02
 1.337185716E+03	 7.140000000E+02
 1.337722117E+03	 7.125999756E+02
 1.338258462E+03	 7.087999878E+02
 1.338794751E+03	 7.075999756E+02
 1.339330984E+03	 7.110000000E+02
 1.339867161E+03	 7.142000122E+02
 1.340403282E+03	 7.090000000E+02
 1.340939347E+03	 7.105999756E+02
 1.341475356E+03	 7.097999878E+02
 1.342011309E+03	 7.105999756E+02
 1.342547206E+03	 7.097999878E+02
 1.343083047E+03	 7.117999878E+02
 1.343618832E+03	 7.114000244E+02
 1.344154562E+03	 7.127999878E+02
 1.344690235E+03	 7.110000000E+02
 1.345225852E+03	 7.084000244E+02
 1.345761413E+03	 7.100000000E+02
 1.346296918E+03	 7.102000122E+02
 1.346832368E+03	 7.162000122E+02
 1.347367761E+03	 7.105999756E+02
 1.347903098E+03	 7.105999756E+02
 1.348438380E+03	 7.157999878E+02
 1.348973605E+03	 7.154000244E+02
 1.349508775E+03	 7.144000244E+02
 1.350043889E+03	 7.084000244E+02
 1.350578946E+03	 7.154000244E+02
 1.351113948E+03	 7.120000000E+02
 1.351648894E+03	 7.157999878E+02
 1.352183784E+03	 7.157999878E+02
 1.352718618E+03	 7.120000000E+02
 1.353253397E+03	 7.170000000E+02
 1.353788119E+03	 7.100000000E+02
 1.354322785E+03	 7.165999756E+02
 1.354857396E+03	 7.122000122E+02
 1.355391950E+03	 7.075999756E+02
 1.355926449E+03	 7.187999878E+02
 1.356460892E+03	 7.115999756E+02
 1.356995279E+03	 7.114000244E+02
 1.357529610E+03	 7.154000244E+02
 1.358063885E+03	 7.197999878E+02
 1.358598105E+03	 7.174000244E+02
 1.359132268E+03	 7.137999878E+02
 1.359666376E+03	 7.142000122E+02
 1.360200428E+03	 7.170000000E+02
 1.360734424E+03	 7.145999756E+02
 1.361268364E+03	 7.154000244E+02
 1.361802248E+03	 7.150000000E+02
 1.362336076E+03	 7.157999878E+02
 1.362869849E+03	 7.182000122E+02
 1.363403566E+03	 7.220000000E+02
 1.363937227E+03	 7.205999756E+02
 1.364470832E+03	 7.267999878E+02
 1.365004381E+03	 7.270000000E+02
 1.365537875E+03	 7.222000122E+02
 1.366071312E+03	 7.214000244E+02
 1.366604694E+03	 7.247999878E+02
 1.367138020E+03	 7.214000244E+02
 1.367671291E+03	 7.235999756E+02
 1.368204505E+03	 7.254000244E+02
 1.368737664E+03	 7.322000122E+02
 1.369270767E+03	 7.477999878E+02
 1.369803814E+03	 7.782000122E+02
 1.370336805E+03	 7.617999878E+02
 1.370869741E+03	 7.302000122E+02
 1.371402620E+03	 7.255999756E+02
 1.371935445E+03	 7.234000244E+02
 1.372468213E+03	 7.267999878E+02
 1.373000925E+03	 7.304000244E+02
 1.373533582E+03	 7.272000122E+02
 1.374066183E+03	 7.274000244E+02
 1.374598728E+03	 7.345999756E+02
 1.375131218E+03	 7.322000122E+02
 1.375663652E+03	 7.292000122E+02
 1.376196030E+03	 7.345999756E+02
 1.376728352E+03	 7.355999756E+02
 1.377260619E+03	 7.304000244E+02
 1.377792830E+03	 7.402000122E+02
 1.378324985E+03	 7.397999878E+02
 1.378857084E+03	 7.397999878E+02
 1.379389128E+03	 7.424000244E+02
 1.379921116E+03	 7.455999756E+02
 1.380453048E+03	 7.485999756E+02
 1.380984925E+03	 7.500000000E+02
 1.381516746E+03	 7.532000122E+02
 1.382048511E+03	 7.687999878E+02
 1.382580221E+03	 7.664000244E+02
 1.383111874E+03	 7.874000244E+02
 1.383643473E+03	 8.004000244E+02
 1.384175015E+03	 8.330000000E+02
 1.384706502E+03	 8.687999878E+02
 1.385237933E+03	 9.437999878E+02
 1.385769309E+03	 1.098199951E+03
 1.386300629E+03	 1.446199951E+03
 1.386831893E+03	 2.290800049E+03
 1.387363101E+03	 3.392600098E+03
 1.387894254E+03	 3.064199951E+03
 1.388425351E+03	 1.947199951E+03
 1.388956393E+03	 1.260400024E+03
 1.389487379E+03	 1.003799988E+03
 1.390018309E+03	 8.865999756E+02
 1.390549184E+03	 8.372000122E+02
 1.391080003E+03	 8.070000000E+02
 1.391610767E+03	 7.802000122E+02
 1.392141475E+03	 7.710000000E+02
 1.392672127E+03	 7.622000122E+02
 1.393202723E+03	 7.545999756E+02
 1.393733265E+03	 7.510000000E+02
 1.394263750E+03	 7.482000122E+02
 1.394794180E+03	 7.432000122E+02
 1.395324554E+03	 7.425999756E+02
 1.395854873E+03	 7.357999878E+02
 1.396385136E+03	 7.365999756E+02
 1.396915343E+03	 7.355999756E+02
 1.397445495E+03	 7.387999878E+02
 1.397975592E+03	 7.317999878E+02
 1.398505632E+03	 7.365999756E+02
 1.399035618E+03	 7.374000244E+02
 1.399565547E+03	 7.352000122E+02
 1.400095421E+03	 7.332000122E+02
 1.400625240E+03	 7.355999756E+02
 1.401155003E+03	 7.307999878E+02
 1.401684710E+03	 7.350000000E+02
 1.402214362E+03	 7.340000000E+02
 1.402743959E+03	 7.375999756E+02
 1.403273499E+03	 7.382000122E+02
 1.403802985E+03	 7.352000122E+02
 1.404332415E+03	 7.432000122E+02
 1.404861789E+03	 7.447999878E+02
 1.405391108E+03	 7.440000000E+02
 1.405920371E+03	 7.552000122E+02
 1.406449579E+03	 7.615999756E+02
 1.406978731E+03	 7.715999756E+02
 1.407507828E+03	 7.950000000E+02
 1.408036869E+03	 8.137999878E+02
 1.408565854E+03	 8.267999878E+02
 1.409094785E+03	 8.394000244E+02
 1.409623659E+03	 8.270000000E+02
 1.410152479E+03	 8.084000244E+02
 1.410681243E+03	 7.777999878E+02
 1.411209951E+03	 7.652000122E+02
 1.411738604E+03	 7.452000122E+02
 1.412267201E+03	 7.404000244E+02
 1.412795743E+03	 7.300000000E+02
 1.413324230E+03	 7.284000244E+02
 1.413852661E+03	 7.217999878E+02
 1.414381036E+03	 7.192000122E+02
 1.414909356E+03	 7.177999878E+02
 1.415437621E+03	 7.204000244E+02
 1.415965830E+03	 7.167999878E+02
 1.416493984E+03	 7.157999878E+02
 1.417022082E+03	 7.127999878E+02
 1.417550125E+03	 7.145999756E+02
 1.418078113E+03	 7.145999756E+02
 1.418606045E+03	 7.155999756E+02
 1.419133922E+03	 7.164000244E+02
 1.419661743E+03	 7.100000000E+02
 1.420189509E+03	 7.107999878E+02
 1.420717219E+03	 7.077999878E+02
 1.421244874E+03	 7.152000122E+02
 1.421772474E+03	 7.117999878E+02
 1.422300018E+03	 7.140000000E+02
 1.422827507E+03	 7.140000000E+02
 1.423354941E+03	 7.124000244E+02
 1.423882319E+03	 7.180000000E+02
 1.424409642E+03	 7.090000000E+02
 1.424936909E+03	 7.070000000E+02
 1.425464121E+03	 7.114000244E+02
 1.425991278E+03	 7.105999756E+02
 1.426518379E+03	 7.042000122E+02
 1.427045425E+03	 7.097999878E+02
 1.427572416E+03	 7.064000244E+02
 1.428099351E+03	 7.094000244E+02
 1.428626231E+03	 7.065999756E+02
 1.429153055E+03	 7.042000122E+02
 1.429679824E+03	 7.015999756E+02
 1.430206538E+03	 7.050000000E+02
 1.430733197E+03	 7.114000244E+02
 1.431259800E+03	 7.075999756E+02
 1.431786348E+03	 7.044000244E+02
 1.432312841E+03	 7.080000000E+02
 1.432839278E+03	 7.035999756E+02
 1.433365660E+03	 7.064000244E+02
 1.433891987E+03	 7.047999878E+02
 1.434418258E+03	 7.060000000E+02
 1.434944474E+03	 7.012000122E+02
 1.435470635E+03	 7.042000122E+02
 1.435996740E+03	 7.064000244E+02
 1.436522791E+03	 7.072000122E+02
 1.437048786E+03	 7.020000000E+02
 1.437574725E+03	 7.044000244E+02
 1.438100610E+03	 7.024000244E+02
 1.438626439E+03	 7.050000000E+02
 1.439152213E+03	 7.040000000E+02
 1.439677931E+03	 7.044000244E+02
 1.440203595E+03	 7.144000244E+02
 1.440729203E+03	 6.987999878E+02
 1.441254756E+03	 6.987999878E+02
 1.441780253E+03	 7.057999878E+02
 1.442305696E+03	 7.070000000E+02
 1.442831083E+03	 7.032000122E+02
 1.443356415E+03	 7.042000122E+02
 1.443881691E+03	 7.054000244E+02
 1.444406913E+03	 7.024000244E+02
 1.444932079E+03	 6.994000244E+02
 1.445457190E+03	 7.004000244E+02
 1.445982246E+03	 6.970000000E+02
 1.446507246E+03	 7.042000122E+02
 1.447032192E+03	 7.044000244E+02
 1.447557082E+03	 7.020000000E+02
 1.448081917E+03	 7.004000244E+02
 1.448606696E+03	 7.050000000E+02
 1.449131421E+03	 7.037999878E+02
 1.449656090E+03	 7.044000244E+02
 1.450180705E+03	 7.017999878E+02
 1.450705264E+03	 7.030000000E+02
 1.451229768E+03	 6.995999756E+02
 1.451754216E+03	 7.034000244E+02
 1.452278610E+03	 7.057999878E+02
 1.452802948E+03	 7.024000244E+02
 1.453327231E+03	 6.992000122E+02
 1.453851459E+03	 7.014000244E+02
 1.454375632E+03	 7.000000000E+02
 1.454899750E+03	 7.032000122E+02
 1.455423813E+03	 7.047999878E+02
 1.455947820E+03	 7.004000244E+02
 1.456471772E+03	 7.025999756E+02
 1.456995670E+03	 7.034000244E+02
 1.457519512E+03	 7.015999756E+02
 1.458043299E+03	 6.992000122E+02
 1.458567031E+03	 7.012000122E+02
 1.459090707E+03	 7.004000244E+02
 1.459614329E+03	 7.050000000E+02
 1.460137895E+03	 7.037999878E+02
 1.460661407E+03	 6.995999756E+02
 1.461184863E+03	 6.997999878E+02
 1.461708264E+03	 7.014000244E+02
 1.462231610E+03	 7.007999878E+02
 1.462754901E+03	 7.010000000E+02
 1.463278137E+03	 7.047999878E+02
 1.463801318E+03	 7.027999878E+02
 1.464324444E+03	 7.015999756E+02
 1.464847515E+03	 7.014000244E+02
 1.465370530E+03	 7.015999756E+02
 1.465893491E+03	 7.020000000E+02
 1.466416396E+03	 6.994000244E+02
 1.466939247E+03	 6.965999756E+02
 1.467462042E+03	 7.050000000E+02
 1.467984783E+03	 7.000000000E+02
 1.468507468E+03	 7.000000000E+02
 1.469030098E+03	 6.952000122E+02
 1.469552674E+03	 7.037999878E+02
 1.470075194E+03	 7.002000122E+02
 1.470597659E+03	 7.000000000E+02
 1.471120069E+03	 6.972000122E+02
 1.471642424E+03	 6.964000244E+02
 1.472164724E+03	 6.957999878E+02
 1.472686970E+03	 6.985999756E+02
 1.473209160E+03	 6.972000122E+02
 1.473731295E+03	 6.995999756E+02
 1.474253375E+03	 7.000000000E+02
 1.474775400E+03	 7.035999756E+02
 1.475297370E+03	 7.000000000E+02
 1.475819285E+03	 7.005999756E+02
 1.476341145E+03	 6.982000122E+02
 1.476862950E+03	 6.942000122E+02
 1.477384701E+03	 6.970000000E+02
 1.477906396E+03	 6.945999756E+02
 1.478428036E+03	 7.017999878E+02
 1.478949621E+03	 7.002000122E+02
 1.479471152E+03	 6.975999756E+02
 1.479992627E+03	 7.010000000E+02
 1.480514047E+03	 6.975999756E+02
 1.481035413E+03	 6.955999756E+02
 1.481556723E+03	 6.995999756E+02
 1.482077979E+03	 6.980000000E+02
 1.482599180E+03	 6.992000122E+02
 1.483120325E+03	 6.984000244E+02
 1.483641416E+03	 6.975999756E+02
 1.484162452E+03	 6.985999756E+02
 1.484683433E+03	 6.990000000E+02
 1.485204359E+03	 6.992000122E+02
 1.485725230E+03	 6.990000000E+02
 1.486246046E+03	 6.960000000E+02
 1.486766807E+03	 6.957999878E+02
 1.487287514E+03	 6.950000000E+02
 1.487808165E+03	 6.982000122E+02
 1.488328762E+03	 6.947999878E+02
 1.488849303E+03	 6.965999756E+02
 1.489369790E+03	 6.940000000E+02
 1.489890222E+03	 6.972000122E+02
 1.490410599E+03	 6.987999878E+02
 1.490930921E+03	 6.992000122E+02
 1.491451188E+03	 7.014000244E+02
 1.491971401E+03	 6.957999878E+02
 1.492491558E+03	 6.944000244E+02
 1.493011661E+03	 6.944000244E+02
 1.493531709E+03	 6.957999878E+02
 1.494051702E+03	 6.957999878E+02
 1.494571640E+03	 6.974000244E+02
 1.495091523E+03	 6.954000244E+02
 1.495611352E+03	 6.980000000E+02
 1.496131125E+03	 6.962000122E+02
 1.496650844E+03	 7.007999878E+02
 1.497170508E+03	 6.985999756E+02
 1.497690117E+03	 6.937999878E+02
 1.498209671E+03	 6.955999756E+02
 1.498729171E+03	 6.945999756E+02
 1.499248616E+03	 6.947999878E+02
 1.499768005E+03	 6.987999878E+02
 1.500287340E+03	 6.922000122E+02
 1.500806621E+03	 6.967999878E+02
 1.501325846E+03	 6.934000244E+02
 1.501845017E+03	 6.930000000E+02
 1.502364133E+03	 6.935999756E+02
 1.502883194E+03	 6.935999756E+02
 1.503402200E+03	 6.942000122E+02
 1.503921152E+03	 6.954000244E+02
 1.504440049E+03	 6.947999878E+02
 1.504958891E+03	 6.964000244E+02
 1.505477678E+03	 6.922000122E+02
 1.505996410E+03	 6.940000000E+02
 1.506515088E+03	 6.967999878E+02
 1.507033711E+03	 6.984000244E+02
 1.507552279E+03	 6.922000122E+02
 1.508070793E+03	 7.014000244E+02
 1.508589251E+03	 6.920000000E+02
 1.509107655E+03	 6.947999878E+02
 1.509626005E+03	 6.992000122E+02
 1.510144299E+03	 6.955999756E+02
 1.510662539E+03	 6.974000244E+02
 1.511180724E+03	 6.932000122E+02
 1.511698854E+03	 6.945999756E+02
 1.512216930E+03	 6.917999878E+02
 1.512734951E+03	 6.975999756E+02
 1.513252917E+03	 6.954000244E+02
 1.513770829E+03	 6.950000000E+02
 1.514288686E+03	 6.960000000E+02
 1.514806488E+03	 6.984000244E+02
 1.515324235E+03	 6.945999756E+02
 1.515841928E+03	 6.937999878E+02
 1.516359566E+03	 6.950000000E+02
 1.516877149E+03	 6.920000000E+02
 1.517394678E+03	 6.955999756E+02
 1.517912152E+03	 6.945999756E+02
 1.518429572E+03	 6.940000000E+02
 1.518946936E+03	 6.967999878E+02
 1.519464246E+03	 6.907999878E+02
 1.519981502E+03	 6.954000244E+02
 1.520498702E+03	 6.942000122E+02
 1.521015849E+03	 6.965999756E+02
 1.521532940E+03	 6.977999878E+02
 1.522049977E+03	 6.960000000E+02
 1.522566959E+03	 6.965999756E+02
 1.523083887E+03	 6.974000244E+02
 1.523600760E+03	 6.932000122E+02
 1.524117578E+03	 6.984000244E+02
 1.524634342E+03	 6.984000244E+02
 1.525151051E+03	 6.945999756E+02
 1.525667705E+03	 6.942000122E+02
 1.526184305E+03	 6.967999878E+02
 1.526700850E+03	 6.954000244E+02
 1.527217341E+03	 6.905999756E+02
 1.527733777E+03	 6.984000244E+02
 1.528250158E+03	 6.925999756E+02
 1.528766485E+03	 6.972000122E+02
 1.529282757E+03	 6.965999756E+02
 1.529798975E+03	 6.900000000E+02
 1.530315138E+03	 6.952000122E+02
 1.530831247E+03	 6.875999756E+02
 1.531347301E+03	 6.935999756E+02
 1.531863300E+03	 6.932000122E+02
 1.532379245E+03	 6.924000244E+02
 1.532895135E+03	 6.952000122E+02
 1.533410971E+03	 6.944000244E+02
 1.533926752E+03	 6.940000000E+02
 1.534442479E+03	 6.964000244E+02
 1.534958151E+03	 7.017999878E+02
 1.535473769E+03	 6.927999878E+02
 1.535989332E+03	 6.927999878E+02
 1.536504840E+03	 6.937999878E+02
 1.537020294E+03	 6.954000244E+02
 1.537535694E+03	 6.930000000E+02
 1.538051039E+03	 6.962000122E+02
 1.538566329E+03	 6.935999756E+02
 1.539081565E+03	 6.955999756E+02
 1.539596746E+03	 6.934000244E+02
 1.540111873E+03	 6.935999756E+02
 1.540626946E+03	 6.975999756E+02
 1.541141964E+03	 6.994000244E+02
 1.541656927E+03	 6.930000000E+02
 1.542171836E+03	 6.957999878E+02
 1.542686690E+03	 6.942000122E+02
 1.543201490E+03	 6.952000122E+02
 1.543716236E+03	 6.937999878E+02
 1.544230927E+03	 6.927999878E+02
 1.544745563E+03	 6.915999756E+02
 1.545260146E+03	 6.952000122E+02
 1.545774673E+03	 6.955999756E+02
 1.546289146E+03	 6.967999878E+02
 1.546803565E+03	 6.937999878E+02
 1.547317929E+03	 6.924000244E+02
 1.547832239E+03	 6.970000000E+02
 1.548346495E+03	 6.985999756E+02
 1.548860696E+03	 6.965999756E+02
 1.549374842E+03	 6.915999756E+02
 1.549888934E+03	 6.985999756E+02
 1.550402972E+03	 6.932000122E+02
 1.550916955E+03	 6.957999878E+02
 1.551430884E+03	 6.932000122E+02
 1.551944758E+03	 6.952000122E+02
 1.552458578E+03	 6.957999878E+02
 1.552972344E+03	 6.927999878E+02
 1.553486055E+03	 6.955999756E+02
 1.553999712E+03	 6.947999878E+02
 1.554513315E+03	 6.970000000E+02
 1.555026863E+03	 6.965999756E+02
 1.555540356E+03	 6.932000122E+02
 1.556053796E+03	 6.977999878E+02
 1.556567180E+03	 6.944000244E+02
 1.557080511E+03	 6.914000244E+02
 1.557593787E+03	 6.935999756E+02
 1.558107009E+03	 6.907999878E+02
 1.558620176E+03	 6.922000122E+02
 1.559133289E+03	 6.990000000E+02
 1.559646348E+03	 6.970000000E+02
 1.560159352E+03	 6.937999878E+02
 1.560672302E+03	 6.934000244E+02
 1.561185198E+03	 6.942000122E+02
 1.561698039E+03	 6.940000000E+02
 1.562210826E+03	 6.962000122E+02
 1.562723559E+03	 6.977999878E+02
 1.563236237E+03	 6.910000000E+02
 1.563748862E+03	 6.982000122E+02
 1.564261431E+03	 6.955999756E+02
 1.564773947E+03	 6.940000000E+02
 1.565286408E+03	 6.962000122E+02
 1.565798814E+03	 6.924000244E+02
 1.566311167E+03	 6.970000000E+02
 1.566823465E+03	 6.955999756E+02
 1.567335709E+03	 6.930000000E+02
 1.567847899E+03	 6.975999756E+02
 1.568360034E+03	 6.960000000E+02
 1.568872115E+03	 6.947999878E+02
 1.569384142E+03	 6.962000122E+02
 1.569896114E+03	 6.997999878E+02
 1.570408032E+03	 6.987999878E+02
 1.570919896E+03	 6.987999878E+02
 1.571431706E+03	 6.932000122E+02
 1.571943461E+03	 6.927999878E+02
 1.572455162E+03	 6.932000122E+02
 1.572966809E+03	 6.927999878E+02
 1.573478402E+03	 6.942000122E+02
 1.573989940E+03	 6.965999756E+02
 1.574501424E+03	 6.950000000E+02
 1.575012854E+03	 6.962000122E+02
 1.575524230E+03	 6.944000244E+02
 1.576035552E+03	 6.957999878E+02
 1.576546819E+03	 6.974000244E+02
 1.577058032E+03	 6.965999756E+02
 1.577569191E+03	 6.957999878E+02
 1.578080295E+03	 6.952000122E+02
 1.578591345E+03	 6.957999878E+02
 1.579102342E+03	 6.912000122E+02
 1.579613284E+03	 6.962000122E+02
 1.580124171E+03	 6.952000122E+02
 1.580635005E+03	 6.937999878E+02
 1.581145784E+03	 6.962000122E+02
 1.581656510E+03	 6.984000244E+02
 1.582167181E+03	 6.977999878E+02
 1.582677797E+03	 6.987999878E+02
 1.583188360E+03	 6.954000244E+02
 1.583698869E+03	 6.942000122E+02
 1.584209323E+03	 6.942000122E+02
 1.584719723E+03	 6.937999878E+02
 1.585230069E+03	 6.907999878E+02
 1.585740361E+03	 6.952000122E+02
 1.586250599E+03	 6.950000000E+02
 1.586760782E+03	 6.954000244E+02
 1.587270912E+03	 6.934000244E+02
 1.587780987E+03	 6.945999756E+02
 1.588291008E+03	 6.960000000E+02
 1.588800975E+03	 6.967999878E+02
 1.589310888E+03	 6.917999878E+02
 1.589820747E+03	 6.980000000E+02
 1.590330551E+03	 6.894000244E+02
 1.590840302E+03	 6.995999756E+02
 1.591349998E+03	 6.964000244E+02
 1.591859640E+03	 6.990000000E+02
 1.592369229E+03	 6.952000122E+02
 1.592878763E+03	 6.980000000E+02
 1.593388243E+03	 6.957999878E+02
 1.593897669E+03	 6.962000122E+02
 1.594407040E+03	 6.940000000E+02
 1.594916358E+03	 6.954000244E+02
 1.595425622E+03	 6.952000122E+02
 1.595934831E+03	 6.972000122E+02
 1.596443987E+03	 6.960000000E+02
 1.596953088E+03	 6.960000000E+02
 1.597462136E+03	 6.957999878E+02
 1.597971129E+03	 6.997999878E+02
 1.598480068E+03	 6.972000122E+02
 1.598988953E+03	 6.984000244E+02
 1.599497785E+03	 6.962000122E+02
 1.600006562E+03	 6.995999756E+02
 1.600515285E+03	 6.942000122E+02
 1.601023954E+03	 6.982000122E+02
 1.601532569E+03	 7.022000122E+02
 1.602041130E+03	 6.980000000E+02
 1.602549637E+03	 7.007999878E+02
 1.603058090E+03	 6.997999878E+02
 1.603566488E+03	 6.984000244E+02
 1.604074833E+03	 6.980000000E+02
 1.604583124E+03	 6.950000000E+02
 1.605091361E+03	 7.067999878E+02
 1.605599544E+03	 7.060000000E+02
 1.606107673E+03	 7.034000244E+02
 1.606615748E+03	 7.044000244E+02
 1.607123768E+03	 7.044000244E+02
 1.607631735E+03	 7.074000244E+02
 1.608139648E+03	 7.030000000E+02
 1.608647507E+03	 7.054000244E+02
 1.609155312E+03	 7.017999878E+02
 1.609663063E+03	 7.064000244E+02
 1.610170760E+03	 7.057999878E+02
 1.610678403E+03	 7.002000122E+02
 1.611185992E+03	 7.042000122E+02
 1.611693527E+03	 7.017999878E+02
 1.612201009E+03	 7.012000122E+02
 1.612708436E+03	 7.044000244E+02
 1.613215809E+03	 7.025999756E+02
 1.613723128E+03	 7.030000000E+02
 1.614230394E+03	 7.032000122E+02
 1.614737605E+03	 7.035999756E+02
 1.615244763E+03	 7.002000122E+02
 1.615751866E+03	 7.002000122E+02
 1.616258916E+03	 6.992000122E+02
